   3.1000000e+01   1.0000000e+00   0.0000000e+00
   3.2000000e+01   1.0000000e+00   0.0000000e+00
   3.3000000e+01   1.0000000e+00   0.0000000e+00
   3.4000000e+01   1.0000000e+00   0.0000000e+00
   3.5000000e+01   1.0000000e+00   0.0000000e+00
   3.6000000e+01   1.0000000e+00   0.0000000e+00
   3.7000000e+01   1.0000000e+00   0.0000000e+00
   3.8000000e+01   1.0000000e+00   0.0000000e+00
   3.9000000e+01   1.0000000e+00   0.0000000e+00
   4.0000000e+01   1.0000000e+00   0.0000000e+00
   4.1000000e+01   1.0000000e+00   0.0000000e+00
   4.2000000e+01   1.0000000e+00   0.0000000e+00
   4.3000000e+01   1.0000000e+00   0.0000000e+00
   4.4000000e+01   1.0000000e+00   0.0000000e+00
   4.5000000e+01   1.0000000e+00   0.0000000e+00
   4.6000000e+01   1.0000000e+00   0.0000000e+00
   4.7000000e+01   1.0000000e+00   0.0000000e+00
   4.8000000e+01   1.0000000e+00   0.0000000e+00
   4.9000000e+01   1.0000000e+00   0.0000000e+00
   5.0000000e+01   1.0000000e+00   0.0000000e+00
   5.1000000e+01   1.0000000e+00   0.0000000e+00
   5.2000000e+01   1.0000000e+00   0.0000000e+00
   5.3000000e+01   1.0000000e+00   0.0000000e+00
   5.4000000e+01   1.0000000e+00   0.0000000e+00
   5.5000000e+01   1.0000000e+00   0.0000000e+00
   5.6000000e+01   1.0000000e+00   0.0000000e+00
   5.7000000e+01   1.0000000e+00   0.0000000e+00
   5.8000000e+01   1.0000000e+00   0.0000000e+00
   5.9000000e+01   1.0000000e+00   0.0000000e+00
   6.0000000e+01   1.0000000e+00   0.0000000e+00
   6.1000000e+01   1.0000000e+00   0.0000000e+00
   6.2000000e+01   1.0000000e+00   0.0000000e+00
   6.3000000e+01   1.0000000e+00   0.0000000e+00
   6.4000000e+01   1.0000000e+00   0.0000000e+00
   6.5000000e+01   1.0000000e+00   0.0000000e+00
   6.6000000e+01   1.0000000e+00   0.0000000e+00
   6.7000000e+01   1.0000000e+00   0.0000000e+00
   6.8000000e+01   1.0000000e+00   0.0000000e+00
   6.9000000e+01   1.0000000e+00   0.0000000e+00
   7.0000000e+01   1.0000000e+00   0.0000000e+00
   7.1000000e+01   1.0000000e+00   0.0000000e+00
   7.2000000e+01   1.0000000e+00   0.0000000e+00
   7.3000000e+01   1.0000000e+00   0.0000000e+00
   7.4000000e+01   1.0000000e+00   0.0000000e+00
   7.5000000e+01   1.0000000e+00   0.0000000e+00
   7.6000000e+01   1.0000000e+00   0.0000000e+00
   7.7000000e+01   1.0000000e+00   0.0000000e+00
   7.8000000e+01   1.0000000e+00   0.0000000e+00
   7.9000000e+01   1.0000000e+00   0.0000000e+00
   8.0000000e+01   1.0000000e+00   0.0000000e+00
   8.1000000e+01   1.0000000e+00   0.0000000e+00
   8.2000000e+01   1.0000000e+00   0.0000000e+00
   8.3000000e+01   1.0000000e+00   0.0000000e+00
   8.4000000e+01   1.0000000e+00   0.0000000e+00
   8.5000000e+01   1.0000000e+00   0.0000000e+00
   8.6000000e+01   1.0000000e+00   0.0000000e+00
   8.7000000e+01   1.0000000e+00   0.0000000e+00
   8.8000000e+01   1.0000000e+00   0.0000000e+00
   8.9000000e+01   1.0000000e+00   0.0000000e+00
   9.0000000e+01   1.0000000e+00   0.0000000e+00
   9.1000000e+01   1.0000000e+00   0.0000000e+00
   9.2000000e+01   1.0000000e+00   0.0000000e+00
   9.3000000e+01   1.0000000e+00   0.0000000e+00
   9.4000000e+01   1.0000000e+00   0.0000000e+00
   9.5000000e+01   1.0000000e+00   0.0000000e+00
   9.6000000e+01   1.0000000e+00   0.0000000e+00
   9.7000000e+01   1.0000000e+00   0.0000000e+00
   9.8000000e+01   1.0000000e+00   0.0000000e+00
   9.9000000e+01   1.0000000e+00   0.0000000e+00
   1.0000000e+02   1.0000000e+00   0.0000000e+00
   1.0100000e+02   1.0000000e+00   0.0000000e+00
   1.0200000e+02   1.0000000e+00   0.0000000e+00
   1.0300000e+02   1.0000000e+00   0.0000000e+00
   1.0400000e+02   1.0000000e+00   0.0000000e+00
   1.0500000e+02   1.0000000e+00   0.0000000e+00
   1.0600000e+02   1.0000000e+00   0.0000000e+00
   1.0700000e+02   1.0000000e+00   0.0000000e+00
   1.0800000e+02   1.0000000e+00   0.0000000e+00
   1.0900000e+02   1.0000000e+00   0.0000000e+00
   1.1000000e+02   1.0000000e+00   0.0000000e+00
   1.1100000e+02   1.0000000e+00   0.0000000e+00
   1.1200000e+02   1.0000000e+00   0.0000000e+00
   1.1300000e+02   1.0000000e+00   0.0000000e+00
   1.1400000e+02   1.0000000e+00   0.0000000e+00
   1.1500000e+02   1.0000000e+00   0.0000000e+00
   1.1600000e+02   1.0000000e+00   0.0000000e+00
   1.1700000e+02   1.0000000e+00   0.0000000e+00
   1.1800000e+02   1.0000000e+00   0.0000000e+00
   1.1900000e+02   1.0000000e+00   0.0000000e+00
   1.2000000e+02   1.0000000e+00   0.0000000e+00
   1.2100000e+02   1.0000000e+00   0.0000000e+00
   1.2200000e+02   1.0000000e+00   0.0000000e+00
   1.2300000e+02   1.0000000e+00   0.0000000e+00
   1.2400000e+02   1.0000000e+00   0.0000000e+00
   1.2500000e+02   1.0000000e+00   0.0000000e+00
   1.2600000e+02   1.0000000e+00   0.0000000e+00
   1.2700000e+02   1.0000000e+00   0.0000000e+00
   1.2800000e+02   1.0000000e+00   0.0000000e+00
   1.2900000e+02   1.0000000e+00   0.0000000e+00
   1.3000000e+02   1.0000000e+00   0.0000000e+00
   1.3100000e+02   1.0000000e+00   0.0000000e+00
   1.3200000e+02   1.0000000e+00   0.0000000e+00
   1.3300000e+02   1.0000000e+00   0.0000000e+00
   1.3400000e+02   1.0000000e+00   0.0000000e+00
   1.3500000e+02   1.0000000e+00   0.0000000e+00
   1.3600000e+02   1.0000000e+00   0.0000000e+00
   1.3700000e+02   1.0000000e+00   0.0000000e+00
   1.3800000e+02   1.0000000e+00   0.0000000e+00
   1.3900000e+02   1.0000000e+00   0.0000000e+00
   1.4000000e+02   1.0000000e+00   0.0000000e+00
   1.4100000e+02   1.0000000e+00   0.0000000e+00
   1.4200000e+02   1.0000000e+00   0.0000000e+00
   1.4300000e+02   1.0000000e+00   0.0000000e+00
   1.4400000e+02   1.0000000e+00   0.0000000e+00
   1.4500000e+02   1.0000000e+00   0.0000000e+00
   1.4600000e+02   1.0000000e+00   0.0000000e+00
   1.4700000e+02   1.0000000e+00   0.0000000e+00
   1.4800000e+02   1.0000000e+00   0.0000000e+00
   1.4900000e+02   1.0000000e+00   0.0000000e+00
   1.5000000e+02   1.0000000e+00   0.0000000e+00
   1.5100000e+02   1.0000000e+00   0.0000000e+00
   1.5200000e+02   1.0000000e+00   0.0000000e+00
   1.5300000e+02   1.0000000e+00   0.0000000e+00
   1.5400000e+02   1.0000000e+00   0.0000000e+00
   1.5500000e+02   1.0000000e+00   0.0000000e+00
   1.5600000e+02   1.0000000e+00   0.0000000e+00
   1.5700000e+02   1.0000000e+00   0.0000000e+00
   1.5800000e+02   1.0000000e+00   0.0000000e+00
   1.5900000e+02   1.0000000e+00   0.0000000e+00
   1.6000000e+02   1.0000000e+00   0.0000000e+00
   1.6100000e+02   1.0000000e+00   0.0000000e+00
   1.6200000e+02   1.0000000e+00   0.0000000e+00
   1.6300000e+02   1.0000000e+00   0.0000000e+00
   1.6400000e+02   1.0000000e+00   0.0000000e+00
   1.6500000e+02   1.0000000e+00   0.0000000e+00
   1.6600000e+02   1.0000000e+00   0.0000000e+00
   1.6700000e+02   1.0000000e+00   0.0000000e+00
   1.6800000e+02   1.0000000e+00   0.0000000e+00
   1.6900000e+02   1.0000000e+00   0.0000000e+00
   1.7000000e+02   1.0000000e+00   0.0000000e+00
   1.7100000e+02   1.0000000e+00   0.0000000e+00
   1.7200000e+02   1.0000000e+00   0.0000000e+00
   1.7300000e+02   1.0000000e+00   0.0000000e+00
   1.7400000e+02   1.0000000e+00   0.0000000e+00
   1.7500000e+02   1.0000000e+00   0.0000000e+00
   1.7600000e+02   1.0000000e+00   0.0000000e+00
   1.7700000e+02   1.0000000e+00   0.0000000e+00
   1.7800000e+02   1.0000000e+00   0.0000000e+00
   1.7900000e+02   1.0000000e+00   2.6571429e-04
   1.8000000e+02   1.0000000e+00   3.8742857e-03
   1.8100000e+02   1.0000000e+00   3.2742857e-03
   1.8200000e+02   1.0000000e+00   2.3142857e-03
   1.8300000e+02   1.0000000e+00   1.7314286e-03
   1.8400000e+02   1.0000000e+00   2.5285714e-03
   1.8500000e+02   1.0000000e+00   2.7857143e-03
   1.8600000e+02   1.0000000e+00   2.8028571e-03
   1.8700000e+02   1.0000000e+00   2.7600000e-03
   1.8800000e+02   1.0000000e+00   1.7914286e-03
   1.8900000e+02   1.0000000e+00   1.6457143e-03
   1.9000000e+02   1.0000000e+00   1.6457143e-03
   1.9100000e+02   1.0000000e+00   1.5428571e-03
   1.9200000e+02   1.0000000e+00   1.3371429e-03
   1.9300000e+02   1.0000000e+00   1.1228571e-03
   1.9400000e+02   1.0000000e+00   7.2000000e-04
   1.9500000e+02   1.0000000e+00   1.0714286e-03
   1.9600000e+02   1.0000000e+00   1.3371429e-03
   1.9700000e+02   1.0000000e+00   1.3371429e-03
   1.9800000e+02   1.0000000e+00   1.6971429e-03
   1.9900000e+02   1.0000000e+00   2.9828571e-03
   2.0000000e+02   1.0000000e+00   4.7828571e-03
   2.0100000e+02   1.0000000e+00   4.8000000e-03
   2.0200000e+02   1.0000000e+00   4.3028571e-03
   2.0300000e+02   1.0000000e+00   3.8057143e-03
   2.0400000e+02   1.0000000e+00   3.2485714e-03
   2.0500000e+02   1.0000000e+00   2.3142857e-03
   2.0600000e+02   1.0000000e+00   4.6714286e-03
   2.0700000e+02   1.0000000e+00   8.4171429e-03
   2.0800000e+02   1.0000000e+00   8.1685714e-03
   2.0900000e+02   1.0000000e+00   6.7542857e-03
   2.1000000e+02   1.0000000e+00   5.7942857e-03
   2.1100000e+02   1.0000000e+00   4.7657143e-03
   2.1200000e+02   1.0000000e+00   3.6171429e-03
   2.1300000e+02   1.0000000e+00   2.6400000e-03
   2.1400000e+02   1.0000000e+00   1.9371429e-03
   2.1500000e+02   1.0000000e+00   1.6457143e-03
   2.1600000e+02   1.0000000e+00   1.5428571e-03
   2.1700000e+02   1.0000000e+00   1.2342857e-03
   2.1800000e+02   1.0000000e+00   1.1314286e-03
   2.1900000e+02   1.0000000e+00   9.0000000e-04
   2.2000000e+02   1.0000000e+00   5.1428571e-04
   2.2100000e+02   1.0000000e+00   4.1142857e-04
   2.2200000e+02   1.0000000e+00   3.0857143e-04
   2.2300000e+02   1.0000000e+00   1.0285714e-04
   2.2400000e+02   1.0000000e+00   0.0000000e+00
   2.2500000e+02   1.0000000e+00   0.0000000e+00
   2.2600000e+02   1.0000000e+00   0.0000000e+00
   2.2700000e+02   1.0000000e+00   0.0000000e+00
   2.2800000e+02   1.0000000e+00   0.0000000e+00
   2.2900000e+02   1.0000000e+00   0.0000000e+00
   2.3000000e+02   1.0000000e+00   4.2857143e-05
   2.3100000e+02   1.0000000e+00   4.2857143e-04
   2.3200000e+02   1.0000000e+00   7.2000000e-04
   2.3300000e+02   1.0000000e+00   9.2571429e-04
   2.3400000e+02   1.0000000e+00   1.0285714e-03
   2.3500000e+02   1.0000000e+00   1.0285714e-03
   2.3600000e+02   1.0000000e+00   1.5428571e-03
   2.3700000e+02   1.0000000e+00   1.0225714e-01
   2.3800000e+02   1.0000000e+00   1.2942857e-01
   2.3900000e+02   1.0000000e+00   1.2137143e-01
   2.4000000e+02   1.0000000e+00   1.2985714e-01
   2.4100000e+02   1.0000000e+00   9.7628571e-02
   2.4200000e+02   1.0000000e+00   7.0602857e-02
   2.4300000e+02   1.0000000e+00   6.9385714e-02
   2.4400000e+02   1.0000000e+00   7.9105714e-02
   2.4500000e+02   1.0000000e+00   1.3097143e-01
   2.4600000e+02   1.0000000e+00   1.5497143e-01
   2.4700000e+02   1.0000000e+00   1.9071429e-01
   2.4800000e+02   1.0000000e+00   1.5437143e-01
   2.4900000e+02   1.0000000e+00   1.2557143e-01
   2.5000000e+02   1.0000000e+00   2.0382857e-01
   2.5100000e+02   1.0000000e+00   1.5745714e-01
   2.5200000e+02   1.0000000e+00   1.1022857e-01
   2.5300000e+02   1.0000000e+00   9.5914286e-02
   2.5400000e+02   1.0000000e+00   1.2471429e-01
   2.5500000e+02   1.0000000e+00   1.7142857e-01
   2.5600000e+02   1.0000000e+00   4.4794286e-01
   2.5700000e+02   1.0000000e+00   3.6025714e-01
   2.5800000e+02   1.0000000e+00   2.2962857e-01
   2.5900000e+02   1.0000000e+00   1.7468571e-01
   2.6000000e+02   1.0000000e+00   2.1668571e-01
   2.6100000e+02   1.0000000e+00   3.8348571e-01
   2.6200000e+02   1.0000000e+00   4.1040000e-01
   2.6300000e+02   1.0000000e+00   3.4028571e-01
   2.6400000e+02   1.0000000e+00   2.3202857e-01
   2.6500000e+02   1.0000000e+00   1.7408571e-01
   2.6600000e+02   1.0000000e+00   4.1717143e-01
   2.6700000e+02   1.0000000e+00   7.5042857e-01
   2.6800000e+02   1.0000000e+00   6.0025714e-01
   2.6900000e+02   1.0000000e+00   4.5068571e-01
   2.7000000e+02   1.0000000e+00   5.2842857e-01
   2.7100000e+02   1.0000000e+00   8.0485714e-01
   2.7200000e+02   1.0000000e+00   8.9400000e-01
   2.7300000e+02   1.0000000e+00   7.0877143e-01
   2.7400000e+02   1.0000000e+00   1.0928571e+00
   2.7500000e+02   1.0000000e+00   1.5154286e+00
   2.7600000e+02   1.0000000e+00   1.7571429e+00
   2.7700000e+02   1.0000000e+00   1.8608571e+00
   2.7800000e+02   1.0000000e+00   1.5651429e+00
   2.7900000e+02   1.0000000e+00   1.3842857e+00
   2.8000000e+02   1.0000000e+00   1.2025714e+00
   2.8100000e+02   1.0000000e+00   1.2848571e+00
   2.8200000e+02   1.0000000e+00   1.2300000e+00
   2.8300000e+02   1.0000000e+00   9.7714286e-01
   2.8400000e+02   1.0000000e+00   1.0242857e+00
   2.8500000e+02   1.0000000e+00   1.1245714e+00
   2.8600000e+02   1.0000000e+00   1.5625714e+00
   2.8700000e+02   1.0000000e+00   1.8745714e+00
   2.8800000e+02   1.0000000e+00   2.0622857e+00
   2.8900000e+02   1.0000000e+00   2.2877143e+00
   2.9000000e+02   1.0000000e+00   2.1377143e+00
   2.9100000e+02   1.0000000e+00   1.7288571e+00
   2.9200000e+02   1.0000000e+00   1.3928571e+00
   2.9300000e+02   1.0000000e+00   1.0868571e+00
   2.9400000e+02   1.0000000e+00   1.0577143e+00
   2.9500000e+02   1.0000000e+00   1.2882857e+00
   2.9600000e+02   1.0000000e+00   1.5642857e+00
   2.9700000e+02   1.0000000e+00   1.5454286e+00
   2.9800000e+02   1.0000000e+00   1.5042857e+00
   2.9900000e+02   1.0000000e+00   1.5831429e+00
   3.0000000e+02   1.0000000e+00   1.4254286e+00
   3.0100000e+02   1.0000000e+00   1.1974286e+00
   3.0200000e+02   1.0000000e+00   1.1340000e+00
   3.0300000e+02   1.0000000e+00   1.1494286e+00
   3.0400000e+02   1.0000000e+00   1.0542857e+00
   3.0500000e+02   1.0000000e+00   9.9771429e-01
   3.0600000e+02   1.0000000e+00   1.0131429e+00
   3.0700000e+02   1.0000000e+00   9.6600000e-01
   3.0800000e+02   1.0000000e+00   8.9142857e-01
   3.0900000e+02   1.0000000e+00   8.1754286e-01
   3.1000000e+02   1.0000000e+00   6.9334286e-01
   3.1100000e+02   1.0000000e+00   7.9500000e-01
   3.1200000e+02   1.0000000e+00   1.5308571e+00
   3.1300000e+02   1.0000000e+00   1.4614286e+00
   3.1400000e+02   1.0000000e+00   1.4348571e+00
   3.1500000e+02   1.0000000e+00   1.0645714e+00
   3.1600000e+02   1.0000000e+00   9.7200000e-01
   3.1700000e+02   1.0000000e+00   9.9685714e-01
   3.1800000e+02   1.0000000e+00   1.0071429e+00
   3.1900000e+02   1.0000000e+00   9.9685714e-01
   3.2000000e+02   1.0000000e+00   8.0725714e-01
   3.2100000e+02   1.0000000e+00   6.8631429e-01
   3.2200000e+02   1.0000000e+00   6.0394286e-01
   3.2300000e+02   1.0000000e+00   5.8311429e-01
   3.2400000e+02   1.0000000e+00   6.0548571e-01
   3.2500000e+02   1.0000000e+00   5.6974286e-01
   3.2600000e+02   1.0000000e+00   4.8214286e-01
   3.2700000e+02   1.0000000e+00   4.1940000e-01
   3.2800000e+02   1.0000000e+00   3.8991429e-01
   3.2900000e+02   1.0000000e+00   4.1957143e-01
   3.3000000e+02   1.0000000e+00   4.0791429e-01
   3.3100000e+02   1.0000000e+00   3.4945714e-01
   3.3200000e+02   1.0000000e+00   3.0960000e-01
   3.3300000e+02   1.0000000e+00   2.7325714e-01
   3.3400000e+02   1.0000000e+00   2.4111429e-01
   3.3500000e+02   1.0000000e+00   2.1454286e-01
   3.3600000e+02   1.0000000e+00   2.0580000e-01
   3.3700000e+02   1.0000000e+00   1.8625714e-01
   3.3800000e+02   1.0000000e+00   1.6817143e-01
   3.3900000e+02   1.0000000e+00   1.4785714e-01
   3.4000000e+02   1.0000000e+00   1.3191429e-01
   3.4100000e+02   1.0000000e+00   1.1648571e-01
   3.4200000e+02   1.0000000e+00   1.0534286e-01
   3.4300000e+02   1.0000000e+00   9.2228571e-02
   3.4400000e+02   1.0000000e+00   8.5337143e-02
   3.4500000e+02   1.0000000e+00   7.3405714e-02
   3.4600000e+02   1.0000000e+00   6.7080000e-02
   3.4700000e+02   1.0000000e+00   6.4620000e-02
   3.4800000e+02   1.0000000e+00   5.2097143e-02
   3.4900000e+02   1.0000000e+00   4.6260000e-02
   3.5000000e+02   1.0000000e+00   4.3174286e-02
   3.5100000e+02   1.0000000e+00   3.7131429e-02
   3.5200000e+02   1.0000000e+00   3.5142857e-02
   3.5300000e+02   1.0000000e+00   2.9545714e-02
   3.5400000e+02   1.0000000e+00   2.3897143e-02
   3.5500000e+02   1.0000000e+00   1.4597143e-02
   3.5600000e+02   1.0000000e+00   1.1631429e-02
   3.5700000e+02   1.0000000e+00   9.2914286e-03
   3.5800000e+02   1.0000000e+00   7.7742857e-03
   3.5900000e+02   1.0000000e+00   7.0457143e-03
   3.6000000e+02   1.0000000e+00   6.5314286e-03
   3.6100000e+02   1.0000000e+00   5.9914286e-03
   3.6200000e+02   1.0000000e+00   4.5000000e-03
   3.6300000e+02   1.0000000e+00   3.0857143e-03
   3.6400000e+02   1.0000000e+00   2.5542857e-03
   3.6500000e+02   1.0000000e+00   2.0742857e-03
   3.6600000e+02   1.0000000e+00   1.8514286e-03
   3.6700000e+02   1.0000000e+00   1.5342857e-03
   3.6800000e+02   1.0000000e+00   1.2257143e-03
   3.6900000e+02   1.0000000e+00   1.0028571e-03
   3.7000000e+02   1.0000000e+00   5.4857143e-04
   3.7100000e+02   1.0000000e+00   3.9428571e-04
   3.7200000e+02   1.0000000e+00   2.0571429e-04
   3.7300000e+02   1.0000000e+00   1.7142857e-05
   3.7400000e+02   1.0000000e+00   0.0000000e+00
   3.7500000e+02   1.0000000e+00   0.0000000e+00
   3.7600000e+02   1.0000000e+00   0.0000000e+00
   3.7700000e+02   1.0000000e+00   0.0000000e+00
   3.7800000e+02   1.0000000e+00   0.0000000e+00
   3.7900000e+02   1.0000000e+00   0.0000000e+00
   3.8000000e+02   1.0000000e+00   0.0000000e+00
   3.8100000e+02   1.0000000e+00   0.0000000e+00
   3.8200000e+02   1.0000000e+00   0.0000000e+00
   3.8300000e+02   1.0000000e+00   0.0000000e+00
   3.8400000e+02   1.0000000e+00   0.0000000e+00
   3.8500000e+02   1.0000000e+00   0.0000000e+00
   3.8600000e+02   1.0000000e+00   0.0000000e+00
   3.8700000e+02   1.0000000e+00   0.0000000e+00
   3.8800000e+02   1.0000000e+00   0.0000000e+00
   3.8900000e+02   1.0000000e+00   0.0000000e+00
   3.9000000e+02   1.0000000e+00   0.0000000e+00
   3.9100000e+02   1.0000000e+00   0.0000000e+00
   3.9200000e+02   1.0000000e+00   0.0000000e+00
   3.9300000e+02   1.0000000e+00   0.0000000e+00
   3.9400000e+02   1.0000000e+00   0.0000000e+00
   3.9500000e+02   1.0000000e+00   0.0000000e+00
   3.9600000e+02   1.0000000e+00   0.0000000e+00
   3.9700000e+02   1.0000000e+00   0.0000000e+00
   3.9800000e+02   1.0000000e+00   0.0000000e+00
   3.9900000e+02   1.0000000e+00   0.0000000e+00
   4.0000000e+02   1.0000000e+00   0.0000000e+00
   4.0100000e+02   1.0000000e+00   0.0000000e+00
   4.0200000e+02   1.0000000e+00   0.0000000e+00
   4.0300000e+02   1.0000000e+00   0.0000000e+00
   4.0400000e+02   1.0000000e+00   0.0000000e+00
   4.0500000e+02   1.0000000e+00   0.0000000e+00
   4.0600000e+02   1.0000000e+00   0.0000000e+00
   4.0700000e+02   1.0000000e+00   0.0000000e+00
   4.0800000e+02   1.0000000e+00   0.0000000e+00
   4.0900000e+02   1.0000000e+00   0.0000000e+00
   4.1000000e+02   1.0000000e+00   0.0000000e+00
   4.1100000e+02   1.0000000e+00   0.0000000e+00
   4.1200000e+02   1.0000000e+00   0.0000000e+00
   4.1300000e+02   1.0000000e+00   0.0000000e+00
   4.1400000e+02   1.0000000e+00   0.0000000e+00
   4.1500000e+02   1.0000000e+00   0.0000000e+00
   4.1600000e+02   1.0000000e+00   0.0000000e+00
   4.1700000e+02   1.0000000e+00   0.0000000e+00
   4.1800000e+02   1.0000000e+00   0.0000000e+00
   4.1900000e+02   1.0000000e+00   0.0000000e+00
   4.2000000e+02   1.0000000e+00   0.0000000e+00
   4.2100000e+02   1.0000000e+00   0.0000000e+00
   4.2200000e+02   1.0000000e+00   0.0000000e+00
   4.2300000e+02   1.0000000e+00   0.0000000e+00
   4.2400000e+02   1.0000000e+00   0.0000000e+00
   4.2500000e+02   1.0000000e+00   0.0000000e+00
   4.2600000e+02   1.0000000e+00   0.0000000e+00
   4.2700000e+02   1.0000000e+00   0.0000000e+00
   4.2800000e+02   1.0000000e+00   0.0000000e+00
   4.2900000e+02   1.0000000e+00   0.0000000e+00
   4.3000000e+02   1.0000000e+00   0.0000000e+00
   4.3100000e+02   1.0000000e+00   0.0000000e+00
   4.3200000e+02   1.0000000e+00   0.0000000e+00
   4.3300000e+02   1.0000000e+00   0.0000000e+00
   4.3400000e+02   1.0000000e+00   0.0000000e+00
   4.3500000e+02   1.0000000e+00   0.0000000e+00
   4.3600000e+02   1.0000000e+00   0.0000000e+00
   4.3700000e+02   1.0000000e+00   0.0000000e+00
   4.3800000e+02   1.0000000e+00   0.0000000e+00
   4.3900000e+02   1.0000000e+00   0.0000000e+00
   4.4000000e+02   1.0000000e+00   0.0000000e+00
   4.4100000e+02   1.0000000e+00   0.0000000e+00
   4.4200000e+02   1.0000000e+00   0.0000000e+00
   4.4300000e+02   1.0000000e+00   0.0000000e+00
   4.4400000e+02   1.0000000e+00   0.0000000e+00
   4.4500000e+02   1.0000000e+00   0.0000000e+00
   4.4600000e+02   1.0000000e+00   0.0000000e+00
   4.4700000e+02   1.0000000e+00   0.0000000e+00
   4.4800000e+02   1.0000000e+00   0.0000000e+00
   4.4900000e+02   1.0000000e+00   0.0000000e+00
   4.5000000e+02   1.0000000e+00   0.0000000e+00
   4.5100000e+02   1.0000000e+00   0.0000000e+00
   4.5200000e+02   1.0000000e+00   0.0000000e+00
   4.5300000e+02   1.0000000e+00   0.0000000e+00
   4.5400000e+02   1.0000000e+00   0.0000000e+00
   4.5500000e+02   1.0000000e+00   0.0000000e+00
   4.5600000e+02   1.0000000e+00   0.0000000e+00
   4.5700000e+02   1.0000000e+00   0.0000000e+00
   4.5800000e+02   1.0000000e+00   0.0000000e+00
   4.5900000e+02   1.0000000e+00   0.0000000e+00
   4.6000000e+02   1.0000000e+00   0.0000000e+00
   4.6100000e+02   1.0000000e+00   0.0000000e+00
   4.6200000e+02   1.0000000e+00   0.0000000e+00
   4.6300000e+02   1.0000000e+00   0.0000000e+00
   4.6400000e+02   1.0000000e+00   0.0000000e+00
   4.6500000e+02   1.0000000e+00   0.0000000e+00
   4.6600000e+02   1.0000000e+00   0.0000000e+00
   4.6700000e+02   1.0000000e+00   0.0000000e+00
   4.6800000e+02   1.0000000e+00   0.0000000e+00
   4.6900000e+02   1.0000000e+00   0.0000000e+00
   4.7000000e+02   1.0000000e+00   0.0000000e+00
   4.7100000e+02   1.0000000e+00   0.0000000e+00
   4.7200000e+02   1.0000000e+00   0.0000000e+00
   4.7300000e+02   1.0000000e+00   0.0000000e+00
   4.7400000e+02   1.0000000e+00   0.0000000e+00
   4.7500000e+02   1.0000000e+00   0.0000000e+00
   4.7600000e+02   1.0000000e+00   0.0000000e+00
   4.7700000e+02   1.0000000e+00   0.0000000e+00
   4.7800000e+02   1.0000000e+00   0.0000000e+00
   4.7900000e+02   1.0000000e+00   0.0000000e+00
   4.8000000e+02   1.0000000e+00   0.0000000e+00
   4.8100000e+02   1.0000000e+00   0.0000000e+00
   4.8200000e+02   1.0000000e+00   0.0000000e+00
   4.8300000e+02   1.0000000e+00   0.0000000e+00
   4.8400000e+02   1.0000000e+00   0.0000000e+00
   4.8500000e+02   1.0000000e+00   0.0000000e+00
   4.8600000e+02   1.0000000e+00   0.0000000e+00
   4.8700000e+02   1.0000000e+00   0.0000000e+00
   4.8800000e+02   1.0000000e+00   0.0000000e+00
   4.8900000e+02   1.0000000e+00   0.0000000e+00
   4.9000000e+02   1.0000000e+00   0.0000000e+00
   4.9100000e+02   1.0000000e+00   0.0000000e+00
   4.9200000e+02   1.0000000e+00   0.0000000e+00
   4.9300000e+02   1.0000000e+00   0.0000000e+00
   4.9400000e+02   1.0000000e+00   0.0000000e+00
   4.9500000e+02   1.0000000e+00   0.0000000e+00
   4.9600000e+02   1.0000000e+00   0.0000000e+00
   4.9700000e+02   1.0000000e+00   0.0000000e+00
   4.9800000e+02   1.0000000e+00   0.0000000e+00
   4.9900000e+02   1.0000000e+00   0.0000000e+00
   5.0000000e+02   1.0000000e+00   0.0000000e+00
   5.0100000e+02   1.0000000e+00   0.0000000e+00
   5.0200000e+02   1.0000000e+00   0.0000000e+00
   5.0300000e+02   1.0000000e+00   0.0000000e+00
   5.0400000e+02   1.0000000e+00   0.0000000e+00
   5.0500000e+02   1.0000000e+00   0.0000000e+00
   5.0600000e+02   1.0000000e+00   0.0000000e+00
   5.0700000e+02   1.0000000e+00   0.0000000e+00
   5.0800000e+02   1.0000000e+00   0.0000000e+00
   5.0900000e+02   1.0000000e+00   0.0000000e+00
   5.1000000e+02   1.0000000e+00   0.0000000e+00
   5.1100000e+02   1.0000000e+00   0.0000000e+00
   5.1200000e+02   1.0000000e+00   0.0000000e+00
   5.1300000e+02   1.0000000e+00   0.0000000e+00
   5.1400000e+02   1.0000000e+00   0.0000000e+00
   5.1500000e+02   1.0000000e+00   0.0000000e+00
   5.1600000e+02   1.0000000e+00   8.5714286e-06
   5.1700000e+02   1.0000000e+00   7.1142857e-04
   5.1800000e+02   1.0000000e+00   9.9514286e-03
   5.1900000e+02   1.0000000e+00   2.8825714e-02
   5.2000000e+02   1.0000000e+00   1.5582857e-02
   5.2100000e+02   1.0000000e+00   8.5885714e-03
   5.2200000e+02   1.0000000e+00   5.1171429e-03
   5.2300000e+02   1.0000000e+00   3.0257143e-03
   5.2400000e+02   1.0000000e+00   1.7828571e-03
   5.2500000e+02   1.0000000e+00   1.2514286e-03
   5.2600000e+02   1.0000000e+00   7.2857143e-04
   5.2700000e+02   1.0000000e+00   3.0000000e-04
   5.2800000e+02   1.0000000e+00   0.0000000e+00
   5.2900000e+02   1.0000000e+00   0.0000000e+00
   5.3000000e+02   1.0000000e+00   0.0000000e+00
   5.3100000e+02   1.0000000e+00   0.0000000e+00
   5.3200000e+02   1.0000000e+00   2.4942857e-03
   5.3300000e+02   1.0000000e+00   7.0800000e-02
   5.3400000e+02   1.0000000e+00   5.0451429e-02
   5.3500000e+02   1.0000000e+00   4.6645714e-02
   5.3600000e+02   1.0000000e+00   4.6645714e-02
   5.3700000e+02   1.0000000e+00   4.6645714e-02
   5.3800000e+02   1.0000000e+00   4.6645714e-02
   5.3900000e+02   1.0000000e+00   4.6645714e-02
   5.4000000e+02   1.0000000e+00   4.6645714e-02
   5.4100000e+02   1.0000000e+00   4.6645714e-02
   5.4200000e+02   1.0000000e+00   4.6645714e-02
   5.4300000e+02   1.0000000e+00   4.6645714e-02
   5.4400000e+02   1.0000000e+00   4.6645714e-02
   5.4500000e+02   1.0000000e+00   4.6645714e-02
   5.4600000e+02   1.0000000e+00   3.0368571e-02
   5.4700000e+02   1.0000000e+00   8.5285714e-03
   5.4800000e+02   1.0000000e+00   9.5657143e-03
   5.4900000e+02   1.0000000e+00   8.4771429e-03
   5.5000000e+02   1.0000000e+00   7.0285714e-03
   5.5100000e+02   1.0000000e+00   6.6942857e-03
   5.5200000e+02   1.0000000e+00   6.0257143e-03
   5.5300000e+02   1.0000000e+00   5.5285714e-03
   5.5400000e+02   1.0000000e+00   6.0257143e-03
   5.5500000e+02   1.0000000e+00   6.5228571e-03
   5.5600000e+02   1.0000000e+00   5.7857143e-03
   5.5700000e+02   1.0000000e+00   5.0314286e-03
   5.5800000e+02   1.0000000e+00   4.5428571e-03
   5.5900000e+02   1.0000000e+00   4.5428571e-03
   5.6000000e+02   1.0000000e+00   4.5428571e-03
   5.6100000e+02   1.0000000e+00   4.5342857e-03
   5.6200000e+02   1.0000000e+00   4.0371429e-03
   5.6300000e+02   1.0000000e+00   3.5400000e-03
   5.6400000e+02   1.0000000e+00   2.6400000e-03
   5.6500000e+02   1.0000000e+00   2.0571429e-03
   5.6600000e+02   1.0000000e+00   1.8514286e-03
   5.6700000e+02   1.0000000e+00   1.6457143e-03
   5.6800000e+02   1.0000000e+00   1.4400000e-03
   5.6900000e+02   1.0000000e+00   1.2342857e-03
   5.7000000e+02   1.0000000e+00   1.2342857e-03
   5.7100000e+02   1.0000000e+00   1.0285714e-03
   5.7200000e+02   1.0000000e+00   8.2285714e-04
   5.7300000e+02   1.0000000e+00   6.1714286e-04
   5.7400000e+02   1.0000000e+00   3.0771429e-03
   5.7500000e+02   1.0000000e+00   4.2342857e-03
   5.7600000e+02   1.0000000e+00   2.1257143e-03
   5.7700000e+02   1.0000000e+00   1.7485714e-03
   5.7800000e+02   1.0000000e+00   5.7000000e-03
   5.7900000e+02   1.0000000e+00   7.0200000e-03
   5.8000000e+02   1.0000000e+00   6.5400000e-03
   5.8100000e+02   1.0000000e+00   9.1628571e-03
   5.8200000e+02   1.0000000e+00   1.4040000e-02
   5.8300000e+02   1.0000000e+00   9.8485714e-03
   5.8400000e+02   1.0000000e+00   6.9857143e-03
   5.8500000e+02   1.0000000e+00   5.3314286e-03
   5.8600000e+02   1.0000000e+00   4.3114286e-03
   5.8700000e+02   1.0000000e+00   3.2142857e-03
   5.8800000e+02   1.0000000e+00   2.5457143e-03
   5.8900000e+02   1.0000000e+00   2.0571429e-03
   5.9000000e+02   1.0000000e+00   1.8514286e-03
   5.9100000e+02   1.0000000e+00   1.6457143e-03
   5.9200000e+02   1.0000000e+00   1.4400000e-03
   5.9300000e+02   1.0000000e+00   1.2342857e-03
   5.9400000e+02   1.0000000e+00   1.2342857e-03
   5.9500000e+02   1.0000000e+00   5.8628571e-03
   5.9600000e+02   1.0000000e+00   1.1777143e-02
   5.9700000e+02   1.0000000e+00   1.5625714e-02
   5.9800000e+02   1.0000000e+00   4.3440000e-02
   5.9900000e+02   1.0000000e+00   4.8942857e-02
   6.0000000e+02   1.0000000e+00   4.9997143e-02
   6.0100000e+02   1.0000000e+00   9.7971429e-02
   6.0200000e+02   1.0000000e+00   1.7194286e-01
   6.0300000e+02   1.0000000e+00   1.2531429e-01
   6.0400000e+02   1.0000000e+00   1.0662857e-01
   6.0500000e+02   1.0000000e+00   1.2188571e-01
   6.0600000e+02   1.0000000e+00   1.3268571e-01
   6.0700000e+02   1.0000000e+00   1.4451429e-01
   6.0800000e+02   1.0000000e+00   1.8248571e-01
   6.0900000e+02   1.0000000e+00   2.2028571e-01
   6.1000000e+02   1.0000000e+00   3.7234286e-01
   6.1100000e+02   1.0000000e+00   3.5588571e-01
   6.1200000e+02   1.0000000e+00   3.1808571e-01
   6.1300000e+02   1.0000000e+00   2.6151429e-01
   6.1400000e+02   1.0000000e+00   2.1428571e-01
   6.1500000e+02   1.0000000e+00   1.8968571e-01
   6.1600000e+02   1.0000000e+00   1.7271429e-01
   6.1700000e+02   1.0000000e+00   1.6405714e-01
   6.1800000e+02   1.0000000e+00   2.4874286e-01
   6.1900000e+02   1.0000000e+00   2.5542857e-01
   6.2000000e+02   1.0000000e+00   2.3622857e-01
   6.2100000e+02   1.0000000e+00   3.2245714e-01
   6.2200000e+02   1.0000000e+00   4.6122857e-01
   6.2300000e+02   1.0000000e+00   6.5271429e-01
   6.2400000e+02   1.0000000e+00   5.7231429e-01
   6.2500000e+02   1.0000000e+00   4.6251429e-01
   6.2600000e+02   1.0000000e+00   4.3474286e-01
   6.2700000e+02   1.0000000e+00   5.5285714e-01
   6.2800000e+02   1.0000000e+00   6.1980000e-01
   6.2900000e+02   1.0000000e+00   7.7014286e-01
   6.3000000e+02   1.0000000e+00   9.5057143e-01
   6.3100000e+02   1.0000000e+00   1.0242857e+00
   6.3200000e+02   1.0000000e+00   9.2142857e-01
   6.3300000e+02   1.0000000e+00   9.6942857e-01
   6.3400000e+02   1.0000000e+00   1.1580000e+00
   6.3500000e+02   1.0000000e+00   1.2325714e+00
   6.3600000e+02   1.0000000e+00   1.5274286e+00
   6.3700000e+02   1.0000000e+00   1.9757143e+00
   6.3800000e+02   1.0000000e+00   2.4608571e+00
   6.3900000e+02   1.0000000e+00   2.8688571e+00
   6.4000000e+02   1.0000000e+00   3.1457143e+00
   6.4100000e+02   1.0000000e+00   3.3385714e+00
   6.4200000e+02   1.0000000e+00   3.4868571e+00
   6.4300000e+02   1.0000000e+00   3.7834286e+00
   6.4400000e+02   1.0000000e+00   4.0260000e+00
   6.4500000e+02   1.0000000e+00   4.1571429e+00
   6.4600000e+02   1.0000000e+00   4.3071429e+00
   6.4700000e+02   1.0000000e+00   4.4348571e+00
   6.4800000e+02   1.0000000e+00   4.5231429e+00
   6.4900000e+02   1.0000000e+00   4.6654286e+00
   6.5000000e+02   1.0000000e+00   4.8180000e+00
   6.5100000e+02   1.0000000e+00   4.9182857e+00
   6.5200000e+02   1.0000000e+00   4.9251429e+00
   6.5300000e+02   1.0000000e+00   4.8102857e+00
   6.5400000e+02   1.0000000e+00   4.3748571e+00
   6.5500000e+02   1.0000000e+00   2.9005714e+00
   6.5600000e+02   1.0000000e+00   2.0597143e+00
   6.5700000e+02   1.0000000e+00   1.9354286e+00
   6.5800000e+02   1.0000000e+00   2.2911429e+00
   6.5900000e+02   1.0000000e+00   2.3837143e+00
   6.6000000e+02   1.0000000e+00   2.4394286e+00
   6.6100000e+02   1.0000000e+00   2.3254286e+00
   6.6200000e+02   1.0000000e+00   2.1154286e+00
   6.6300000e+02   1.0000000e+00   2.0331429e+00
   6.6400000e+02   1.0000000e+00   2.1488571e+00
   6.6500000e+02   1.0000000e+00   2.2302857e+00
   6.6600000e+02   1.0000000e+00   2.2131429e+00
   6.6700000e+02   1.0000000e+00   2.1291429e+00
   6.6800000e+02   1.0000000e+00   1.7974286e+00
   6.6900000e+02   1.0000000e+00   1.5548571e+00
   6.7000000e+02   1.0000000e+00   1.3714286e+00
   6.7100000e+02   1.0000000e+00   1.1460000e+00
   6.7200000e+02   1.0000000e+00   9.9942857e-01
   6.7300000e+02   1.0000000e+00   8.5800000e-01
   6.7400000e+02   1.0000000e+00   7.6920000e-01
   6.7500000e+02   1.0000000e+00   9.0000000e-01
   6.7600000e+02   1.0000000e+00   9.6685714e-01
   6.7700000e+02   1.0000000e+00   1.0080000e+00
   6.7800000e+02   1.0000000e+00   8.2714286e-01
   6.7900000e+02   1.0000000e+00   7.4940000e-01
   6.8000000e+02   1.0000000e+00   6.5425714e-01
   6.8100000e+02   1.0000000e+00   5.2397143e-01
   6.8200000e+02   1.0000000e+00   4.7700000e-01
   6.8300000e+02   1.0000000e+00   4.2240000e-01
   6.8400000e+02   1.0000000e+00   3.8365714e-01
   6.8500000e+02   1.0000000e+00   3.5682857e-01
   6.8600000e+02   1.0000000e+00   3.3094286e-01
   6.8700000e+02   1.0000000e+00   3.0514286e-01
   6.8800000e+02   1.0000000e+00   2.6674286e-01
   6.8900000e+02   1.0000000e+00   2.8397143e-01
   6.9000000e+02   1.0000000e+00   3.4868571e-01
   6.9100000e+02   1.0000000e+00   3.3582857e-01
   6.9200000e+02   1.0000000e+00   3.6102857e-01
   6.9300000e+02   1.0000000e+00   3.3814286e-01
   6.9400000e+02   1.0000000e+00   2.7822857e-01
   6.9500000e+02   1.0000000e+00   2.5920000e-01
   6.9600000e+02   1.0000000e+00   2.6262857e-01
   6.9700000e+02   1.0000000e+00   2.4994286e-01
   6.9800000e+02   1.0000000e+00   2.3262857e-01
   6.9900000e+02   1.0000000e+00   2.2208571e-01
   7.0000000e+02   1.0000000e+00   2.0648571e-01
   7.0100000e+02   1.0000000e+00   1.9928571e-01
   7.0200000e+02   1.0000000e+00   1.7151429e-01
   7.0300000e+02   1.0000000e+00   1.4314286e-01
   7.0400000e+02   1.0000000e+00   1.2677143e-01
   7.0500000e+02   1.0000000e+00   1.1220000e-01
   7.0600000e+02   1.0000000e+00   1.0380000e-01
   7.0700000e+02   1.0000000e+00   9.5314286e-02
   7.0800000e+02   1.0000000e+00   8.5122857e-02
   7.0900000e+02   1.0000000e+00   7.8642857e-02
   7.1000000e+02   1.0000000e+00   6.4885714e-02
   7.1100000e+02   1.0000000e+00   7.9405714e-02
   7.1200000e+02   1.0000000e+00   6.4157143e-02
   7.1300000e+02   1.0000000e+00   5.4060000e-02
   7.1400000e+02   1.0000000e+00   4.8694286e-02
   7.1500000e+02   1.0000000e+00   4.5865714e-02
   7.1600000e+02   1.0000000e+00   4.3671429e-02
   7.1700000e+02   1.0000000e+00   4.6980000e-02
   7.1800000e+02   1.0000000e+00   4.5531429e-02
   7.1900000e+02   1.0000000e+00   3.6711429e-02
   7.2000000e+02   1.0000000e+00   3.2991429e-02
   7.2100000e+02   1.0000000e+00   2.5174286e-02
   7.2200000e+02   1.0000000e+00   2.3811429e-02
   7.2300000e+02   1.0000000e+00   2.9374286e-02
   7.2400000e+02   1.0000000e+00   2.4300000e-02
   7.2500000e+02   1.0000000e+00   2.2002857e-02
   7.2600000e+02   1.0000000e+00   1.9140000e-02
   7.2700000e+02   1.0000000e+00   1.4777143e-02
   7.2800000e+02   1.0000000e+00   1.3800000e-02
   7.2900000e+02   1.0000000e+00   1.3260000e-02
   7.3000000e+02   1.0000000e+00   1.4391429e-02
   7.3100000e+02   1.0000000e+00   1.3440000e-02
   7.3200000e+02   1.0000000e+00   1.1948571e-02
   7.3300000e+02   1.0000000e+00   1.0782857e-02
   7.3400000e+02   1.0000000e+00   9.8400000e-03
   7.3500000e+02   1.0000000e+00   6.9942857e-03
   7.3600000e+02   1.0000000e+00   6.5314286e-03
   7.3700000e+02   1.0000000e+00   6.2828571e-03
   7.3800000e+02   1.0000000e+00   6.0342857e-03
   7.3900000e+02   1.0000000e+00   5.9828571e-03
   7.4000000e+02   1.0000000e+00   5.5714286e-03
   7.4100000e+02   1.0000000e+00   5.5371429e-03
   7.4200000e+02   1.0000000e+00   5.4942857e-03
   7.4300000e+02   1.0000000e+00   5.0742857e-03
   7.4400000e+02   1.0000000e+00   5.0400000e-03
   7.4500000e+02   1.0000000e+00   5.0400000e-03
   7.4600000e+02   1.0000000e+00   5.0057143e-03
   7.4700000e+02   1.0000000e+00   4.5771429e-03
   7.4800000e+02   1.0000000e+00   4.5428571e-03
   7.4900000e+02   1.0000000e+00   4.2857143e-03
   7.5000000e+02   1.0000000e+00   4.0457143e-03
   7.5100000e+02   1.0000000e+00   4.0114286e-03
   7.5200000e+02   1.0000000e+00   3.5828571e-03
   7.5300000e+02   1.0000000e+00   3.4971429e-03
   7.5400000e+02   1.0000000e+00   3.0857143e-03
   7.5500000e+02   1.0000000e+00   2.9657143e-03
   7.5600000e+02   1.0000000e+00   2.0057143e-03
   7.5700000e+02   1.0000000e+00   1.5428571e-03
   7.5800000e+02   1.0000000e+00   1.1228571e-03
   7.5900000e+02   1.0000000e+00   7.1142857e-04
   7.6000000e+02   1.0000000e+00   2.1428571e-04
