   0.0000000e+00
   0.0000000e+00
   0.0000000e+00
   0.0000000e+00
   0.0000000e+00
   0.0000000e+00
   0.0000000e+00
   0.0000000e+00
   0.0000000e+00
   0.0000000e+00
   0.0000000e+00
   0.0000000e+00
   0.0000000e+00
   0.0000000e+00
   0.0000000e+00
   0.0000000e+00
   0.0000000e+00
   0.0000000e+00
   0.0000000e+00
   0.0000000e+00
   0.0000000e+00
   0.0000000e+00
   0.0000000e+00
   0.0000000e+00
   0.0000000e+00
   0.0000000e+00
   0.0000000e+00
   0.0000000e+00
   0.0000000e+00
   0.0000000e+00
   0.0000000e+00
   0.0000000e+00
   0.0000000e+00
   0.0000000e+00
   0.0000000e+00
   0.0000000e+00
   0.0000000e+00
   0.0000000e+00
   0.0000000e+00
   0.0000000e+00
   0.0000000e+00
   0.0000000e+00
   0.0000000e+00
   0.0000000e+00
   0.0000000e+00
   0.0000000e+00
   0.0000000e+00
   0.0000000e+00
   0.0000000e+00
   0.0000000e+00
   0.0000000e+00
   0.0000000e+00
   0.0000000e+00
   0.0000000e+00
   0.0000000e+00
   0.0000000e+00
   0.0000000e+00
   0.0000000e+00
   0.0000000e+00
   0.0000000e+00
   0.0000000e+00
   0.0000000e+00
   0.0000000e+00
   0.0000000e+00
   0.0000000e+00
   0.0000000e+00
   0.0000000e+00
   0.0000000e+00
   0.0000000e+00
   0.0000000e+00
   0.0000000e+00
   0.0000000e+00
   0.0000000e+00
   0.0000000e+00
   0.0000000e+00
   0.0000000e+00
   0.0000000e+00
   0.0000000e+00
   0.0000000e+00
   0.0000000e+00
   0.0000000e+00
   0.0000000e+00
   0.0000000e+00
   0.0000000e+00
   0.0000000e+00
   0.0000000e+00
   0.0000000e+00
   0.0000000e+00
   0.0000000e+00
   0.0000000e+00
   0.0000000e+00
   0.0000000e+00
   0.0000000e+00
   0.0000000e+00
   0.0000000e+00
   0.0000000e+00
   0.0000000e+00
   0.0000000e+00
   0.0000000e+00
   0.0000000e+00
   0.0000000e+00
   0.0000000e+00
   0.0000000e+00
   0.0000000e+00
   0.0000000e+00
   0.0000000e+00
   0.0000000e+00
   0.0000000e+00
   0.0000000e+00
   0.0000000e+00
   0.0000000e+00
   0.0000000e+00
   0.0000000e+00
   0.0000000e+00
   0.0000000e+00
   0.0000000e+00
   0.0000000e+00
   0.0000000e+00
   0.0000000e+00
   0.0000000e+00
   0.0000000e+00
   0.0000000e+00
   0.0000000e+00
   0.0000000e+00
   0.0000000e+00
   0.0000000e+00
   0.0000000e+00
   0.0000000e+00
   0.0000000e+00
   0.0000000e+00
   0.0000000e+00
   0.0000000e+00
   0.0000000e+00
   0.0000000e+00
   0.0000000e+00
   0.0000000e+00
   0.0000000e+00
   0.0000000e+00
   0.0000000e+00
   0.0000000e+00
   0.0000000e+00
   0.0000000e+00
   0.0000000e+00
   0.0000000e+00
   0.0000000e+00
   0.0000000e+00
   0.0000000e+00
   0.0000000e+00
   0.0000000e+00
   0.0000000e+00
   0.0000000e+00
   0.0000000e+00
   0.0000000e+00
   0.0000000e+00
   0.0000000e+00
   0.0000000e+00
   0.0000000e+00
   0.0000000e+00
   0.0000000e+00
   0.0000000e+00
   0.0000000e+00
   0.0000000e+00
   1.2000000e-02
   2.4000000e-02
   2.4000000e-02
   2.4000000e-02
   2.4000000e-02
   2.4000000e-02
   2.4000000e-02
   2.4000000e-02
   2.4000000e-02
   2.4000000e-02
   2.4000000e-02
   2.4000000e-02
   2.4000000e-02
   2.4000000e-02
   1.2000000e-02
   0.0000000e+00
   1.2000000e-02
   1.8300000e-01
   1.0850000e+00
   2.8610000e+00
   4.4500000e+00
   4.3540000e+00
   3.1930000e+00
   2.1830000e+00
   1.7560000e+00
   4.5450000e+00
   6.3150000e+00
   4.4590000e+00
   3.0630000e+00
   2.4010000e+00
   2.0580000e+00
   1.5760000e+00
   3.4440000e+00
   4.8610000e+00
   6.5490000e+00
   5.6690000e+00
   4.2480000e+00
   3.3260000e+00
   3.3380000e+00
   7.5230000e+00
   7.5600000e+00
   6.3120000e+00
   6.8600000e+00
   5.8330000e+00
   5.5530000e+00
   4.3890000e+00
   3.2630000e+00
   2.4660000e+00
   1.9500000e+00
   1.8160000e+00
   6.5300000e+00
   2.7780000e+01
   2.1800000e+01
   1.5400000e+01
   1.5590000e+01
   5.8310000e+01
   5.4690000e+01
   2.3620000e+01
   2.5540000e+01
   2.8860000e+01
   4.1300000e+01
   5.5700000e+01
   5.4440000e+01
   7.8280000e+01
   9.7260000e+01
   8.0920000e+01
   1.0950000e+02
   9.5390000e+01
   9.1280000e+01
   1.0270000e+02
   9.1660000e+01
   8.7730000e+01
   9.5220000e+01
   1.1090000e+02
   8.7090000e+01
   7.6000000e+01
   6.9150000e+01
   6.1920000e+01
   7.1210000e+01
   8.3090000e+01
   1.2110000e+02
   1.2740000e+02
   1.1180000e+02
   9.8580000e+01
   8.7120000e+01
   8.8570000e+01
   1.7360000e+02
   2.3880000e+02
   2.2800000e+02
   1.8800000e+02
   1.5080000e+02
   1.2800000e+02
   1.1270000e+02
   1.1120000e+02
   1.4200000e+02
   2.3880000e+02
   3.0250000e+02
   2.8940000e+02
   3.2150000e+02
   3.2850000e+02
   3.0210000e+02
   2.7970000e+02
   2.6380000e+02
   2.2800000e+02
   2.0110000e+02
   2.0010000e+02
   1.8170000e+02
   1.6070000e+02
   1.3440000e+02
   1.1300000e+02
   1.0130000e+02
   1.1670000e+02
   1.3500000e+02
   1.9180000e+02
   1.8750000e+02
   1.7200000e+02
   1.4200000e+02
   1.5060000e+02
   1.7960000e+02
   1.8550000e+02
   1.7980000e+02
   1.5330000e+02
   1.2530000e+02
   1.1500000e+02
   1.0340000e+02
   9.3610000e+01
   1.0130000e+02
   1.0910000e+02
   9.0870000e+01
   7.7010000e+01
   6.8260000e+01
   6.0780000e+01
   5.4310000e+01
   4.7840000e+01
   4.2220000e+01
   3.7900000e+01
   3.5230000e+01
   3.2570000e+01
   2.9610000e+01
   2.7150000e+01
   2.4820000e+01
   2.2690000e+01
   2.0500000e+01
   1.8320000e+01
   1.6290000e+01
   1.4760000e+01
   1.3290000e+01
   1.2950000e+01
   1.2240000e+01
   1.0720000e+01
   9.5100000e+00
   8.7610000e+00
   7.9770000e+00
   7.2070000e+00
   6.4630000e+00
   5.7170000e+00
   5.0810000e+00
   4.4580000e+00
   4.0890000e+00
   3.6870000e+00
   3.3200000e+00
   2.9810000e+00
   2.6120000e+00
   2.3300000e+00
   2.1070000e+00
   1.9450000e+00
   1.7150000e+00
   1.6160000e+00
   1.4890000e+00
   1.2650000e+00
   1.0880000e+00
   9.9900000e-01
   9.1300000e-01
   8.2400000e-01
   7.6300000e-01
   7.0600000e-01
   6.4800000e-01
   5.9000000e-01
   5.3200000e-01
   4.7300000e-01
   4.1600000e-01
   3.5700000e-01
   2.9900000e-01
   2.4400000e-01
   2.1700000e-01
   1.9300000e-01
   1.6900000e-01
   1.4500000e-01
   1.2100000e-01
   9.6000000e-02
   7.2000000e-02
   4.8000000e-02
   2.5000000e-02
   3.0000000e-03
   0.0000000e+00
   0.0000000e+00
   0.0000000e+00
   0.0000000e+00
   0.0000000e+00
   0.0000000e+00
   0.0000000e+00
   0.0000000e+00
   0.0000000e+00
   0.0000000e+00
   0.0000000e+00
   0.0000000e+00
   0.0000000e+00
   0.0000000e+00
   0.0000000e+00
   0.0000000e+00
   0.0000000e+00
   0.0000000e+00
   0.0000000e+00
   0.0000000e+00
   0.0000000e+00
   0.0000000e+00
   0.0000000e+00
   0.0000000e+00
   0.0000000e+00
   0.0000000e+00
   0.0000000e+00
   0.0000000e+00
   0.0000000e+00
   0.0000000e+00
   0.0000000e+00
   0.0000000e+00
   0.0000000e+00
   0.0000000e+00
   0.0000000e+00
   0.0000000e+00
   0.0000000e+00
   0.0000000e+00
   0.0000000e+00
   0.0000000e+00
   0.0000000e+00
   0.0000000e+00
   0.0000000e+00
   0.0000000e+00
   0.0000000e+00
   0.0000000e+00
   0.0000000e+00
   0.0000000e+00
   0.0000000e+00
   0.0000000e+00
   0.0000000e+00
   0.0000000e+00
   0.0000000e+00
   0.0000000e+00
   0.0000000e+00
   0.0000000e+00
   0.0000000e+00
   0.0000000e+00
   0.0000000e+00
   0.0000000e+00
   0.0000000e+00
   0.0000000e+00
   0.0000000e+00
   0.0000000e+00
   0.0000000e+00
   0.0000000e+00
   0.0000000e+00
   0.0000000e+00
   0.0000000e+00
   0.0000000e+00
   0.0000000e+00
   0.0000000e+00
   0.0000000e+00
   0.0000000e+00
   0.0000000e+00
   0.0000000e+00
   0.0000000e+00
   0.0000000e+00
   0.0000000e+00
   0.0000000e+00
   0.0000000e+00
   0.0000000e+00
   0.0000000e+00
   0.0000000e+00
   0.0000000e+00
   0.0000000e+00
   0.0000000e+00
   0.0000000e+00
   0.0000000e+00
   0.0000000e+00
   0.0000000e+00
   0.0000000e+00
   0.0000000e+00
   0.0000000e+00
   0.0000000e+00
   0.0000000e+00
   0.0000000e+00
   0.0000000e+00
   0.0000000e+00
   0.0000000e+00
   0.0000000e+00
   0.0000000e+00
   0.0000000e+00
   0.0000000e+00
   0.0000000e+00
   0.0000000e+00
   0.0000000e+00
   0.0000000e+00
   0.0000000e+00
   0.0000000e+00
   0.0000000e+00
   0.0000000e+00
   0.0000000e+00
   0.0000000e+00
   0.0000000e+00
   0.0000000e+00
   0.0000000e+00
   0.0000000e+00
   0.0000000e+00
   0.0000000e+00
   0.0000000e+00
   0.0000000e+00
   0.0000000e+00
   0.0000000e+00
   0.0000000e+00
   0.0000000e+00
   0.0000000e+00
   0.0000000e+00
   9.4000000e-02
   1.5200000e+00
   9.0200000e-01
   7.5100000e-01
   3.9300000e-01
   4.9000000e-02
   9.1000000e-02
   4.9000000e-02
   2.0000000e-03
   0.0000000e+00
   0.0000000e+00
   0.0000000e+00
   0.0000000e+00
   0.0000000e+00
   0.0000000e+00
   0.0000000e+00
   0.0000000e+00
   0.0000000e+00
   0.0000000e+00
   0.0000000e+00
   0.0000000e+00
   0.0000000e+00
   0.0000000e+00
   0.0000000e+00
   0.0000000e+00
   0.0000000e+00
   0.0000000e+00
   0.0000000e+00
   0.0000000e+00
   0.0000000e+00
   0.0000000e+00
   0.0000000e+00
   0.0000000e+00
   1.8600000e-01
   2.5870000e+00
   7.3030000e+00
   1.7470000e+01
   1.7960000e+01
   1.1520000e+01
   8.2590000e+00
   7.6910000e+00
   8.3290000e+00
   9.2500000e+00
   1.0070000e+01
   1.2150000e+01
   1.5440000e+01
   1.9340000e+01
   2.7340000e+01
   2.5230000e+01
   1.6670000e+01
   1.4220000e+01
   1.0960000e+01
   9.2730000e+00
   6.9950000e+00
   6.7800000e+00
   9.5400000e+00
   9.5980000e+00
   9.1510000e+00
   1.4350000e+01
   2.2000000e+01
   7.8810000e+01
   7.0470000e+01
   4.8650000e+01
   4.7900000e+01
   3.5270000e+01
   2.8960000e+01
   3.1830000e+01
   3.1490000e+01
   2.4650000e+01
   5.3800000e+00
   1.5270000e+01
   2.0710000e+01
   5.0400000e+01
   3.7520000e+01
   2.2480000e+01
   2.0410000e+01
   1.6320000e+01
   1.6400000e+01
   2.9060000e+01
   3.6010000e+01
   3.4140000e+01
   4.6180000e+01
   4.7300000e+01
   4.5260000e+01
   5.5670000e+01
   6.1100000e+01
   6.0690000e+01
   6.1810000e+01
   6.1440000e+01
   4.8350000e+01
   3.3700000e+01
   3.3990000e+01
   8.5250000e+01
   1.3190000e+02
   1.2620000e+02
   1.6670000e+02
   1.8700000e+02
   1.9860000e+02
   2.1420000e+02
   2.1860000e+02
   2.0640000e+02
   1.8610000e+02
   1.7600000e+02
   1.5990000e+02
   1.4840000e+02
   1.9350000e+02
   2.7140000e+02
   3.0300000e+02
   3.1880000e+02
   3.3460000e+02
   3.4550000e+02
   3.7000000e+02
   4.5270000e+02
   4.4900000e+02
   4.5710000e+02
   3.8310000e+02
   3.4940000e+02
   3.2240000e+02
   2.9900000e+02
   2.6980000e+02
   2.5400000e+02
   2.5720000e+02
   3.0380000e+02
   3.5460000e+02
   3.6180000e+02
   3.6510000e+02
   3.7100000e+02
   3.6310000e+02
   3.8010000e+02
   4.1860000e+02
   4.2430000e+02
   3.6290000e+02
   3.2320000e+02
   3.0850000e+02
   2.9610000e+02
   2.7070000e+02
   2.3210000e+02
   2.0430000e+02
   1.8930000e+02
   1.8050000e+02
   1.7420000e+02
   1.7480000e+02
   1.7030000e+02
   1.6760000e+02
   1.7690000e+02
   2.1090000e+02
   2.2900000e+02
   2.2600000e+02
   2.7370000e+02
   2.8040000e+02
   2.4480000e+02
   2.2850000e+02
   2.4060000e+02
   2.3840000e+02
   2.3430000e+02
   2.2370000e+02
   2.4390000e+02
   2.2160000e+02
   1.9380000e+02
   1.9220000e+02
   1.8300000e+02
   1.6130000e+02
   1.5560000e+02
   1.4340000e+02
   1.3230000e+02
   1.0820000e+02
   9.5250000e+01
   9.0410000e+01
   1.2590000e+02
   1.3420000e+02
   1.2940000e+02
   1.4450000e+02
   1.1400000e+02
   1.0410000e+02
   8.4180000e+01
   7.5230000e+01
   6.8400000e+01
   6.2780000e+01
   6.0630000e+01
   5.4130000e+01
   4.9620000e+01
   4.3100000e+01
   4.1060000e+01
   3.5930000e+01
   3.2250000e+01
   3.0400000e+01
   2.8500000e+01
   2.8370000e+01
   2.2730000e+01
   2.0270000e+01
   1.9660000e+01
   1.8780000e+01
   1.7090000e+01
   1.6030000e+01
   1.5580000e+01
   1.4870000e+01
   1.3870000e+01
   1.2320000e+01
   1.0850000e+01
   9.9110000e+00
   9.4390000e+00
   8.6900000e+00
   6.5680000e+00
   5.7800000e+00
   5.4390000e+00
   5.1220000e+00
   4.8000000e+00
   4.5930000e+00
   4.0270000e+00
   3.5860000e+00
   3.4320000e+00
   3.2830000e+00
   2.9880000e+00
   2.2390000e+00
   2.0520000e+00
   1.9340000e+00
   1.8190000e+00
   1.7030000e+00
   1.6140000e+00
   1.5150000e+00
   1.3120000e+00
   1.0470000e+00
   9.1000000e-01
   8.2500000e-01
   7.6400000e-01
   7.1300000e-01
   6.7500000e-01
   6.1900000e-01
   5.6000000e-01
   4.7400000e-01
   4.1600000e-01
   3.3200000e-01
   2.4300000e-01
   2.1800000e-01
   2.0400000e-01
   1.9100000e-01
   1.6800000e-01
   1.4600000e-01
   1.3200000e-01
   1.2000000e-01
   1.1900000e-01
   9.7000000e-02
   7.3000000e-02
   4.8000000e-02
   4.0000000e-03
   0.0000000e+00
   0.0000000e+00
   0.0000000e+00
   0.0000000e+00
   0.0000000e+00
   0.0000000e+00
   0.0000000e+00
   0.0000000e+00
   0.0000000e+00
   0.0000000e+00
   0.0000000e+00
   0.0000000e+00
   0.0000000e+00
   0.0000000e+00
   0.0000000e+00
   0.0000000e+00
   0.0000000e+00
   0.0000000e+00
   0.0000000e+00
   0.0000000e+00
   0.0000000e+00
   0.0000000e+00
   0.0000000e+00
   0.0000000e+00
   4.9000000e-02
   7.3700000e-01
   9.3900000e-01
   8.7200000e-01
   7.3600000e-01
   2.9200000e-01
   2.3900000e-01
   2.1800000e-01
   1.8900000e-01
   7.9000000e-02
   2.7000000e-02
   2.0000000e-03
   0.0000000e+00
   2.0000000e-03
   2.2000000e-02
   2.4000000e-02
   2.2000000e-02
   2.0000000e-03
   0.0000000e+00
   0.0000000e+00
   0.0000000e+00
   0.0000000e+00
   0.0000000e+00
   0.0000000e+00
   0.0000000e+00
   0.0000000e+00
   0.0000000e+00
   0.0000000e+00
   0.0000000e+00
   0.0000000e+00
   0.0000000e+00
   0.0000000e+00
   0.0000000e+00
   0.0000000e+00
   0.0000000e+00
   0.0000000e+00
   0.0000000e+00
   0.0000000e+00
   0.0000000e+00
   0.0000000e+00
   0.0000000e+00
   0.0000000e+00
   0.0000000e+00
   0.0000000e+00
   0.0000000e+00
   0.0000000e+00
   0.0000000e+00
   0.0000000e+00
   0.0000000e+00
   0.0000000e+00
   0.0000000e+00
   0.0000000e+00
   0.0000000e+00
   0.0000000e+00
   0.0000000e+00
   0.0000000e+00
   0.0000000e+00
   0.0000000e+00
   0.0000000e+00
   0.0000000e+00
   0.0000000e+00
   0.0000000e+00
   0.0000000e+00
   0.0000000e+00
   0.0000000e+00
   0.0000000e+00
   0.0000000e+00
   0.0000000e+00
   0.0000000e+00
   0.0000000e+00
   0.0000000e+00
   0.0000000e+00
   0.0000000e+00
   0.0000000e+00
   0.0000000e+00
   0.0000000e+00
   0.0000000e+00
   0.0000000e+00
   0.0000000e+00
   0.0000000e+00
   0.0000000e+00
   0.0000000e+00
   0.0000000e+00
   6.2000000e-02
   1.5400000e-01
   1.4400000e-01
   1.0400000e-01
   2.7000000e-02
   2.0000000e-03
   0.0000000e+00
   0.0000000e+00
   0.0000000e+00
   0.0000000e+00
   0.0000000e+00
   0.0000000e+00
   0.0000000e+00
   0.0000000e+00
   0.0000000e+00
   0.0000000e+00
   0.0000000e+00
   0.0000000e+00
   0.0000000e+00
   0.0000000e+00
   0.0000000e+00
   0.0000000e+00
   0.0000000e+00
   0.0000000e+00
   0.0000000e+00
   0.0000000e+00
   0.0000000e+00
   0.0000000e+00
   0.0000000e+00
   0.0000000e+00
   0.0000000e+00
   0.0000000e+00
   0.0000000e+00
   0.0000000e+00
   0.0000000e+00
   0.0000000e+00
   0.0000000e+00
   0.0000000e+00
   0.0000000e+00
   0.0000000e+00
   0.0000000e+00
   0.0000000e+00
   0.0000000e+00
   0.0000000e+00
   0.0000000e+00
   0.0000000e+00
   0.0000000e+00
   0.0000000e+00
   0.0000000e+00
   0.0000000e+00
   0.0000000e+00
   0.0000000e+00
   0.0000000e+00
   0.0000000e+00
   0.0000000e+00
   0.0000000e+00
   0.0000000e+00
   0.0000000e+00
   0.0000000e+00
   5.3500000e-01
   9.4670000e+00
   1.5050000e+01
   1.1110000e+01
   1.7050000e+01
   1.8360000e+01
   1.3630000e+01
   1.0200000e+01
   1.2450000e+01
   2.5370000e+01
   1.9270000e+01
   1.0240000e+01
   7.8640000e+00
   7.4670000e+00
   7.2260000e+00
   6.9700000e+00
   8.8440000e+00
   1.2260000e+01
   1.2810000e+01
   1.3320000e+01
   1.5100000e+01
   2.5040000e+01
   2.7640000e+01
   4.5310000e+01
   3.8960000e+01
   3.0460000e+01
   2.8560000e+01
   3.4380000e+01
   5.5280000e+01
   5.5330000e+01
   4.5400000e+01
   3.9100000e+01
   4.4610000e+01
   5.9960000e+01
   6.6790000e+01
   6.8530000e+01
   6.7380000e+01
   5.8000000e+01
   7.9590000e+01
   1.4700000e+02
   1.5210000e+02
   1.9750000e+02
   2.5540000e+02
   2.5030000e+02
   2.1770000e+02
   2.0340000e+02
   1.8530000e+02
   1.7540000e+02
   2.1250000e+02
   2.3410000e+02
   1.8440000e+02
   1.3230000e+02
   1.2200000e+02
   1.2290000e+02
   1.2170000e+02
   1.1220000e+02
   9.9010000e+01
   8.8050000e+01
   1.0130000e+02
   1.3400000e+02
   1.3470000e+02
   1.1960000e+02
   1.2460000e+02
   1.2130000e+02
   1.2650000e+02
   1.1210000e+02
   1.0810000e+02
   1.2810000e+02
   2.3590000e+02
   3.1890000e+02
   3.6600000e+02
   3.7690000e+02
   4.1470000e+02
   4.1800000e+02
   4.1940000e+02
   4.2460000e+02
   4.0350000e+02
   3.8550000e+02
   3.6850000e+02
   3.4830000e+02
   3.0440000e+02
   2.6710000e+02
   2.6930000e+02
   3.0080000e+02
   3.0780000e+02
   3.1250000e+02
   3.0940000e+02
   2.9020000e+02
   2.7280000e+02
   2.4990000e+02
   2.3930000e+02
   2.2180000e+02
   1.9620000e+02
   1.6510000e+02
   1.5790000e+02
   1.6970000e+02
   1.7630000e+02
   1.8630000e+02
   1.9140000e+02
   2.0670000e+02
   2.0290000e+02
   1.9310000e+02
   2.1810000e+02
   2.4480000e+02
   2.6880000e+02
   2.8030000e+02
   2.7470000e+02
   2.5680000e+02
   2.4470000e+02
   2.4980000e+02
   2.3760000e+02
   2.1050000e+02
   1.9760000e+02
   1.8150000e+02
   1.6390000e+02
   1.4480000e+02
   1.2760000e+02
   1.1280000e+02
   1.0100000e+02
   9.1490000e+01
   8.3090000e+01
   7.5590000e+01
   6.7880000e+01
   6.1460000e+01
   5.5690000e+01
   5.0730000e+01
   4.6460000e+01
   4.2220000e+01
   3.8470000e+01
   3.5300000e+01
   3.2700000e+01
   3.0420000e+01
   2.8120000e+01
   2.5670000e+01
   2.3870000e+01
   2.2440000e+01
   2.0300000e+01
   1.8460000e+01
   1.6950000e+01
   1.5770000e+01
   1.5080000e+01
   1.4920000e+01
   1.4850000e+01
   1.6370000e+01
   1.7560000e+01
   1.7430000e+01
   1.6300000e+01
   1.3410000e+01
   1.1310000e+01
   9.9380000e+00
   8.9900000e+00
   8.7720000e+00
   8.9100000e+00
   8.9100000e+00
   8.9100000e+00
   8.9100000e+00
   7.9830000e+00
   6.5080000e+00
   6.0010000e+00
   5.3940000e+00
   4.7420000e+00
   4.1890000e+00
   3.7420000e+00
   3.3730000e+00
   3.0630000e+00
   2.8030000e+00
   2.5720000e+00
   2.4420000e+00
   2.2230000e+00
   2.0580000e+00
   1.8730000e+00
   1.6570000e+00
   1.5690000e+00
   1.4810000e+00
   1.3520000e+00
   1.2180000e+00
   1.1300000e+00
   1.0420000e+00
   9.5400000e-01
   8.3800000e-01
   7.3400000e-01
   6.7600000e-01
   6.1800000e-01
   5.6000000e-01
   4.4600000e-01
   3.8600000e-01
   3.2800000e-01
   2.7000000e-01
   2.2800000e-01
   2.0400000e-01
   1.9200000e-01
   1.9200000e-01
   1.9200000e-01
   1.9200000e-01
   1.9200000e-01
   1.8000000e-01
   1.6800000e-01
   1.6800000e-01
   1.6800000e-01
   1.6800000e-01
   1.6800000e-01
   1.5600000e-01
   1.4400000e-01
   1.4400000e-01
   1.4400000e-01
   1.4400000e-01
   1.4400000e-01
   1.3200000e-01
   1.2000000e-01
   1.2000000e-01
   1.2000000e-01
   1.2000000e-01
   1.2000000e-01
   1.0800000e-01
   9.6000000e-02
   9.6000000e-02
   9.6000000e-02
   9.6000000e-02
   9.6000000e-02
   8.4000000e-02
   7.2000000e-02
   7.2000000e-02
   7.2000000e-02
   7.2000000e-02
   7.2000000e-02
   6.0000000e-02
   4.8000000e-02
   4.8000000e-02
   4.8000000e-02
   4.8000000e-02
   4.8000000e-02
   3.6000000e-02
   2.4000000e-02
   2.4000000e-02
   2.4000000e-02
   2.4000000e-02
   2.4000000e-02
   1.2000000e-02
   0.0000000e+00
   0.0000000e+00
   0.0000000e+00
   0.0000000e+00
   0.0000000e+00
   0.0000000e+00
   0.0000000e+00
   0.0000000e+00
   0.0000000e+00
   0.0000000e+00
   0.0000000e+00
   0.0000000e+00
   0.0000000e+00
   0.0000000e+00
   0.0000000e+00
   0.0000000e+00
   0.0000000e+00
   0.0000000e+00
   0.0000000e+00
   0.0000000e+00
   0.0000000e+00
   0.0000000e+00
   0.0000000e+00
   0.0000000e+00
   0.0000000e+00
   0.0000000e+00
   0.0000000e+00
   0.0000000e+00
   0.0000000e+00
   0.0000000e+00
   0.0000000e+00
   0.0000000e+00
   0.0000000e+00
   0.0000000e+00
   0.0000000e+00
   0.0000000e+00
   0.0000000e+00
   0.0000000e+00
   0.0000000e+00
   0.0000000e+00
   0.0000000e+00
   0.0000000e+00
   0.0000000e+00
   0.0000000e+00
   0.0000000e+00
   0.0000000e+00
   0.0000000e+00
   0.0000000e+00
   0.0000000e+00
   0.0000000e+00
   0.0000000e+00
   0.0000000e+00
   0.0000000e+00
   0.0000000e+00
   0.0000000e+00
   0.0000000e+00
   0.0000000e+00
   0.0000000e+00
   0.0000000e+00
   0.0000000e+00
   0.0000000e+00
   0.0000000e+00
   0.0000000e+00
   0.0000000e+00
   0.0000000e+00
   0.0000000e+00
   0.0000000e+00
   0.0000000e+00
   0.0000000e+00
   0.0000000e+00
   0.0000000e+00
   0.0000000e+00
   0.0000000e+00
   0.0000000e+00
   0.0000000e+00
   0.0000000e+00
   0.0000000e+00
   0.0000000e+00
   0.0000000e+00
   0.0000000e+00
   0.0000000e+00
   0.0000000e+00
   0.0000000e+00
   0.0000000e+00
   0.0000000e+00
   0.0000000e+00
   0.0000000e+00
   0.0000000e+00
   0.0000000e+00
   0.0000000e+00
   0.0000000e+00
   0.0000000e+00
   0.0000000e+00
   0.0000000e+00
   0.0000000e+00
   0.0000000e+00
   0.0000000e+00
   0.0000000e+00
   0.0000000e+00
   0.0000000e+00
   0.0000000e+00
   0.0000000e+00
   0.0000000e+00
   0.0000000e+00
   0.0000000e+00
   0.0000000e+00
   0.0000000e+00
   0.0000000e+00
   0.0000000e+00
   0.0000000e+00
   0.0000000e+00
   0.0000000e+00
   0.0000000e+00
   0.0000000e+00
   0.0000000e+00
   0.0000000e+00
   0.0000000e+00
   0.0000000e+00
   0.0000000e+00
   0.0000000e+00
   0.0000000e+00
   0.0000000e+00
   0.0000000e+00
   0.0000000e+00
   0.0000000e+00
   0.0000000e+00
   0.0000000e+00
   0.0000000e+00
   0.0000000e+00
   1.1600000e-01
   3.7140000e+00
   9.6490000e+00
   3.3070000e+00
   9.7910000e+00
   9.0530000e+00
   5.7380000e+00
   5.3000000e+00
   2.7140000e+00
   1.4170000e+00
   8.8700000e-01
   7.4600000e-01
   5.6900000e-01
   1.7900000e-01
   1.1700000e-01
   2.2460000e+00
   8.9150000e+00
   6.2740000e+00
   5.1150000e+00
   5.4470000e+00
   7.4600000e+00
   7.5570000e+00
   8.4120000e+00
   5.3230000e+00
   6.2100000e+00
   7.9600000e+00
   2.2440000e+01
   4.2310000e+01
   8.2190000e+01
   1.3760000e+02
   2.3200000e+02
   2.2560000e+02
   1.4790000e+02
   1.3430000e+02
   1.7890000e+02
   2.0550000e+02
   2.0320000e+02
   1.5410000e+02
   8.8800000e+01
   1.0130000e+02
   1.3140000e+02
   1.4260000e+02
   7.8850000e+01
   6.1380000e+01
   7.7990000e+01
   9.4410000e+01
   1.0350000e+02
   1.1890000e+02
   1.2680000e+02
   1.0300000e+02
   9.0780000e+01
   1.6270000e+02
   1.1620000e+02
   8.8460000e+01
   1.1360000e+02
   1.1310000e+02
   8.7340000e+01
   7.0430000e+01
   6.8510000e+01
   7.2250000e+01
   1.4660000e+02
   9.6660000e+01
   8.0410000e+01
   6.7670000e+01
   5.7760000e+01
   5.2130000e+01
   5.2400000e+01
   6.6330000e+01
   6.8400000e+01
   6.3720000e+01
   6.1430000e+01
   5.8610000e+01
   5.8850000e+01
   5.6010000e+01
   8.3530000e+01
   9.9640000e+01
   8.3050000e+01
   8.0320000e+01
   1.0440000e+02
   1.0530000e+02
   9.3030000e+01
   8.1450000e+01
   8.5300000e+01
   8.4660000e+01
   8.5530000e+01
   8.7950000e+01
   8.6380000e+01
   7.3070000e+01
   6.4470000e+01
   5.6840000e+01
   5.2380000e+01
   5.1510000e+01
   5.0170000e+01
   5.0590000e+01
   4.1320000e+01
   4.0660000e+01
   8.6830000e+01
   9.9840000e+01
   8.4600000e+01
   9.6140000e+01
   1.4220000e+02
   1.3680000e+02
   1.5660000e+02
   1.3490000e+02
   1.4460000e+02
   1.3860000e+02
   1.1890000e+02
   1.0480000e+02
   8.7820000e+01
   1.1180000e+02
   1.4250000e+02
   1.6060000e+02
   2.0440000e+02
   2.1060000e+02
   2.0150000e+02
   1.9530000e+02
   2.1390000e+02
   2.0980000e+02
   1.7740000e+02
   1.4690000e+02
   1.2500000e+02
   1.1470000e+02
   1.0550000e+02
   9.8300000e+01
   9.1650000e+01
   8.3200000e+01
   7.7140000e+01
   7.0060000e+01
   6.9960000e+01
   6.5450000e+01
   5.4530000e+01
   4.8510000e+01
   4.2040000e+01
   3.7660000e+01
   3.3960000e+01
   3.0370000e+01
   2.8160000e+01
   2.6240000e+01
   2.3930000e+01
   2.1630000e+01
   1.9700000e+01
   1.8170000e+01
   1.6790000e+01
   1.4780000e+01
   1.2960000e+01
   1.1510000e+01
   1.0340000e+01
   9.5840000e+00
   7.8430000e+00
   7.3430000e+00
   6.4210000e+00
   5.6800000e+00
   5.2610000e+00
   4.7040000e+00
   4.1790000e+00
   3.7810000e+00
   3.2180000e+00
   2.6910000e+00
   2.4520000e+00
   2.2190000e+00
   1.9880000e+00
   1.7620000e+00
   1.5620000e+00
   1.3890000e+00
   1.2170000e+00
   1.0370000e+00
   9.4300000e-01
   1.5800000e+00
   1.1500000e+00
   7.3000000e-01
   6.1800000e-01
   5.0100000e-01
   3.8500000e-01
   3.0600000e-01
   4.5200000e-01
   3.7700000e-01
   1.3100000e-01
   8.5000000e-02
   3.5000000e-02
   2.0000000e-03
   0.0000000e+00
   0.0000000e+00
   0.0000000e+00
   0.0000000e+00
   0.0000000e+00
   0.0000000e+00
   0.0000000e+00
   0.0000000e+00
   0.0000000e+00
   0.0000000e+00
   0.0000000e+00
   0.0000000e+00
   0.0000000e+00
   0.0000000e+00
   0.0000000e+00
   0.0000000e+00
   0.0000000e+00
   0.0000000e+00
