   0.0000000e+00
   0.0000000e+00
   0.0000000e+00
   0.0000000e+00
   0.0000000e+00
   0.0000000e+00
   0.0000000e+00
   0.0000000e+00
   0.0000000e+00
   0.0000000e+00
   0.0000000e+00
   0.0000000e+00
   0.0000000e+00
   0.0000000e+00
   0.0000000e+00
   0.0000000e+00
   0.0000000e+00
   0.0000000e+00
   1.6000000e-01
   0.0000000e+00
   0.0000000e+00
   0.0000000e+00
   0.0000000e+00
   0.0000000e+00
   0.0000000e+00
   0.0000000e+00
   0.0000000e+00
   0.0000000e+00
   0.0000000e+00
   0.0000000e+00
   0.0000000e+00
   0.0000000e+00
   0.0000000e+00
   0.0000000e+00
   1.3000000e-01
   0.0000000e+00
   0.0000000e+00
   5.0000000e-02
   1.0000000e-02
   2.0000000e-02
   1.2800000e+00
   0.0000000e+00
   0.0000000e+00
   0.0000000e+00
   0.0000000e+00
   1.4080000e+01
   1.2400000e+00
   2.0000000e-02
   1.0000000e-02
   1.0000000e-02
   0.0000000e+00
   1.0000000e-02
   0.0000000e+00
   0.0000000e+00
   0.0000000e+00
   0.0000000e+00
   0.0000000e+00
   0.0000000e+00
   0.0000000e+00
   0.0000000e+00
   2.0400000e+00
   3.0000000e-02
   4.2000000e-01
   0.0000000e+00
   0.0000000e+00
   2.3000000e-01
   5.0000000e-02
   0.0000000e+00
   0.0000000e+00
   0.0000000e+00
   0.0000000e+00
   0.0000000e+00
   0.0000000e+00
   0.0000000e+00
   0.0000000e+00
   0.0000000e+00
   0.0000000e+00
   0.0000000e+00
   8.3000000e-01
   0.0000000e+00
   0.0000000e+00
   0.0000000e+00
   3.0000000e-02
   0.0000000e+00
   0.0000000e+00
   0.0000000e+00
   0.0000000e+00
   0.0000000e+00
   0.0000000e+00
   0.0000000e+00
   0.0000000e+00
   0.0000000e+00
   0.0000000e+00
   0.0000000e+00
   1.0000000e-02
   4.0000000e-02
   0.0000000e+00
   0.0000000e+00
   0.0000000e+00
   0.0000000e+00
   0.0000000e+00
   0.0000000e+00
   0.0000000e+00
   0.0000000e+00
   0.0000000e+00
   0.0000000e+00
   0.0000000e+00
   0.0000000e+00
   1.4000000e-01
   5.0000000e+00
   6.0000000e-02
   2.0000000e-02
   2.2600000e+00
   4.0200000e+00
   2.2800000e+00
   2.4200000e+00
   5.7000000e-01
   0.0000000e+00
   2.0000000e-02
   3.2000000e-01
   2.6100000e+00
   0.0000000e+00
   3.2900000e+00
   0.0000000e+00
   4.6500000e+00
   3.0000000e-02
   1.0240000e+01
   7.7300000e+00
   2.7100000e+00
   1.5670000e+01
   7.0600000e+00
   2.0000000e-02
   0.0000000e+00
   7.7000000e-01
   1.1110000e+01
   5.3000000e-01
   1.4000000e-01
   2.9300000e+00
   3.7900000e+00
   1.4770000e+01
   9.0700000e+00
   1.6500000e+00
   6.1000000e-01
   5.0000000e-02
   1.6000000e-01
   1.1460000e+01
   4.0000000e-02
   2.0000000e-02
   0.0000000e+00
   6.0000000e-02
   1.2700000e+00
   7.6000000e-01
   1.1200000e+00
   2.8200000e+00
   4.0000000e-02
   5.7100000e+00
   2.7000000e+00
   6.8000000e-01
   2.4000000e-01
   1.8000000e-01
   1.8980000e+01
   2.9000000e-01
   2.3800000e+00
   3.2000000e-01
   1.7910000e+01
   1.0280000e+01
   4.2000000e-01
   1.1910000e+01
   2.2600000e+00
   1.5440000e+01
   2.7200000e+00
   3.5000000e-01
   3.8100000e+00
   8.8800000e+00
   3.7700000e+00
   1.3200000e+00
   3.5000000e-01
   3.5000000e-01
   3.0000000e-02
   5.3300000e+00
   1.8100000e+00
   7.2200000e+00
   1.3800000e+00
   1.9100000e+00
   7.6800000e+00
   6.5400000e+00
   2.4500000e+00
   2.0800000e+00
   2.0000000e-02
   7.0000000e-02
   1.5400000e+00
   8.0000000e-02
   5.3000000e-01
   0.0000000e+00
   1.0000000e-02
   1.8170000e+01
   4.9800000e+00
   8.9000000e-01
   1.3730000e+01
   6.2400000e+00
   1.6890000e+01
   1.3550000e+01
   1.4490000e+01
   1.5340000e+01
   1.0000000e+00
   6.1800000e+00
   7.4500000e+00
   4.0000000e-02
   8.7500000e+00
   5.9400000e+00
   1.1000000e-01
   5.9500000e+00
   2.5000000e-01
   1.5700000e+01
   1.3200000e+00
   4.3900000e+00
   1.0750000e+01
   6.5000000e+00
   4.7200000e+00
   3.4600000e+00
   3.1300000e+00
   1.5000000e-01
   1.9320000e+01
   1.3440000e+01
   4.5300000e+00
   6.0000000e-01
   4.4000000e+00
   1.0160000e+01
   3.2300000e+00
   1.9690000e+01
   1.9200000e+00
   9.6000000e-01
   1.9000000e-01
   2.1000000e-01
   2.3550000e+01
   1.8860000e+01
   7.4000000e-01
   1.2200000e+00
   2.0390000e+01
   5.8800000e+00
   6.2300000e+00
   1.8020000e+01
   1.7370000e+01
   1.3090000e+01
   1.8900000e+00
   3.1000000e-01
   3.1880000e+01
   1.5000000e-01
   7.2900000e+00
   3.9100000e+00
   4.1300000e+00
   1.7600000e+00
   9.4300000e+00
   4.5700000e+00
   3.2990000e+01
   1.5730000e+01
   2.6000000e-01
   5.0000000e-02
   1.3440000e+01
   9.2000000e-01
   1.3500000e+00
   3.0900000e+00
   1.2930000e+01
   1.8900000e+00
   4.4000000e-01
   3.0340000e+01
   1.4400000e+00
   8.3000000e-01
   9.1200000e+00
   6.4200000e+00
   3.9000000e-01
   7.2600000e+00
   4.9000000e-01
   1.0760000e+01
   3.6100000e+00
   6.5100000e+00
   3.9000000e+00
   2.8200000e+00
   2.5000000e-01
   3.2000000e-01
   2.4990000e+01
   6.3500000e+00
   5.3200000e+00
   9.0000000e-02
   1.1300000e+01
   6.2600000e+00
   1.9000000e-01
   1.1600000e+00
   4.0000000e-02
   1.9200000e+00
   4.0000000e-02
   1.0570000e+01
   3.7000000e-01
   1.4000000e-01
   4.8000000e-01
   7.0000000e-02
   7.4500000e+00
   6.7000000e-01
   3.3000000e+00
   1.6000000e-01
   1.0000000e-01
   6.8000000e-01
   1.2000000e-01
   1.3000000e-01
   2.4000000e-01
   3.9200000e+00
   8.0000000e-02
   7.0000000e-02
   0.0000000e+00
   1.2000000e-01
   2.4000000e-01
   0.0000000e+00
   0.0000000e+00
   0.0000000e+00
   0.0000000e+00
   0.0000000e+00
   0.0000000e+00
   0.0000000e+00
   0.0000000e+00
   0.0000000e+00
   0.0000000e+00
   0.0000000e+00
   0.0000000e+00
   0.0000000e+00
   0.0000000e+00
   0.0000000e+00
   0.0000000e+00
   0.0000000e+00
   0.0000000e+00
   0.0000000e+00
   0.0000000e+00
   0.0000000e+00
   0.0000000e+00
   0.0000000e+00
   0.0000000e+00
   0.0000000e+00
   0.0000000e+00
   0.0000000e+00
   0.0000000e+00
   0.0000000e+00
   0.0000000e+00
   0.0000000e+00
   0.0000000e+00
   0.0000000e+00
   0.0000000e+00
   0.0000000e+00
   0.0000000e+00
   0.0000000e+00
   0.0000000e+00
   0.0000000e+00
   0.0000000e+00
   0.0000000e+00
   0.0000000e+00
   0.0000000e+00
   0.0000000e+00
   0.0000000e+00
   0.0000000e+00
   0.0000000e+00
   0.0000000e+00
   0.0000000e+00
   0.0000000e+00
   0.0000000e+00
   0.0000000e+00
   0.0000000e+00
   0.0000000e+00
   0.0000000e+00
   0.0000000e+00
   0.0000000e+00
   0.0000000e+00
   0.0000000e+00
   0.0000000e+00
   0.0000000e+00
   0.0000000e+00
   0.0000000e+00
   0.0000000e+00
   0.0000000e+00
   0.0000000e+00
   0.0000000e+00
   0.0000000e+00
   0.0000000e+00
   0.0000000e+00
   0.0000000e+00
   0.0000000e+00
   0.0000000e+00
   0.0000000e+00
   0.0000000e+00
   0.0000000e+00
   0.0000000e+00
   0.0000000e+00
   0.0000000e+00
   0.0000000e+00
   0.0000000e+00
   0.0000000e+00
   0.0000000e+00
   4.0000000e-02
   0.0000000e+00
   0.0000000e+00
   0.0000000e+00
   0.0000000e+00
   0.0000000e+00
   0.0000000e+00
   0.0000000e+00
   1.0800000e+00
   0.0000000e+00
   0.0000000e+00
   0.0000000e+00
   0.0000000e+00
   0.0000000e+00
   0.0000000e+00
   0.0000000e+00
   0.0000000e+00
   0.0000000e+00
   0.0000000e+00
   0.0000000e+00
   0.0000000e+00
   0.0000000e+00
   0.0000000e+00
   0.0000000e+00
   0.0000000e+00
   0.0000000e+00
   0.0000000e+00
   0.0000000e+00
   0.0000000e+00
   0.0000000e+00
   0.0000000e+00
   0.0000000e+00
   0.0000000e+00
   0.0000000e+00
   0.0000000e+00
   0.0000000e+00
   0.0000000e+00
   0.0000000e+00
   0.0000000e+00
   0.0000000e+00
   0.0000000e+00
   0.0000000e+00
   0.0000000e+00
   0.0000000e+00
   0.0000000e+00
   0.0000000e+00
   0.0000000e+00
   0.0000000e+00
   0.0000000e+00
   0.0000000e+00
   4.0000000e-02
   4.9000000e-01
   0.0000000e+00
   0.0000000e+00
   0.0000000e+00
   0.0000000e+00
   2.0000000e-02
   4.2900000e+00
   7.6000000e-01
   4.2600000e+00
   7.1300000e+00
   0.0000000e+00
   0.0000000e+00
   7.0600000e+00
   7.0000000e-02
   2.0260000e+01
   2.0700000e+00
   2.0000000e-02
   0.0000000e+00
   0.0000000e+00
   0.0000000e+00
   5.7800000e+00
   3.0000000e-02
   3.4000000e-01
   5.2700000e+00
   4.0700000e+00
   9.7500000e+00
   3.8000000e-01
   5.1900000e+00
   1.0000000e-02
   4.9500000e+00
   1.9730000e+01
   5.5000000e-01
   1.0000000e-02
   2.0900000e+00
   2.0900000e+00
   5.4000000e+00
   1.5800000e+00
   1.1000000e-01
   0.0000000e+00
   3.8900000e+01
   3.3000000e-01
   6.6600000e+00
   2.1000000e-01
   3.8000000e-01
   3.0100000e+00
   3.9900000e+00
   3.0000000e-02
   1.0000000e-02
   1.9000000e-01
   0.0000000e+00
   0.0000000e+00
   3.3310000e+01
   2.4400000e+00
   4.0000000e-02
   0.0000000e+00
   8.0000000e-02
   8.2600000e+00
   1.0100000e+00
   1.1990000e+01
   1.1600000e+00
   1.6040000e+01
   5.7000000e-01
   0.0000000e+00
   3.0000000e-02
   8.0000000e-02
   6.6700000e+00
   3.0000000e-02
   2.0160000e+01
   7.2000000e-01
   6.0000000e-02
   2.1250000e+01
   2.6500000e+00
   1.0000000e-02
   4.3300000e+00
   1.0800000e+00
   2.2800000e+00
   6.4300000e+00
   1.1000000e-01
   2.4600000e+00
   2.0000000e-01
   1.9000000e-01
   2.0000000e-02
   4.0000000e-01
   2.0000000e-02
   2.0000000e-02
   1.5280000e+01
   1.0000000e-02
   3.0000000e-02
   7.5800000e+00
   1.1500000e+00
   2.0000000e-02
   0.0000000e+00
   4.3400000e+00
   3.4500000e+00
   2.0000000e-02
   2.0000000e-01
   2.2190000e+01
   6.5200000e+00
   4.2000000e-01
   6.0100000e+00
   4.4800000e+00
   4.0000000e+00
   6.4900000e+00
   4.3500000e+00
   1.2000000e-01
   0.0000000e+00
   1.0000000e-02
   6.1000000e-01
   6.7000000e-01
   0.0000000e+00
   1.7600000e+00
   1.4600000e+00
   1.3040000e+01
   1.0040000e+01
   8.9400000e+00
   7.0000000e+00
   1.0590000e+01
   2.1000000e-01
   3.7000000e-01
   1.8370000e+01
   1.4380000e+01
   6.7000000e+00
   1.3000000e-01
   3.3000000e+00
   1.1070000e+01
   1.6520000e+01
   3.6700000e+00
   3.3700000e+00
   6.3700000e+00
   1.3940000e+01
   1.0910000e+01
   8.2600000e+00
   2.5100000e+00
   2.3000000e-01
   3.7000000e-01
   1.1300000e+00
   5.7000000e-01
   2.0800000e+00
   1.6410000e+01
   1.9500000e+00
   2.3700000e+00
   8.4300000e+00
   4.8500000e+00
   2.5140000e+01
   4.8600000e+00
   1.3700000e+00
   2.7260000e+01
   4.0000000e-02
   8.3000000e-01
   1.9310000e+01
   2.0390000e+01
   7.9100000e+00
   1.2000000e-01
   9.4100000e+00
   1.1920000e+01
   7.2500000e+00
   9.2900000e+00
   1.7630000e+01
   1.9920000e+01
   1.0120000e+01
   3.6700000e+00
   4.8400000e+01
   8.7900000e+00
   8.6000000e-01
   9.4900000e+00
   1.8470000e+01
   2.5400000e+01
   1.2680000e+01
   1.3500000e+00
   1.9510000e+01
   1.6810000e+01
   4.8600000e+00
   1.2800000e+00
   8.0900000e+00
   1.1040000e+01
   4.8000000e-01
   6.2800000e+00
   4.7900000e+00
   6.8600000e+00
   2.6300000e+01
   1.3200000e+00
   4.1000000e-01
   1.1680000e+01
   1.0540000e+01
   2.9600000e+00
   1.0560000e+01
   2.3840000e+01
   1.7000000e-01
   2.6000000e+00
   7.7700000e+00
   2.8000000e-01
   2.1600000e+00
   2.8900000e+00
   3.0000000e-02
   5.0000000e-02
   2.0900000e+00
   1.0470000e+01
   8.7600000e+00
   2.6600000e+00
   4.1900000e+00
   2.0000000e-01
   2.9500000e+00
   1.0000000e-01
   6.0000000e-02
   6.0000000e-02
   6.0000000e-02
   2.2000000e-01
   8.0000000e-02
   3.7000000e-01
   5.0000000e-02
   5.4600000e+00
   1.4840000e+01
   1.3000000e+00
   3.0000000e-02
   1.5000000e-01
   2.0000000e-02
   2.0000000e-02
   7.9900000e+00
   1.3000000e-01
   1.6900000e+00
   0.0000000e+00
   2.3600000e+00
   8.0000000e-02
   7.0000000e-02
   4.0000000e-02
   2.6000000e-01
   8.0000000e-02
   2.8000000e-01
   1.0000000e-02
   8.0000000e-02
   3.1000000e-01
   0.0000000e+00
   0.0000000e+00
   0.0000000e+00
   0.0000000e+00
   4.0000000e-02
   0.0000000e+00
   2.9400000e+00
   2.6900000e+00
   3.0000000e-02
   7.0000000e-02
   4.0000000e-02
   2.0000000e-02
   7.7000000e-01
   8.0000000e-02
   0.0000000e+00
   0.0000000e+00
   0.0000000e+00
   0.0000000e+00
   6.0000000e-02
   7.0000000e-02
   1.3000000e+00
   0.0000000e+00
   0.0000000e+00
   5.1000000e-01
   3.0000000e-02
   2.9500000e+00
   0.0000000e+00
   0.0000000e+00
   0.0000000e+00
   0.0000000e+00
   5.7800000e+00
   0.0000000e+00
   0.0000000e+00
   0.0000000e+00
   0.0000000e+00
   0.0000000e+00
   0.0000000e+00
   0.0000000e+00
   0.0000000e+00
   0.0000000e+00
   0.0000000e+00
   0.0000000e+00
   0.0000000e+00
   0.0000000e+00
   0.0000000e+00
   0.0000000e+00
   0.0000000e+00
   0.0000000e+00
   0.0000000e+00
   0.0000000e+00
   0.0000000e+00
