   0.0000000e+00
   0.0000000e+00
   0.0000000e+00
   0.0000000e+00
   0.0000000e+00
   0.0000000e+00
   0.0000000e+00
   0.0000000e+00
   0.0000000e+00
   0.0000000e+00
   0.0000000e+00
   0.0000000e+00
   0.0000000e+00
   0.0000000e+00
   0.0000000e+00
   0.0000000e+00
   0.0000000e+00
   0.0000000e+00
   0.0000000e+00
   0.0000000e+00
   0.0000000e+00
   0.0000000e+00
   0.0000000e+00
   0.0000000e+00
   0.0000000e+00
   0.0000000e+00
   0.0000000e+00
   0.0000000e+00
   0.0000000e+00
   0.0000000e+00
   0.0000000e+00
   0.0000000e+00
   0.0000000e+00
   0.0000000e+00
   0.0000000e+00
   0.0000000e+00
   0.0000000e+00
   0.0000000e+00
   0.0000000e+00
   0.0000000e+00
   0.0000000e+00
   0.0000000e+00
   0.0000000e+00
   0.0000000e+00
   0.0000000e+00
   0.0000000e+00
   0.0000000e+00
   0.0000000e+00
   0.0000000e+00
   0.0000000e+00
   0.0000000e+00
   0.0000000e+00
   0.0000000e+00
   0.0000000e+00
   0.0000000e+00
   0.0000000e+00
   0.0000000e+00
   0.0000000e+00
   0.0000000e+00
   0.0000000e+00
   3.0000000e-02
   4.0000000e-02
   0.0000000e+00
   0.0000000e+00
   0.0000000e+00
   2.0000000e-02
   4.7100000e+00
   5.1000000e+00
   1.9440000e+01
   1.8900000e+00
   2.1000000e-01
   0.0000000e+00
   0.0000000e+00
   4.0000000e-02
   1.5000000e-01
   1.0000000e-02
   2.2000000e-01
   4.0000000e-01
   0.0000000e+00
   0.0000000e+00
   0.0000000e+00
   0.0000000e+00
   0.0000000e+00
   0.0000000e+00
   0.0000000e+00
   0.0000000e+00
   0.0000000e+00
   1.3830000e+01
   2.4000000e-01
   0.0000000e+00
   0.0000000e+00
   0.0000000e+00
   1.3000000e-01
   8.6000000e-01
   2.9200000e+00
   4.1700000e+00
   7.1100000e+00
   1.4280000e+01
   2.3200000e+00
   9.2000000e-01
   5.0000000e-02
   0.0000000e+00
   7.0000000e-01
   1.0870000e+01
   2.0000000e-01
   0.0000000e+00
   1.9000000e-01
   3.1900000e+00
   1.2700000e+00
   0.0000000e+00
   0.0000000e+00
   2.8000000e-01
   1.5000000e-01
   5.3400000e+00
   6.7000000e-01
   7.0000000e-02
   0.0000000e+00
   2.6000000e-01
   1.9500000e+00
   1.0700000e+00
   1.5100000e+00
   6.0000000e-02
   4.5100000e+00
   1.6200000e+00
   6.0200000e+00
   5.4200000e+00
   1.8100000e+00
   5.9200000e+00
   1.0230000e+01
   1.5000000e+00
   2.4000000e-01
   6.0000000e-01
   8.3900000e+00
   1.6240000e+01
   3.2900000e+00
   0.0000000e+00
   3.0000000e-01
   1.7100000e+00
   1.0020000e+01
   1.6900000e+00
   1.2000000e+00
   5.7000000e-01
   1.6100000e+00
   4.1200000e+00
   5.0800000e+00
   8.2000000e-01
   4.3600000e+00
   9.2400000e+00
   4.5500000e+00
   9.8000000e-01
   7.0000000e-01
   9.6600000e+00
   7.4300000e+00
   4.0400000e+00
   2.8900000e+00
   3.2300000e+00
   0.0000000e+00
   8.5600000e+00
   1.1600000e+00
   4.9000000e-01
   5.5400000e+00
   9.9000000e-01
   3.0200000e+00
   8.4700000e+00
   4.2800000e+00
   6.4300000e+00
   2.6900000e+00
   1.8500000e+00
   2.6100000e+00
   5.1000000e+00
   5.9000000e-01
   5.7300000e+00
   5.0500000e+00
   1.6000000e-01
   6.5500000e+00
   1.1550000e+01
   1.8820000e+01
   9.2900000e+00
   9.1500000e+00
   0.0000000e+00
   2.7400000e+00
   0.0000000e+00
   1.0450000e+01
   4.0200000e+00
   4.6600000e+00
   3.3000000e-01
   4.3000000e+00
   1.0920000e+01
   5.1000000e-01
   4.5400000e+00
   7.0400000e+00
   1.3700000e+00
   1.1920000e+01
   3.2000000e-01
   0.0000000e+00
   3.8000000e-01
   1.1810000e+01
   1.4080000e+01
   1.2230000e+01
   4.1900000e+00
   8.6000000e-01
   5.4300000e+00
   6.4000000e+00
   1.2600000e+00
   1.6100000e+00
   1.8300000e+00
   1.6000000e-01
   1.5000000e+00
   3.4700000e+00
   3.1700000e+00
   7.4800000e+00
   7.1900000e+00
   8.3800000e+00
   4.2500000e+00
   1.7700000e+00
   3.0000000e-01
   1.2290000e+01
   2.6040000e+01
   7.2600000e+00
   2.1000000e+00
   3.5200000e+00
   2.5280000e+01
   1.4500000e+00
   1.0700000e+01
   1.3060000e+01
   1.9830000e+01
   1.7130000e+01
   4.5800000e+00
   1.8280000e+01
   8.9600000e+00
   5.5500000e+00
   8.3600000e+00
   1.6660000e+01
   8.8500000e+00
   2.0000000e+00
   1.4330000e+01
   2.0500000e+00
   3.3400000e+00
   9.2400000e+00
   4.1000000e+00
   2.6510000e+01
   9.6800000e+00
   1.2200000e+00
   1.0200000e+00
   1.2100000e+01
   2.2200000e+00
   2.1090000e+01
   1.8200000e+00
   2.6220000e+01
   6.7000000e-01
   1.1500000e+00
   2.0800000e+00
   8.1500000e+00
   1.3500000e+00
   5.1900000e+00
   2.1280000e+01
   1.4050000e+01
   2.2040000e+01
   6.2500000e+00
   2.8000000e+00
   2.1210000e+01
   1.2350000e+01
   7.1000000e-01
   1.3700000e+00
   6.3600000e+00
   1.8700000e+00
   3.3700000e+00
   5.6200000e+00
   2.8000000e-01
   4.4000000e-01
   3.2200000e+00
   5.1600000e+00
   1.3330000e+01
   7.6000000e+00
   1.9050000e+01
   1.4790000e+01
   1.3830000e+01
   8.0000000e+00
   8.1500000e+00
   5.5300000e+00
   1.2340000e+01
   5.9400000e+00
   3.6900000e+00
   6.5900000e+00
   4.2100000e+00
   3.1500000e+00
   1.9800000e+00
   6.9000000e-01
   2.8700000e+00
   1.6800000e+00
   1.0400000e+00
   1.9300000e+00
   0.0000000e+00
   6.9000000e-01
   2.0000000e-02
   3.7000000e-01
   1.2600000e+00
   1.0300000e+00
   2.0600000e+00
   7.5000000e-01
   0.0000000e+00
   0.0000000e+00
   0.0000000e+00
   0.0000000e+00
   0.0000000e+00
   0.0000000e+00
   0.0000000e+00
   2.0000000e-02
   1.0600000e+00
   5.2000000e-01
   0.0000000e+00
   0.0000000e+00
   0.0000000e+00
   0.0000000e+00
   0.0000000e+00
   0.0000000e+00
   0.0000000e+00
   0.0000000e+00
   0.0000000e+00
   0.0000000e+00
   0.0000000e+00
   0.0000000e+00
   0.0000000e+00
   0.0000000e+00
   0.0000000e+00
   0.0000000e+00
   0.0000000e+00
   0.0000000e+00
   0.0000000e+00
   0.0000000e+00
   0.0000000e+00
   0.0000000e+00
   0.0000000e+00
   0.0000000e+00
   0.0000000e+00
   0.0000000e+00
   0.0000000e+00
   0.0000000e+00
   0.0000000e+00
   0.0000000e+00
   0.0000000e+00
   0.0000000e+00
   0.0000000e+00
   0.0000000e+00
   0.0000000e+00
   0.0000000e+00
   0.0000000e+00
   0.0000000e+00
   0.0000000e+00
   0.0000000e+00
   0.0000000e+00
   0.0000000e+00
   0.0000000e+00
   0.0000000e+00
   0.0000000e+00
   0.0000000e+00
   0.0000000e+00
   0.0000000e+00
   0.0000000e+00
   0.0000000e+00
   0.0000000e+00
   0.0000000e+00
   0.0000000e+00
   0.0000000e+00
   0.0000000e+00
   0.0000000e+00
   0.0000000e+00
   0.0000000e+00
   0.0000000e+00
   0.0000000e+00
   0.0000000e+00
   0.0000000e+00
   0.0000000e+00
   0.0000000e+00
   0.0000000e+00
   0.0000000e+00
   1.1200000e+00
   8.4000000e-01
   0.0000000e+00
   0.0000000e+00
   1.0000000e-02
   0.0000000e+00
   0.0000000e+00
   0.0000000e+00
   3.9000000e-01
   0.0000000e+00
   1.0000000e-02
   0.0000000e+00
   0.0000000e+00
   0.0000000e+00
   0.0000000e+00
   0.0000000e+00
   0.0000000e+00
   0.0000000e+00
   0.0000000e+00
   0.0000000e+00
   0.0000000e+00
   0.0000000e+00
   0.0000000e+00
   0.0000000e+00
   0.0000000e+00
   0.0000000e+00
   0.0000000e+00
   0.0000000e+00
   2.0000000e-02
   0.0000000e+00
   0.0000000e+00
   0.0000000e+00
   0.0000000e+00
   0.0000000e+00
   1.6400000e+00
   2.4000000e-01
   4.5700000e+00
   4.0300000e+00
   0.0000000e+00
   0.0000000e+00
   0.0000000e+00
   0.0000000e+00
   0.0000000e+00
   4.4000000e-01
   0.0000000e+00
   0.0000000e+00
   8.7000000e-01
   0.0000000e+00
   0.0000000e+00
   0.0000000e+00
   0.0000000e+00
   0.0000000e+00
   0.0000000e+00
   0.0000000e+00
   0.0000000e+00
   0.0000000e+00
   0.0000000e+00
   0.0000000e+00
   0.0000000e+00
   0.0000000e+00
   1.4500000e+00
   0.0000000e+00
   0.0000000e+00
   0.0000000e+00
   0.0000000e+00
   0.0000000e+00
   0.0000000e+00
   0.0000000e+00
   0.0000000e+00
   2.8000000e+00
   9.2600000e+00
   5.9000000e-01
   1.8000000e-01
   0.0000000e+00
   0.0000000e+00
   0.0000000e+00
   3.0000000e-01
   4.9000000e-01
   0.0000000e+00
   0.0000000e+00
   0.0000000e+00
   1.1800000e+00
   0.0000000e+00
   2.0600000e+00
   3.2700000e+00
   4.6100000e+00
   1.0400000e+00
   4.0000000e-01
   0.0000000e+00
   5.1600000e+00
   1.4100000e+00
   0.0000000e+00
   3.6000000e-01
   8.7200000e+00
   1.6500000e+00
   0.0000000e+00
   1.0300000e+00
   3.0500000e+00
   1.9640000e+01
   1.5000000e-01
   2.2200000e+00
   6.4000000e-01
   4.6000000e-01
   5.1000000e-01
   0.0000000e+00
   6.6100000e+00
   1.1400000e+00
   8.2200000e+00
   2.8400000e+00
   0.0000000e+00
   2.9900000e+00
   0.0000000e+00
   6.2000000e-01
   8.4000000e-01
   1.0300000e+00
   3.4600000e+00
   2.2300000e+00
   8.4000000e-01
   2.2700000e+00
   9.5000000e-01
   8.3200000e+00
   1.4300000e+00
   5.7000000e-01
   3.0900000e+00
   5.5000000e-01
   3.5000000e+00
   4.2100000e+00
   0.0000000e+00
   4.1100000e+00
   5.3400000e+00
   7.7000000e+00
   5.7000000e-01
   2.0600000e+00
   1.3200000e+00
   1.9700000e+00
   1.9800000e+00
   7.8300000e+00
   2.5230000e+01
   1.7170000e+01
   1.2600000e+00
   4.8100000e+00
   2.6980000e+01
   2.3000000e-01
   6.5900000e+00
   6.2900000e+00
   9.9500000e+00
   5.1300000e+00
   1.9980000e+01
   1.1000000e-01
   1.1740000e+01
   6.8500000e+00
   2.8900000e+00
   2.3320000e+01
   2.7800000e+00
   1.6000000e+00
   0.0000000e+00
   3.2000000e-01
   8.8900000e+00
   1.7500000e+00
   9.3200000e+00
   9.6000000e-01
   9.6000000e-01
   5.3000000e-01
   1.1550000e+01
   1.7120000e+01
   1.7330000e+01
   4.2800000e+00
   6.8000000e-01
   1.4520000e+01
   6.4400000e+00
   1.0000000e-01
   1.4910000e+01
   3.5000000e+00
   1.4330000e+01
   2.2000000e-01
   2.2900000e+00
   2.4700000e+00
   6.5400000e+00
   6.0000000e-01
   1.3960000e+01
   2.0600000e+00
   7.9000000e-01
   1.1000000e-01
   7.2200000e+00
   2.6500000e+00
   1.3070000e+01
   1.3060000e+01
   1.5400000e+00
   4.0300000e+00
   4.1900000e+00
   7.0400000e+00
   3.3900000e+00
   3.0600000e+00
   2.9700000e+00
   7.2000000e-01
   4.6300000e+00
   3.7600000e+00
   1.2000000e+00
   0.0000000e+00
   1.5180000e+01
   2.2190000e+01
   2.7290000e+01
   3.2700000e+00
   4.4000000e+00
   7.9400000e+00
   3.2900000e+00
   1.6770000e+01
   1.7080000e+01
   2.1700000e+00
   3.2700000e+00
   9.9400000e+00
   1.8860000e+01
   2.1090000e+01
   1.6180000e+01
   6.6300000e+00
   3.8500000e+00
   1.4740000e+01
   8.7100000e+00
   1.5190000e+01
   2.1110000e+01
   2.7960000e+01
   9.4700000e+00
   1.1240000e+01
   6.7400000e+00
   6.1500000e+00
   5.2800000e+00
   2.8300000e+00
   9.7900000e+00
   8.5200000e+00
   8.8000000e+00
   1.2600000e+01
   1.2660000e+01
   1.3110000e+01
   2.0400000e+00
   6.0500000e+00
   7.5600000e+00
   1.0910000e+01
   4.2000000e+00
   2.5550000e+01
   8.4300000e+00
   1.2660000e+01
   3.9400000e+00
   3.7000000e-01
   4.8100000e+00
   9.1700000e+00
   5.3900000e+00
   3.3200000e+00
   1.5060000e+01
   2.2500000e+00
   5.9800000e+00
   2.0800000e+01
   4.6400000e+00
   4.1400000e+00
   1.2200000e+01
   1.1430000e+01
   5.4300000e+00
   5.3600000e+00
   4.0500000e+00
   1.5800000e+00
   1.3190000e+01
   6.1600000e+00
   9.0900000e+00
   2.4900000e+00
   1.6870000e+01
   7.0800000e+00
   5.7800000e+00
   1.8700000e+00
   4.6000000e+00
   1.6800000e+00
   3.7200000e+00
   1.5600000e+00
   3.1000000e-01
   4.0000000e-02
   6.0200000e+00
   4.0500000e+00
   1.8290000e+01
   9.6900000e+00
   7.1500000e+00
   5.6400000e+00
   2.9700000e+00
   1.0200000e+00
   9.1000000e-01
   5.0000000e-02
   4.0000000e-02
   0.0000000e+00
   5.2000000e-01
   5.0000000e-02
   1.7700000e+00
   9.4000000e-01
   1.2600000e+00
   3.5000000e-01
   0.0000000e+00
   3.5000000e-01
   6.2000000e-01
   4.5300000e+00
   3.1200000e+00
   2.3300000e+00
   0.0000000e+00
   0.0000000e+00
   3.2000000e-01
   1.9300000e+00
   2.0100000e+00
   0.0000000e+00
   0.0000000e+00
   7.9000000e-01
   3.2000000e-01
   2.1200000e+00
   0.0000000e+00
   0.0000000e+00
   0.0000000e+00
   0.0000000e+00
   0.0000000e+00
   0.0000000e+00
   0.0000000e+00
   0.0000000e+00
   0.0000000e+00
   0.0000000e+00
   0.0000000e+00
   0.0000000e+00
   0.0000000e+00
   0.0000000e+00
   0.0000000e+00
   0.0000000e+00
   0.0000000e+00
   0.0000000e+00
   0.0000000e+00
   0.0000000e+00
   0.0000000e+00
   0.0000000e+00
   0.0000000e+00
   0.0000000e+00
   0.0000000e+00
   0.0000000e+00
   0.0000000e+00
   0.0000000e+00
   0.0000000e+00
   0.0000000e+00
   0.0000000e+00
   0.0000000e+00
   0.0000000e+00
   0.0000000e+00
   0.0000000e+00
   0.0000000e+00
   0.0000000e+00
   0.0000000e+00
   0.0000000e+00
   0.0000000e+00
   0.0000000e+00
   0.0000000e+00
   0.0000000e+00
   0.0000000e+00
   0.0000000e+00
   0.0000000e+00
   0.0000000e+00
   0.0000000e+00
   0.0000000e+00
   0.0000000e+00
   0.0000000e+00
   0.0000000e+00
   0.0000000e+00
   0.0000000e+00
   0.0000000e+00
   0.0000000e+00
   0.0000000e+00
   0.0000000e+00
   0.0000000e+00
   0.0000000e+00
   0.0000000e+00
   0.0000000e+00
   0.0000000e+00
   0.0000000e+00
   0.0000000e+00
   0.0000000e+00
   0.0000000e+00
   2.5630000e+01
   7.6700000e+00
   0.0000000e+00
   0.0000000e+00
   0.0000000e+00
   0.0000000e+00
   0.0000000e+00
   0.0000000e+00
   0.0000000e+00
   0.0000000e+00
   0.0000000e+00
   0.0000000e+00
   0.0000000e+00
   0.0000000e+00
   0.0000000e+00
   0.0000000e+00
   0.0000000e+00
   0.0000000e+00
   0.0000000e+00
   0.0000000e+00
   0.0000000e+00
   0.0000000e+00
   0.0000000e+00
   0.0000000e+00
   0.0000000e+00
   0.0000000e+00
   0.0000000e+00
   0.0000000e+00
   0.0000000e+00
   0.0000000e+00
   0.0000000e+00
   0.0000000e+00
   0.0000000e+00
   0.0000000e+00
   0.0000000e+00
   0.0000000e+00
   0.0000000e+00
   6.4000000e-01
   1.2000000e-01
   2.1400000e+00
   4.9500000e+00
   5.1700000e+00
   9.1000000e-01
   0.0000000e+00
   0.0000000e+00
   0.0000000e+00
   0.0000000e+00
   0.0000000e+00
   0.0000000e+00
   0.0000000e+00
   0.0000000e+00
   0.0000000e+00
   0.0000000e+00
   0.0000000e+00
   0.0000000e+00
   0.0000000e+00
   0.0000000e+00
   0.0000000e+00
   0.0000000e+00
   0.0000000e+00
   0.0000000e+00
   0.0000000e+00
   0.0000000e+00
   0.0000000e+00
   0.0000000e+00
   0.0000000e+00
   0.0000000e+00
   0.0000000e+00
   0.0000000e+00
   1.1000000e-01
   6.1000000e+00
   6.1900000e+00
   6.5000000e-01
   0.0000000e+00
   0.0000000e+00
   5.5500000e+00
   2.2240000e+01
   8.0000000e-02
   1.2400000e+00
   0.0000000e+00
   7.0000000e-01
   2.4900000e+00
   4.1600000e+00
   3.6000000e-01
   0.0000000e+00
   1.2800000e+00
   3.4400000e+00
   1.6000000e-01
   2.5000000e-01
   3.8700000e+00
   2.3900000e+00
   1.1100000e+00
   1.1500000e+00
   1.7000000e+00
   1.5000000e-01
   7.0000000e-01
   7.4500000e+00
   7.5100000e+00
   1.5790000e+01
   3.0000000e-01
   1.2000000e-01
   2.0800000e+00
   5.0000000e-02
   2.5100000e+00
   2.9000000e-01
   1.7690000e+01
   9.2800000e+00
   1.6600000e+00
   0.0000000e+00
   1.5000000e-01
   1.2600000e+00
   2.2400000e+00
   1.0900000e+00
   0.0000000e+00
   1.0450000e+01
   2.1400000e+00
   1.0500000e+00
   5.5000000e-01
   7.2000000e-01
   3.5800000e+00
   9.2000000e-01
   3.0000000e-01
   8.7300000e+00
   4.6000000e-01
   1.6800000e+00
   1.2490000e+01
   7.2400000e+00
   4.9000000e-01
   9.9900000e+00
   7.8000000e-01
   1.5080000e+01
   1.7400000e+00
   1.8660000e+01
   3.6900000e+00
   1.4460000e+01
   1.5200000e+00
   0.0000000e+00
   1.9100000e+00
   5.7700000e+00
   1.5110000e+01
   7.5000000e-01
   1.1300000e+00
   8.7400000e+00
   1.1650000e+01
   3.9400000e+00
   3.4500000e+00
   3.1900000e+00
   2.6990000e+01
   5.9600000e+00
   1.6000000e-01
   0.0000000e+00
   2.2700000e+00
   7.4000000e+00
   2.4700000e+00
   9.9400000e+00
   3.5000000e+00
   1.1400000e+00
   2.4500000e+00
   1.4120000e+01
   2.0900000e+00
   2.7000000e-01
   1.3200000e+00
   5.7000000e-01
   1.0950000e+01
   8.9700000e+00
   1.6470000e+01
   3.6100000e+00
   7.7700000e+00
   3.6600000e+00
   6.3900000e+00
   6.2000000e+00
   1.2980000e+01
   1.0100000e+00
   1.4500000e+00
   9.4000000e+00
   4.9600000e+00
   1.0790000e+01
   1.5260000e+01
   3.0200000e+00
   6.7600000e+00
   9.8900000e+00
   6.4100000e+00
   9.8700000e+00
   8.2500000e+00
   2.1510000e+01
   6.4400000e+00
   1.0020000e+01
   9.2200000e+00
   1.0670000e+01
   8.9900000e+00
   2.3300000e+00
   2.0400000e+01
   6.8000000e+00
   2.1600000e+00
   8.3000000e-01
   3.5700000e+00
   2.7800000e+00
   1.7630000e+01
   3.5000000e+00
   3.1700000e+00
   6.6900000e+00
   6.5600000e+00
   1.4670000e+01
   4.9900000e+00
   2.0100000e+00
   9.3000000e+00
   2.5700000e+00
   8.8700000e+00
   1.8900000e+00
   4.0900000e+00
   1.5700000e+00
   8.4500000e+00
   8.0000000e+00
   1.9550000e+01
   2.5630000e+01
   1.4770000e+01
   9.1800000e+00
   1.8400000e+01
   7.7700000e+00
   8.3200000e+00
   8.4900000e+00
   5.5000000e+00
   7.6500000e+00
   2.8800000e+00
   4.1800000e+00
   2.1900000e+00
   1.6290000e+01
   5.4600000e+00
   2.1910000e+01
   8.8800000e+00
   1.6700000e+00
   5.5000000e+00
   5.5800000e+00
   8.2600000e+00
   1.0610000e+01
   7.1000000e-01
   2.5300000e+00
   1.2800000e+00
   1.1730000e+01
   8.7200000e+00
   6.2200000e+00
   6.8200000e+00
   1.1340000e+01
   1.2500000e+01
   8.0300000e+00
   8.6400000e+00
   7.5200000e+00
   0.0000000e+00
   1.9440000e+01
   3.4300000e+00
   1.2600000e+00
   5.1000000e-01
   1.7200000e+01
   6.7900000e+00
   7.4700000e+00
   5.0200000e+00
   3.0300000e+00
   8.2300000e+00
   1.2400000e+00
   1.6400000e+00
   0.0000000e+00
   0.0000000e+00
   1.7200000e+00
   3.1400000e+00
   0.0000000e+00
   2.6000000e-01
   2.3500000e+00
   1.8900000e+00
   1.2900000e+00
   2.0000000e-01
   4.3000000e-01
   0.0000000e+00
   0.0000000e+00
   7.0000000e-02
   7.5000000e-01
   5.0000000e-02
   4.8000000e-01
   6.1000000e-01
   6.2000000e-01
   0.0000000e+00
   0.0000000e+00
   0.0000000e+00
   0.0000000e+00
   0.0000000e+00
   9.0000000e-02
   1.1390000e+01
   9.3100000e+00
   5.5400000e+00
   1.8200000e+00
   5.4200000e+00
   4.1600000e+00
   6.4000000e-01
   1.5000000e-01
   1.9200000e+00
   1.1800000e+00
   8.0900000e+00
   1.2300000e+00
   1.1800000e+00
   2.8000000e-01
   0.0000000e+00
   0.0000000e+00
   0.0000000e+00
   0.0000000e+00
   0.0000000e+00
   0.0000000e+00
   0.0000000e+00
   0.0000000e+00
   0.0000000e+00
   5.0000000e-02
   0.0000000e+00
   0.0000000e+00
   0.0000000e+00
   0.0000000e+00
   0.0000000e+00
   0.0000000e+00
   0.0000000e+00
   0.0000000e+00
   0.0000000e+00
   0.0000000e+00
   0.0000000e+00
   0.0000000e+00
   0.0000000e+00
   0.0000000e+00
   0.0000000e+00
   0.0000000e+00
   0.0000000e+00
   0.0000000e+00
   0.0000000e+00
   0.0000000e+00
   0.0000000e+00
   0.0000000e+00
   0.0000000e+00
   0.0000000e+00
   0.0000000e+00
   1.6900000e+00
   0.0000000e+00
   0.0000000e+00
   0.0000000e+00
   0.0000000e+00
   0.0000000e+00
   0.0000000e+00
   0.0000000e+00
   0.0000000e+00
   0.0000000e+00
   0.0000000e+00
   0.0000000e+00
   0.0000000e+00
   0.0000000e+00
   0.0000000e+00
   0.0000000e+00
   0.0000000e+00
   0.0000000e+00
   0.0000000e+00
   0.0000000e+00
   0.0000000e+00
   0.0000000e+00
   0.0000000e+00
   0.0000000e+00
   0.0000000e+00
   0.0000000e+00
   0.0000000e+00
   0.0000000e+00
   0.0000000e+00
   0.0000000e+00
   0.0000000e+00
   0.0000000e+00
   0.0000000e+00
   0.0000000e+00
   0.0000000e+00
   0.0000000e+00
   0.0000000e+00
   0.0000000e+00
   1.9000000e-01
   1.0000000e-02
   0.0000000e+00
   0.0000000e+00
   0.0000000e+00
   0.0000000e+00
   0.0000000e+00
   0.0000000e+00
   0.0000000e+00
   0.0000000e+00
   0.0000000e+00
   0.0000000e+00
   0.0000000e+00
   0.0000000e+00
   0.0000000e+00
   0.0000000e+00
   0.0000000e+00
   0.0000000e+00
   0.0000000e+00
   0.0000000e+00
   0.0000000e+00
   0.0000000e+00
   0.0000000e+00
   8.7700000e+00
   3.0700000e+00
   2.5800000e+00
   0.0000000e+00
   0.0000000e+00
   0.0000000e+00
   0.0000000e+00
   0.0000000e+00
   0.0000000e+00
   6.0000000e-02
   3.0000000e-01
   0.0000000e+00
   4.8000000e-01
   0.0000000e+00
   8.5000000e-01
   2.3590000e+01
   1.8600000e+00
   0.0000000e+00
   0.0000000e+00
   0.0000000e+00
   1.7400000e+00
   4.3100000e+00
   3.8000000e-01
   9.3400000e+00
   3.7000000e-01
   0.0000000e+00
   2.2000000e-01
   0.0000000e+00
   0.0000000e+00
   0.0000000e+00
   2.5000000e-01
   3.1000000e-01
   1.5100000e+00
   1.9900000e+00
   0.0000000e+00
   1.7100000e+00
   0.0000000e+00
   0.0000000e+00
   0.0000000e+00
   0.0000000e+00
   0.0000000e+00
   0.0000000e+00
   2.1000000e-01
   2.2000000e-01
   0.0000000e+00
   0.0000000e+00
   4.7000000e-01
   0.0000000e+00
   0.0000000e+00
   0.0000000e+00
   0.0000000e+00
   1.3000000e+00
   0.0000000e+00
   1.4300000e+00
   3.3000000e+00
   5.9000000e-01
   1.7700000e+00
   7.7800000e+00
   9.9000000e-01
   9.7300000e+00
   4.6600000e+00
   9.5000000e-01
   3.6500000e+00
   7.7500000e+00
   8.5000000e-01
   7.9000000e-01
   2.4500000e+00
   0.0000000e+00
   1.6550000e+01
   2.0000000e+00
   0.0000000e+00
   0.0000000e+00
   0.0000000e+00
   3.5100000e+00
   1.1480000e+01
   1.3380000e+01
   1.6600000e+00
   3.0100000e+00
   6.5900000e+00
   1.9500000e+00
   2.1600000e+00
   5.0000000e-01
   0.0000000e+00
   2.2000000e-01
   3.5200000e+00
   7.7000000e-01
   5.8000000e-01
   4.0000000e-02
   8.7000000e-01
   9.9000000e-01
   4.8000000e-01
   6.8200000e+00
   6.3200000e+00
   3.6000000e-01
   5.3000000e-01
   1.9800000e+00
   2.8000000e+00
   7.7000000e-01
   1.8000000e+00
   4.0000000e-02
   1.5820000e+01
   1.8100000e+00
   2.4700000e+00
   6.6200000e+00
   7.2000000e+00
   1.0930000e+01
   5.1800000e+00
   6.8000000e-01
   8.1100000e+00
   1.4700000e+00
   5.5000000e-01
   8.5200000e+00
   1.0040000e+01
   2.3100000e+00
   5.0000000e-02
   5.4400000e+00
   1.4400000e+01
   4.4600000e+00
   2.1560000e+01
   7.1300000e+00
   3.8400000e+00
   9.1400000e+00
   3.6800000e+00
   7.0000000e-01
   3.5200000e+00
   3.0600000e+00
   6.8100000e+00
   7.9700000e+00
   6.2800000e+00
   1.4200000e+00
   1.6100000e+00
   0.0000000e+00
   3.0800000e+00
   2.7400000e+01
   8.2200000e+00
   1.3000000e-01
   1.0260000e+01
   4.6000000e-01
   1.5900000e+00
   6.3500000e+00
   4.9700000e+00
   4.9600000e+00
   2.3200000e+00
   1.9050000e+01
   2.0840000e+01
   9.2000000e+00
   4.8500000e+00
   2.7640000e+01
   2.8300000e+00
   4.9700000e+00
   1.0970000e+01
   1.0870000e+01
   1.0920000e+01
   8.5400000e+00
   5.6000000e+00
   9.7900000e+00
   4.2600000e+00
   2.7600000e+00
   9.4800000e+00
   1.0710000e+01
   7.0500000e+00
   4.5900000e+00
   8.6000000e-01
   1.1000000e+00
   1.3270000e+01
   1.7000000e+00
   8.0700000e+00
   2.1000000e+00
   1.1230000e+01
   3.9000000e+00
   1.1770000e+01
   3.0000000e-01
   4.7800000e+00
   4.9500000e+00
   5.1500000e+00
   2.7500000e+00
   4.6800000e+00
   4.6800000e+00
   9.7900000e+00
   4.6300000e+00
   4.5000000e-01
   6.6000000e-01
   6.6400000e+00
   2.0200000e+00
   3.7400000e+00
   3.7700000e+00
   5.7600000e+00
   1.6400000e+00
   5.9500000e+00
   5.7800000e+00
   1.7000000e+01
   2.4300000e+00
   5.5000000e-01
   6.2000000e-01
   1.8710000e+01
   8.6000000e-01
   3.9200000e+00
   1.0000000e+01
   1.3220000e+01
   6.0800000e+00
   7.6300000e+00
   6.8000000e+00
   0.0000000e+00
   5.1000000e-01
   1.0100000e+00
   1.6000000e+00
   3.4800000e+00
   6.1400000e+00
   1.9900000e+00
   1.0000000e-01
   1.2400000e+00
   3.6600000e+00
   3.1800000e+00
   7.5500000e+00
   1.1140000e+01
   9.0600000e+00
   1.1540000e+01
   1.0560000e+01
   1.8800000e+00
   9.9000000e+00
   1.2970000e+01
   5.4000000e-01
   1.7400000e+00
   2.2100000e+00
   4.5900000e+00
   5.7800000e+00
   1.3580000e+01
   8.9800000e+00
   9.0200000e+00
   1.2940000e+01
   3.7000000e+00
   1.0030000e+01
   4.3400000e+00
   4.4600000e+00
   2.1300000e+00
   0.0000000e+00
   4.8000000e-01
   0.0000000e+00
   4.5800000e+00
   2.2700000e+00
   0.0000000e+00
   7.4000000e-01
   1.2000000e-01
   4.4000000e-01
   0.0000000e+00
   0.0000000e+00
   0.0000000e+00
   0.0000000e+00
   1.6000000e-01
   0.0000000e+00
   0.0000000e+00
   0.0000000e+00
   0.0000000e+00
   0.0000000e+00
   0.0000000e+00
   2.2000000e-01
   0.0000000e+00
   0.0000000e+00
   4.3800000e+00
   1.2400000e+00
   0.0000000e+00
   0.0000000e+00
   0.0000000e+00
   0.0000000e+00
   0.0000000e+00
   0.0000000e+00
   0.0000000e+00
   0.0000000e+00
   0.0000000e+00
   0.0000000e+00
   0.0000000e+00
   0.0000000e+00
   0.0000000e+00
   0.0000000e+00
   0.0000000e+00
   0.0000000e+00
   0.0000000e+00
   0.0000000e+00
   0.0000000e+00
   0.0000000e+00
   0.0000000e+00
   0.0000000e+00
   0.0000000e+00
   0.0000000e+00
   0.0000000e+00
   0.0000000e+00
   0.0000000e+00
   0.0000000e+00
   0.0000000e+00
   0.0000000e+00
   0.0000000e+00
   0.0000000e+00
   0.0000000e+00
   0.0000000e+00
   0.0000000e+00
   0.0000000e+00
   0.0000000e+00
   0.0000000e+00
   0.0000000e+00
   0.0000000e+00
   0.0000000e+00
   0.0000000e+00
   0.0000000e+00
   0.0000000e+00
   0.0000000e+00
   0.0000000e+00
   0.0000000e+00
   0.0000000e+00
   0.0000000e+00
   0.0000000e+00
   0.0000000e+00
   0.0000000e+00
   0.0000000e+00
   0.0000000e+00
   0.0000000e+00
