%Bassin de Beterou				
%code lacune 	-9999			
%surface bassin	10080	km2		
%coordonnées (lat, lon)	9.199	2.267		
%date	annee	P	ETP	Q m3 /s

01   01   02 06   00	2002	0	3.2	1.07
02   01   02 06   00	2002	0	3.17	1
03   01   02 06   00	2002	0	3.01	0.96
04   01   02 06   00	2002	0	2.86	0.93
05   01   02 06   00	2002	0	2.38	0.9
06   01   02 06   00	2002	0	2.54	0.88
07   01   02 06   00	2002	0	3.03	0.83
08   01   02 06   00	2002	0	2.67	0.8
09   01   02 06   00	2002	0	3.2	0.77
10   01   02 06   00	2002	0	3.05	0.76
11   01   02 06   00	2002	0	3.07	0.53
12   01   02 06   00	2002	0	2.92	0
13   01   02 06   00	2002	0	3.03	0
14   01   02 06   00	2002	0	3.17	0
15   01   02 06   00	2002	0	3.07	0
16   01   02 06   00	2002	0	2.98	0
17   01   02 06   00	2002	0	3.08	0
18   01   02 06   00	2002	0	3.37	0
19   01   02 06   00	2002	0	3.08	0
20   01   02 06   00	2002	0	2.75	0
21   01   02 06   00	2002	0	3.18	0
22   01   02 06   00	2002	0	2.87	0
23   01   02 06   00	2002	0	3.56	0
24   01   02 06   00	2002	0	3.36	0
25   01   02 06   00	2002	0	3.03	0
26   01   02 06   00	2002	0	3.17	0
27   01   02 06   00	2002	0	3.62	0
28   01   02 06   00	2002	0	3.43	0
29   01   02 06   00	2002	0	3.21	0
30   01   02 06   00	2002	0	3.19	0
31   01   02 06   00	2002	0	3.36	0
01   02   02 06   00	2002	0	3.3	0
02   02   02 06   00	2002	0	3.4	0
03   02   02 06   00	2002	0	3.34	0
04   02   02 06   00	2002	0	3.55	0
05   02   02 06   00	2002	0	3.25	0
06   02   02 06   00	2002	0	2.9	0
07   02   02 06   00	2002	0	3.16	0
08   02   02 06   00	2002	0	3.33	0
09   02   02 06   00	2002	0	3.28	0
10   02   02 06   00	2002	0	3.05	0
11   02   02 06   00	2002	0	3.41	0
12   02   02 06   00	2002	0	3.58	0
13   02   02 06   00	2002	0	3.61	0
14   02   02 06   00	2002	0	3.42	0
15   02   02 06   00	2002	0	3.49	0
16   02   02 06   00	2002	0	3.48	0
17   02   02 06   00	2002	0	3.45	0
18   02   02 06   00	2002	0	3.63	0
19   02   02 06   00	2002	0	4.04	0
20   02   02 06   00	2002	0	3.95	0
21   02   02 06   00	2002	0	3.3	0
22   02   02 06   00	2002	0	3.7	0
23   02   02 06   00	2002	0	3.3	0
24   02   02 06   00	2002	0	3.8	0
25   02   02 06   00	2002	0	3.74	0
26   02   02 06   00	2002	0	3.61	0
27   02   02 06   00	2002	0	3.33	0
28   02   02 06   00	2002	0	3.7	0
01   03   02 06   00	2002	0	3.74	0
02   03   02 06   00	2002	0	3.56	0
03   03   02 06   00	2002	0	3.98	0
04   03   02 06   00	2002	0	3.96	0
05   03   02 06   00	2002	0	3.81	0
06   03   02 06   00	2002	0	4.16	0
07   03   02 06   00	2002	0	4.04	0
08   03   02 06   00	2002	0.32	2.81	0
09   03   02 06   00	2002	8.25	5.08	0
10   03   02 06   00	2002	18.45	1.2	0
11   03   02 06   00	2002	0.87	4.75	0
12   03   02 06   00	2002	0.05	3.99	0
13   03   02 06   00	2002	0	4.24	0
14   03   02 06   00	2002	0.19	4.07	0
15   03   02 06   00	2002	0	3.96	0
16   03   02 06   00	2002	0	4.4	0
17   03   02 06   00	2002	0	4.38	0
18   03   02 06   00	2002	0.03	4.02	0
19   03   02 06   00	2002	0	4.61	0
20   03   02 06   00	2002	0	3.88	0
21   03   02 06   00	2002	0.03	3.94	0
22   03   02 06   00	2002	0.36	3.27	0
23   03   02 06   00	2002	0.02	2.62	0
24   03   02 06   00	2002	0	2.59	0
25   03   02 06   00	2002	0	3.45	0
26   03   02 06   00	2002	0	3.61	0
27   03   02 06   00	2002	0	4.05	0
28   03   02 06   00	2002	0	3.23	0
29   03   02 06   00	2002	11.54	3.01	0
30   03   02 06   00	2002	0.04	4.55	0
31   03   02 06   00	2002	0.03	4.96	0
01   04   02 06   00	2002	0.02	4.49	0
02   04   02 06   00	2002	0.01	3.81	0
03   04   02 06   00	2002	0.01	2.76	0
04   04   02 06   00	2002	3.35	4.05	0
05   04   02 06   00	2002	0.31	4.22	0
06   04   02 06   00	2002	2.65	3.33	0
07   04   02 06   00	2002	7.52	-0.08	0
08   04   02 06   00	2002	13.85	5.13	0
09   04   02 06   00	2002	0	4.37	0
10   04   02 06   00	2002	0	4.55	0
11   04   02 06   00	2002	0.15	3.81	0
12   04   02 06   00	2002	0	4.55	0
13   04   02 06   00	2002	0	0.54	0
14   04   02 06   00	2002	16.85	4.66	0
15   04   02 06   00	2002	0.01	3.63	0
16   04   02 06   00	2002	0.46	4.23	0
17   04   02 06   00	2002	0	4.63	0
18   04   02 06   00	2002	12.23	3.57	0
19   04   02 06   00	2002	0	4.57	0
20   04   02 06   00	2002	0	3.96	0
21   04   02 06   00	2002	0.24	3.71	0
22   04   02 06   00	2002	0	4.44	0
23   04   02 06   00	2002	0	5.45	0
24   04   02 06   00	2002	5.7	4.76	0
25   04   02 06   00	2002	0	4.94	0
26   04   02 06   00	2002	0	5.01	0
27   04   02 06   00	2002	0.16	4.72	0
28   04   02 06   00	2002	0	4.64	0
29   04   02 06   00	2002	0.63	3.12	0
30   04   02 06   00	2002	0	4.24	0
01   05   02 06   00	2002	2.41	4.78	0
02   05   02 06   00	2002	2.52	3.86	0
03   05   02 06   00	2002	2.35	4.36	0
04   05   02 06   00	2002	0.11	2.69	0
05   05   02 06   00	2002	4.77	4.78	0
06   05   02 06   00	2002	6.64	4.84	0
07   05   02 06   00	2002	1.12	4.84	0
08   05   02 06   00	2002	4.46	4.95	0
09   05   02 06   00	2002	12.29	4.72	0
10   05   02 06   00	2002	0.22	5.29	0
11   05   02 06   00	2002	0	3.65	0
12   05   02 06   00	2002	0.04	4.56	0
13   05   02 06   00	2002	3.26	5.41	0
14   05   02 06   00	2002	20.68	3.81	0
15   05   02 06   00	2002	0.65	4.62	0
16   05   02 06   00	2002	0	4.48	0
17   05   02 06   00	2002	0.09	3.21	0
18   05   02 06   00	2002	0	3.55	0
19   05   02 06   00	2002	19.58	1.27	0
20   05   02 06   00	2002	1.42	4.79	0
21   05   02 06   00	2002	1.06	4.22	0
22   05   02 06   00	2002	0	3.35	0
23   05   02 06   00	2002	0.19	4.51	0
24   05   02 06   00	2002	17.7	3.62	0
25   05   02 06   00	2002	0.06	4.29	0
26   05   02 06   00	2002	0.96	5.08	0
27   05   02 06   00	2002	4.83	4.1	0
28   05   02 06   00	2002	9.9	2.21	0
29   05   02 06   00	2002	0.78	4.78	0
30   05   02 06   00	2002	0.73	4.25	0
31   05   02 06   00	2002	0	4.22	0
01   06   02 06   00	2002	21.28	2.79	0
02   06   02 06   00	2002	0.39	2.63	0
03   06   02 06   00	2002	3.99	3.9	0
04   06   02 06   00	2002	0	3.68	0
05   06   02 06   00	2002	4.02	4.08	0
06   06   02 06   00	2002	0.04	2.81	0
07   06   02 06   00	2002	13.85	3.81	0
08   06   02 06   00	2002	0.08	3.63	0
09   06   02 06   00	2002	0.35	5.25	0
10   06   02 06   00	2002	2.03	3.01	0
11   06   02 06   00	2002	1.58	3.68	0
12   06   02 06   00	2002	0.83	4	0.2
13   06   02 06   00	2002	13.07	2.93	1.89
14   06   02 06   00	2002	4.55	3.64	2.09
15   06   02 06   00	2002	6.98	2.7	2.11
16   06   02 06   00	2002	0.04	2.1	2.11
17   06   02 06   00	2002	2.12	2.99	2.16
18   06   02 06   00	2002	0.71	4.18	2.16
19   06   02 06   00	2002	5.37	3.13	2.11
20   06   02 06   00	2002	1.07	3.84	2.11
21   06   02 06   00	2002	8.99	3.26	2.05
22   06   02 06   00	2002	0	3.68	1.98
23   06   02 06   00	2002	0.04	3.68	1.97
24   06   02 06   00	2002	4.32	0.7	1.88
25   06   02 06   00	2002	15.51	3.45	1.74
26   06   02 06   00	2002	15.16	4.03	1.69
27   06   02 06   00	2002	18.4	3.92	1.65
28   06   02 06   00	2002	0.19	4.06	1.81
29   06   02 06   00	2002	0.14	2.57	2.57
30   06   02 06   00	2002	1.44	3.43	3.47
01   07   02 06   00	2002	0.14	3.45	4.04
02   07   02 06   00	2002	6.05	3.1	6.39
03   07   02 06   00	2002	4.61	2.18	8.42
04   07   02 06   00	2002	6.89	2.57	5.76
05   07   02 06   00	2002	0.03	3.06	4.73
06   07   02 06   00	2002	5.19	3.66	3.8
07   07   02 06   00	2002	5.31	4.17	4.65
08   07   02 06   00	2002	0	3.54	8.04
09   07   02 06   00	2002	0	1.31	8.1
10   07   02 06   00	2002	10.55	2.68	6.63
11   07   02 06   00	2002	0.09	2.09	5.3
12   07   02 06   00	2002	14.2	4.23	4.81
13   07   02 06   00	2002	0.05	4.09	4.49
14   07   02 06   00	2002	0.04	3.19	4.29
15   07   02 06   00	2002	0.1	3.53	5.03
16   07   02 06   00	2002	1.13	0.49	6.12
17   07   02 06   00	2002	16.81	1.8	7.62
18   07   02 06   00	2002	16.15	3.28	7.71
19   07   02 06   00	2002	0.41	3.42	6.52
20   07   02 06   00	2002	0.85	2.84	5.65
21   07   02 06   00	2002	7.73	2.66	6.61
22   07   02 06   00	2002	3.07	3.75	10.11
23   07   02 06   00	2002	0.99	2.06	9.02
24   07   02 06   00	2002	0.49	2.47	8.69
25   07   02 06   00	2002	0.11	2.93	8.71
26   07   02 06   00	2002	1.96	2.62	7.97
27   07   02 06   00	2002	3.03	3.22	7.56
28   07   02 06   00	2002	3.68	3.66	6.43
29   07   02 06   00	2002	5.32	3.61	5.45
30   07   02 06   00	2002	14.9	2.37	4.76
31   07   02 06   00	2002	4.49	1.43	4.38
01   08   02 06   00	2002	7.18	3.63	4.34
02   08   02 06   00	2002	5.93	2.09	15.05
03   08   02 06   00	2002	1.46	3.85	27.03
04   08   02 06   00	2002	0.06	2.66	20.54
05   08   02 06   00	2002	18.06	0.91	15.93
06   08   02 06   00	2002	32.42	2.91	21.93
07   08   02 06   00	2002	5.95	2.99	73.35
08   08   02 06   00	2002	0.84	3.9	38.04
09   08   02 06   00	2002	5.95	0.22	24.6
10   08   02 06   00	2002	15.54	4.06	25.2
11   08   02 06   00	2002	0.23	3.33	31.88
12   08   02 06   00	2002	15.76	3.88	45.75
13   08   02 06   00	2002	8.22	4.41	56.24
14   08   02 06   00	2002	33.03	1.67	56.32
15   08   02 06   00	2002	6.02	1.33	95.81
16   08   02 06   00	2002	0.43	3.29	95.35
17   08   02 06   00	2002	16.6	3.09	90.99
18   08   02 06   00	2002	9.28	3.61	121.19
19   08   02 06   00	2002	1.22	3.26	96.18
20   08   02 06   00	2002	5.65	3.37	101.63
21   08   02 06   00	2002	24.71	2.47	110.62
22   08   02 06   00	2002	0.12	3.72	90.23
23   08   02 06   00	2002	1.49	3.92	96.6
24   08   02 06   00	2002	14.08	3.56	110.2
25   08   02 06   00	2002	0.3	1.84	113.87
26   08   02 06   00	2002	1.39	3.79	85
27   08   02 06   00	2002	7.57	2.3	76.09
28   08   02 06   00	2002	0.69	3.46	66.6
29   08   02 06   00	2002	38.62	2.64	64.38
30   08   02 06   00	2002	1.2	2.79	72.52
31   08   02 06   00	2002	0.39	3.43	99.81
01   09   02 06   00	2002	0.05	2.98	141.25
02   09   02 06   00	2002	11.09	3.47	138.22
03   09   02 06   00	2002	0.15	4.39	113.69
04   09   02 06   00	2002	24.16	1.91	102.73
05   09   02 06   00	2002	0.46	4.13	89.34
06   09   02 06   00	2002	35.35	1.99	121.89
07   09   02 06   00	2002	0.15	2.59	199
08   09   02 06   00	2002	1.95	2.47	254.32
09   09   02 06   00	2002	0.38	2.37	227.63
10   09   02 06   00	2002	5.35	3.26	189.98
11   09   02 06   00	2002	3.13	3.07	157.4
12   09   02 06   00	2002	6.74	3.54	135.12
13   09   02 06   00	2002	20.64	2.61	120.44
14   09   02 06   00	2002	22.38	2.66	129.76
15   09   02 06   00	2002	32.21	3.47	174.06
16   09   02 06   00	2002	1.6	3.95	270.23
17   09   02 06   00	2002	0.52	3.38	298.14
18   09   02 06   00	2002	21.29	3.37	288.94
19   09   02 06   00	2002	17.39	3.16	318.49
20   09   02 06   00	2002	0.23	3.62	307.62
21   09   02 06   00	2002	0.05	4	291.53
22   09   02 06   00	2002	7.94	4.22	277.32
23   09   02 06   00	2002	0.09	2.63	260.58
24   09   02 06   00	2002	1.98	1.13	227.88
25   09   02 06   00	2002	12.73	4.01	211.75
26   09   02 06   00	2002	0.78	4.41	212.57
27   09   02 06   00	2002	4.73	3.92	188.16
28   09   02 06   00	2002	0.1	3.06	168.85
29   09   02 06   00	2002	0.87	3.82	139.99
30   09   02 06   00	2002	20.18	3.15	118.13
01   10   02 06   00	2002	5.49	4.02	112.56
02   10   02 06   00	2002	7.56	1.23	132.33
03   10   02 06   00	2002	14.8	1.51	164.54
04   10   02 06   00	2002	9.67	2.94	210.98
05   10   02 06   00	2002	12.19	3.04	199.17
06   10   02 06   00	2002	6.2	3.25	174.45
07   10   02 06   00	2002	13.48	2.22	153.95
08   10   02 06   00	2002	13.98	3.76	174.85
09   10   02 06   00	2002	8.76	3.48	198.06
10   10   02 06   00	2002	0.56	3.55	198.5
11   10   02 06   00	2002	6.87	4.11	190.58
12   10   02 06   00	2002	1.75	3.82	156.81
13   10   02 06   00	2002	2.36	4.26	133.16
14   10   02 06   00	2002	3.68	4	123.02
15   10   02 06   00	2002	0.99	2.38	107.6
16   10   02 06   00	2002	6.73	4.12	98.54
17   10   02 06   00	2002	0.27	3.32	117.25
18   10   02 06   00	2002	0.18	3.79	113.4
19   10   02 06   00	2002	2.92	3.32	89.73
20   10   02 06   00	2002	0.06	3.57	75.68
21   10   02 06   00	2002	1.1	4.13	66.15
22   10   02 06   00	2002	0.04	3.67	58.74
23   10   02 06   00	2002	0.01	3.54	52.06
24   10   02 06   00	2002	0.05	3.45	45.6
25   10   02 06   00	2002	0.16	3.85	40.38
26   10   02 06   00	2002	0.68	2.46	36.53
27   10   02 06   00	2002	0.01	3.52	34.24
28   10   02 06   00	2002	0.07	3.8	31.41
29   10   02 06   00	2002	0.04	3.61	28.82
30   10   02 06   00	2002	0.14	3.66	26.48
31   10   02 06   00	2002	0.04	3.54	24.43
01   11   02 06   00	2002	0.02	3.43	22.53
02   11   02 06   00	2002	0.03	3.43	20.46
03   11   02 06   00	2002	0	3.59	18.57
04   11   02 06   00	2002	0	3.44	16.87
05   11   02 06   00	2002	1.85	2.84	15.52
06   11   02 06   00	2002	0	3.38	14.44
07   11   02 06   00	2002	0	3.6	14.34
08   11   02 06   00	2002	0	3.47	13.31
09   11   02 06   00	2002	0.07	2.78	12
10   11   02 06   00	2002	0	3.72	11.07
11   11   02 06   00	2002	0	2.9	10.43
12   11   02 06   00	2002	0.1	3.76	9.74
13   11   02 06   00	2002	0	3.74	9.06
14   11   02 06   00	2002	0.11	3.12	8.44
15   11   02 06   00	2002	0	3.17	7.74
16   11   02 06   00	2002	0	3.5	7.22
17   11   02 06   00	2002	0.07	3.44	6.7
18   11   02 06   00	2002	0.03	3.32	6.36
19   11   02 06   00	2002	0	3.21	5.98
20   11   02 06   00	2002	0	2.79	5.68
21   11   02 06   00	2002	0.73	3.07	5.34
22   11   02 06   00	2002	0.15	2.77	4.99
23   11   02 06   00	2002	0	2.61	4.74
24   11   02 06   00	2002	0	3.4	4.56
25   11   02 06   00	2002	0	2.55	4.37
26   11   02 06   00	2002	0	2.52	4.18
27   11   02 06   00	2002	0	2.43	4
28   11   02 06   00	2002	0	2.18	3.82
29   11   02 06   00	2002	0	2.55	3.64
30   11   02 06   00	2002	0	2.95	3.46
01   12   02 06   00	2002	0	2.4	3.34
02   12   02 06   00	2002	0	2.37	3.2
03   12   02 06   00	2002	0	2.31	3.06
04   12   02 06   00	2002	0	1.96	2.92
05   12   02 06   00	2002	0	2.03	2.81
06   12   02 06   00	2002	0	2.08	2.79
07   12   02 06   00	2002	0	1.62	2.78
08   12   02 06   00	2002	0	2.01	2.69
09   12   02 06   00	2002	0	2.56	2.56
10   12   02 06   00	2002	0	2.73	2.48
11   12   02 06   00	2002	0	3.79	2.41
12   12   02 06   00	2002	0	4.05	2.33
13   12   02 06   00	2002	0	3.63	2.26
14   12   02 06   00	2002	0	3.13	2.19
15   12   02 06   00	2002	0	3.45	2.18
16   12   02 06   00	2002	0	4.23	2.12
17   12   02 06   00	2002	0	3.3	2.03
18   12   02 06   00	2002	0	3.13	1.91
19   12   02 06   00	2002	0	2.59	1.85
20   12   02 06   00	2002	0	2.91	1.83
02   05   03 06   00	2003	0.42	4.5	2.11
03   05   03 06   00	2003	1.04	3.93	1.65
04   05   03 06   00	2003	0	4.38	1.33
05   05   03 06   00	2003	0	4.6	1.1
06   05   03 06   00	2003	0.14	5.06	0.95
07   05   03 06   00	2003	10.09	5.33	0.83
08   05   03 06   00	2003	1.3	3.32	0.77
09   05   03 06   00	2003	0.46	4.95	0.76
10   05   03 06   00	2003	1.63	3.25	0.76
11   05   03 06   00	2003	0.18	4.88	0.73
12   05   03 06   00	2003	5.64	4.35	0.19
13   05   03 06   00	2003	0.67	4.27	0
14   05   03 06   00	2003	0.03	4.41	0
15   05   03 06   00	2003	1.38	5.01	0
16   05   03 06   00	2003	0.98	5.19	0
17   05   03 06   00	2003	2.95	4.23	0
18   05   03 06   00	2003	1.46	1.93	0
19   05   03 06   00	2003	0	5.02	0
20   05   03 06   00	2003	2.26	4.8	0
21   05   03 06   00	2003	13.01	4.16	0
22   05   03 06   00	2003	1.05	3.89	0
23   05   03 06   00	2003	0.14	3.86	0
24   05   03 06   00	2003	1.77	4.14	0
25   05   03 06   00	2003	0.02	4.53	0
26   05   03 06   00	2003	1.65	2.29	0
27   05   03 06   00	2003	0.06	3.09	0
28   05   03 06   00	2003	11.57	4.36	0
29   05   03 06   00	2003	32.77	3.09	0
30   05   03 06   00	2003	0.31	1.55	0
31   05   03 06   00	2003	5.61	3.52	0
01   06   03 06   00	2003	1.17	3	0
02   06   03 06   00	2003	24.41	2.43	0
03   06   03 06   00	2003	1.57	2.49	0.02
04   06   03 06   00	2003	2.98	4.4	6.61
05   06   03 06   00	2003	3.82	3.58	14.05
06   06   03 06   00	2003	21.19	4	20.31
07   06   03 06   00	2003	0.42	2.64	17.49
08   06   03 06   00	2003	18.01	3.87	12.17
09   06   03 06   00	2003	1.26	4.06	9.72
10   06   03 06   00	2003	7.34	3.86	8.14
11   06   03 06   00	2003	12.82	0.64	7.2
12   06   03 06   00	2003	2.54	3.05	7.71
13   06   03 06   00	2003	27.7	3.01	12.35
14   06   03 06   00	2003	0.33	1.68	24.62
15   06   03 06   00	2003	2.08	3.79	31.87
16   06   03 06   00	2003	0.05	4.17	31.37
17   06   03 06   00	2003	0.07	3.66	34.33
18   06   03 06   00	2003	11.56	3.61	23.41
19   06   03 06   00	2003	0.05	3.69	16.64
20   06   03 06   00	2003	12.45	4.1	13.84
21   06   03 06   00	2003	0.04	3.55	11.77
22   06   03 06   00	2003	0.87	3.27	10.04
23   06   03 06   00	2003	3.71	2.51	9.13
24   06   03 06   00	2003	5.8	1.68	11.72
25   06   03 06   00	2003	27.88	2.5	12.38
26   06   03 06   00	2003	27.78	2.28	11.43
27   06   03 06   00	2003	2.02	1.93	14.28
28   06   03 06   00	2003	0.67	2.9	28.96
29   06   03 06   00	2003	17.54	3.09	74.97
30   06   03 06   00	2003	0.57	2.62	94.09
01   07   03 06   00	2003	0.04	2.95	56.59
02   07   03 06   00	2003	13.36	2.78	52.61
03   07   03 06   00	2003	0.12	3.71	40.23
04   07   03 06   00	2003	10.1	2.21	30.17
05   07   03 06   00	2003	0.07	3.32	60.11
06   07   03 06   00	2003	0.15	3.33	42.59
07   07   03 06   00	2003	1.18	2.83	32.79
08   07   03 06   00	2003	7.41	2.59	25.45
09   07   03 06   00	2003	1.07	2.33	20.01
10   07   03 06   00	2003	15.67	2.49	18.05
11   07   03 06   00	2003	0.59	2.1	36.94
12   07   03 06   00	2003	1.11	1.92	41.75
13   07   03 06   00	2003	0.5	2.9	27.69
14   07   03 06   00	2003	5.66	1.58	24.98
15   07   03 06   00	2003	1.76	2.85	20.91
16   07   03 06   00	2003	8.46	3.22	18.09
17   07   03 06   00	2003	25.16	2.93	21.96
18   07   03 06   00	2003	0.06	3.25	35.97
19   07   03 06   00	2003	6.01	2.6	34.66
20   07   03 06   00	2003	5.16	1.85	56.36
21   07   03 06   00	2003	14.91	1.74	59.62
22   07   03 06   00	2003	4.67	2.55	44.99
23   07   03 06   00	2003	8.42	3.48	50.91
24   07   03 06   00	2003	2.05	2.3	61.34
25   07   03 06   00	2003	1.21	2.69	63.51
26   07   03 06   00	2003	7.32	2.88	62.54
27   07   03 06   00	2003	3.41	2.04	68.34
28   07   03 06   00	2003	2.2	3.65	64.05
29   07   03 06   00	2003	1.32	2.96	41.09
30   07   03 06   00	2003	11.59	4.07	33.63
31   07   03 06   00	2003	44.17	3.38	45.17
01   08   03 06   00	2003	11.99	0.19	129.72
02   08   03 06   00	2003	5.17	3.23	141.68
03   08   03 06   00	2003	4.83	3.25	160.36
04   08   03 06   00	2003	13.24	3.23	195.76
05   08   03 06   00	2003	1.13	3.14	212.43
06   08   03 06   00	2003	18.76	2.99	216.96
07   08   03 06   00	2003	16.32	0.61	239.66
08   08   03 06   00	2003	2.59	2.2	236.66
09   08   03 06   00	2003	0.2	3.61	221.2
10   08   03 06   00	2003	21.28	3.05	207.73
11   08   03 06   00	2003	9.14	3.2	199.05
12   08   03 06   00	2003	11.13	3.03	165.16
13   08   03 06   00	2003	19.87	3.49	177.83
14   08   03 06   00	2003	4.19	3.38	250.39
15   08   03 06   00	2003	2.05	1.21	283.19
16   08   03 06   00	2003	14.12	3.15	304.13
17   08   03 06   00	2003	9.01	0.83	308.16
18   08   03 06   00	2003	12.17	0.8	328.45
19   08   03 06   00	2003	21.92	3.13	322.83
20   08   03 06   00	2003	20.35	0.54	375.67
21   08   03 06   00	2003	3.68	3.62	413.6
22   08   03 06   00	2003	1.44	3.28	401.5
23   08   03 06   00	2003	8.61	2.04	366.83
24   08   03 06   00	2003	9.2	3.63	342.51
25   08   03 06   00	2003	0.16	2.97	323.45
26   08   03 06   00	2003	2.5	3.04	302.08
27   08   03 06   00	2003	8.2	2.1	276.1
28   08   03 06   00	2003	14.78	3.27	282.93
29   08   03 06   00	2003	6.26	1.12	251.55
30   08   03 06   00	2003	21.69	1.75	261.77
31   08   03 06   00	2003	29.58	3.55	310.87
01   09   03 06   00	2003	4.81	1.44	347.6
02   09   03 06   00	2003	2.8	3.28	362.61
03   09   03 06   00	2003	9.33	2.69	351.44
04   09   03 06   00	2003	0.39	2.29	343.83
05   09   03 06   00	2003	7.88	1.96	351.87
06   09   03 06   00	2003	5.83	4.02	367.44
07   09   03 06   00	2003	16.48	1.11	382
08   09   03 06   00	2003	7.73	2.76	381.43
09   09   03 06   00	2003	11.67	2.65	337.96
10   09   03 06   00	2003	1.53	4.79	306.14
11   09   03 06   00	2003	0.17	2.62	298.47
12   09   03 06   00	2003	1.92	3	291.7
13   09   03 06   00	2003	14.24	2.63	272.05
14   09   03 06   00	2003	3.38	2.78	235.39
15   09   03 06   00	2003	8.6	3.3	215.95
16   09   03 06   00	2003	8.13	3.47	204.15
17   09   03 06   00	2003	1.43	4.7	202.31
18   09   03 06   00	2003	7.35	4.51	199.26
19   09   03 06   00	2003	26.06	3.69	201.53
20   09   03 06   00	2003	2.18	3.59	262.97
21   09   03 06   00	2003	8.13	2.36	240.31
22   09   03 06   00	2003	8.98	1.68	221.05
23   09   03 06   00	2003	20.37	4.54	235.48
24   09   03 06   00	2003	0.01	4.61	259.16
25   09   03 06   00	2003	8.3	3.44	277.74
26   09   03 06   00	2003	0.11	3.99	279.5
27   09   03 06   00	2003	1.93	3.87	274.2
28   09   03 06   00	2003	27.56	4.25	267.98
29   09   03 06   00	2003	0.24	2.78	261.75
30   09   03 06   00	2003	7.23	3.64	255.53
01   10   03 06   00	2003	0.1	3.77	249.31
02   10   03 06   00	2003	18.14	3.87	240.15
03   10   03 06   00	2003	2.18	3.75	238
04   10   03 06   00	2003	2.17	2.25	251.96
05   10   03 06   00	2003	0.32	3.79	219.59
06   10   03 06   00	2003	4.7	3.78	206.61
07   10   03 06   00	2003	3.74	4.08	203.21
08   10   03 06   00	2003	6.55	4.23	192.05
09   10   03 06   00	2003	0.06	3.74	173.56
10   10   03 06   00	2003	0.14	3.74	166.35
11   10   03 06   00	2003	0.13	3.75	155.43
12   10   03 06   00	2003	0.45	3.66	134.75
13   10   03 06   00	2003	4.87	3.52	111.2
14   10   03 06   00	2003	13.24	3.47	100.58
15   10   03 06   00	2003	9.16	3.38	102.12
16   10   03 06   00	2003	7.98	3.62	146.93
17   10   03 06   00	2003	6.72	3.06	146.36
18   10   03 06   00	2003	0.77	2.43	146.43
19   10   03 06   00	2003	0.09	4.24	152.22
20   10   03 06   00	2003	1.37	4.25	120.4
21   10   03 06   00	2003	0.05	3.45	105.4
22   10   03 06   00	2003	0.06	3.67	83.59
25   10   03 06   00	2003	0.01	4.23	63.16
26   10   03 06   00	2003	1.92	3.79	58.01
27   10   03 06   00	2003	0.83	3.9	53.01
28   10   03 06   00	2003	2.97	3.9	47.1
29   10   03 06   00	2003	0.06	3.84	41.97
30   10   03 06   00	2003	0	3.71	39.05
31   10   03 06   00	2003	0.08	3.35	34.45
01   11   03 06   00	2003	0.04	2.77	31.64
02   11   03 06   00	2003	0.05	2.9	29.37
03   11   03 06   00	2003	0.05	3.56	28.67
04   11   03 06   00	2003	3.85	2.85	27.29
05   11   03 06   00	2003	0.18	3.81	21.9
06   11   03 06   00	2003	0.03	2.89	20.7
07   11   03 06   00	2003	0.01	3.13	20.09
08   11   03 06   00	2003	0	3.57	19.24
09   11   03 06   00	2003	1.6	3.53	17.53
10   11   03 06   00	2003	0.09	3.74	16.99
11   11   03 06   00	2003	0.07	3.46	16.45
12   11   03 06   00	2003	0.84	2.96	15.89
15   11   03 06   00	2003	0	2.91	12.1
16   11   03 06   00	2003	0.1	3.64	11.5
17   11   03 06   00	2003	0	3.52	11.06
18   11   03 06   00	2003	0	3.4	10.02
19   11   03 06   00	2003	0	3.28	8.51
20   11   03 06   00	2003	0	2.98	7.85
21   11   03 06   00	2003	0	3.21	7.62
22   11   03 06   00	2003	0	3.6	7.31
23   11   03 06   00	2003	0	3.6	7.06
26   11   03 06   00	2003	0	2.86	5.95
27   11   03 06   00	2003	0	3.25	5.82
28   11   03 06   00	2003	0	2.98	5.67
29   11   03 06   00	2003	0	2.77	5.28
30   11   03 06   00	2003	0	2.84	4.62
01   12   03 06   00	2003	0.04	3.13	4.51
02   12   03 06   00	2003	0.11	2.63	4.4
03   12   03 06   00	2003	0.69	2.42	4.29
04   12   03 06   00	2003	0	2.19	4.18
05   12   03 06   00	2003	0	2.42	4.07
06   12   03 06   00	2003	33.19	3.11	3.94
07   12   03 06   00	2003	0.47	2.99	3.67
08   12   03 06   00	2003	0	4.03	3.4
09   12   03 06   00	2003	0	3.57	3.29
10   12   03 06   00	2003	0	2.93	3.21
11   12   03 06   00	2003	0	2.3	3.11
12   12   03 06   00	2003	0	2.42	3.05
13   12   03 06   00	2003	0	2.37	2.98
14   12   03 06   00	2003	0.72	2.49	2.89
15   12   03 06   00	2003	0	2.52	2.79
16   12   03 06   00	2003	0	2.9	2.69
17   12   03 06   00	2003	0	2.7	2.61
18   12   03 06   00	2003	0	2.64	2.46
19   12   03 06   00	2003	0	3.23	2.37
20   12   03 06   00	2003	0	4.16	2.32
21   12   03 06   00	2003	0	3.12	2.26
22   12   03 06   00	2003	0	3.62	2.23
23   12   03 06   00	2003	0	2.98	2.16
24   12   03 06   00	2003	0	2.64	2.11
25   12   03 06   00	2003	0	2.72	2.05
26   12   03 06   00	2003	0	3.71	2.04
27   12   03 06   00	2003	0	3.81	2.02
28   12   03 06   00	2003	0	3.56	1.95
29   12   03 06   00	2003	0	3.3	1.88
30   12   03 06   00	2003	0	3.83	1.8
31   12   03 06   00	2003	0	2.53	1.71
01   01   04 06   00	2004	0	3.2	1.71
02   01   04 06   00	2004	0	2.09	1.56
03   01   04 06   00	2004	0	2.5	1.54
04   01   04 06   00	2004	0	1.96	1.59
05   01   04 06   00	2004	0	2.22	1.59
06   01   04 06   00	2004	0	2.83	1.57
07   01   04 06   00	2004	0	3.12	1.51
08   01   04 06   00	2004	0	3.46	1.46
09   01   04 06   00	2004	0	3.7	1.42
10   01   04 06   00	2004	0	3.68	1.4
13   01   04 06   00	2004	0	3.27	1.29
14   01   04 06   00	2004	0	3.32	1.24
15   01   04 06   00	2004	0	2.99	1.2
16   01   04 06   00	2004	0	2.68	1.15
17   01   04 06   00	2004	0	3.28	1.1
18   01   04 06   00	2004	0	3.47	1.06
19   01   04 06   00	2004	0	2.09	1.05
20   01   04 06   00	2004	0	1.78	1.01
21   01   04 06   00	2004	36.52	2.62	1.08
22   01   04 06   00	2004	1.77	0.87	1.4
23   01   04 06   00	2004	0.1	4	1.35
24   01   04 06   00	2004	0.02	3.47	1.28
25   01   04 06   00	2004	0.01	3.39	1.71
26   01   04 06   00	2004	0	3.48	3.24
27   01   04 06   00	2004	0	4.39	3.36
28   01   04 06   00	2004	0	4.59	3.04
29   01   04 06   00	2004	0	4.44	2.78
30   01   04 06   00	2004	0	3.51	2.39
31   01   04 06   00	2004	0.06	3.25	2.37
01   02   04 06   00	2004	0.03	2.99	2.3
02   02   04 06   00	2004	0.3	2.92	2.16
03   02   04 06   00	2004	0	4.59	1.86
04   02   04 06   00	2004	0	4.96	1.74
05   02   04 06   00	2004	0.04	4.32	1.63
06   02   04 06   00	2004	0.02	3.7	1.57
07   02   04 06   00	2004	0	3.75	1.65
08   02   04 06   00	2004	0	3.4	1.77
09   02   04 06   00	2004	0	3.25	1.77
10   02   04 06   00	2004	0.02	2.73	1.73
11   02   04 06   00	2004	0.01	3.23	1.63
12   02   04 06   00	2004	0	3.48	1.57
13   02   04 06   00	2004	0	3.92	1.51
14   02   04 06   00	2004	0	2.56	1.46
15   02   04 06   00	2004	0	2.85	1.4
16   02   04 06   00	2004	0	3.78	1.36
17   02   04 06   00	2004	0	3.47	1.35
18   02   04 06   00	2004	0	3.39	1.29
19   02   04 06   00	2004	0	3.75	1.24
20   02   04 06   00	2004	0	3.64	1.19
21   02   04 06   00	2004	0	2.98	1.15
22   02   04 06   00	2004	0	3.25	1.11
23   02   04 06   00	2004	0	3.23	1.07
24   02   04 06   00	2004	0	3.36	1.05
25   02   04 06   00	2004	0	3.2	1
26   02   04 06   00	2004	0	3.29	0.96
27   02   04 06   00	2004	0	3.27	0.93
28   02   04 06   00	2004	0	3.43	0.93
02   03   04 06   00	2004	0.66	2.94	0.89
03   03   04 06   00	2004	4.99	2.49	0.88
04   03   04 06   00	2004	0.19	3.72	0.84
05   03   04 06   00	2004	0.03	5.03	0.84
06   03   04 06   00	2004	0.03	4.51	0.84
09   03   04 06   00	2004	0	4.23	0.77
10   03   04 06   00	2004	0	3.19	0.57
11   03   04 06   00	2004	0	3.33	0
12   03   04 06   00	2004	0	2.62	0
13   03   04 06   00	2004	0	3.19	0
14   03   04 06   00	2004	0	3.36	0
15   03   04 06   00	2004	0	3.44	0
16   03   04 06   00	2004	0	3.92	0
17   03   04 06   00	2004	0	3.44	0
18   03   04 06   00	2004	0	3.83	0
19   03   04 06   00	2004	0	3.57	0
20   03   04 06   00	2004	0	3.87	0
21   03   04 06   00	2004	0	3.36	0
22   03   04 06   00	2004	0	3.1	0
23   03   04 06   00	2004	0	3.28	0
24   03   04 06   00	2004	0	3.42	0
25   03   04 06   00	2004	0	3.61	0
26   03   04 06   00	2004	0	3.41	0
27   03   04 06   00	2004	0	4.22	0
28   03   04 06   00	2004	0	3.57	0
29   03   04 06   00	2004	0	3.56	0
30   03   04 06   00	2004	0.02	3.99	0
02   04   04 06   00	2004	5.49	4.91	0
03   04   04 06   00	2004	0.15	4.3	0
04   04   04 06   00	2004	0.03	5.05	0
05   04   04 06   00	2004	0.15	5.05	0
06   04   04 06   00	2004	0.83	4.3	0
07   04   04 06   00	2004	17.22	3.83	0
08   04   04 06   00	2004	0.89	2.91	0
09   04   04 06   00	2004	0.03	4.46	0
10   04   04 06   00	2004	0.03	4.38	0
11   04   04 06   00	2004	0.19	5	0
14   04   04 06   00	2004	1.77	4.44	0
15   04   04 06   00	2004	0	5.28	0
16   04   04 06   00	2004	4.51	4.47	0
17   04   04 06   00	2004	1.19	4	0
18   04   04 06   00	2004	0.02	5.18	0
19   04   04 06   00	2004	0.16	4.39	0
20   04   04 06   00	2004	0.45	3.68	0
21   04   04 06   00	2004	3.47	4.39	0
22   04   04 06   00	2004	2.43	3.87	0
23   04   04 06   00	2004	1.47	3.36	0
24   04   04 06   00	2004	3.7	3.02	0
25   04   04 06   00	2004	0	4.91	0
26   04   04 06   00	2004	0.11	4.26	0
27   04   04 06   00	2004	10.8	4.6	0
28   04   04 06   00	2004	1.65	3.86	0
29   04   04 06   00	2004	19.86	5.46	0
30   04   04 06   00	2004	0.58	4.55	0
01   05   04 06   00	2004	0	4.55	0
02   05   04 06   00	2004	0.11	4.41	0
03   05   04 06   00	2004	0.11	4.96	0
04   05   04 06   00	2004	1.4	4.17	0
05   05   04 06   00	2004	1.87	4.49	0
06   05   04 06   00	2004	16.12	4.15	0
07   05   04 06   00	2004	3.79	2.44	0
08   05   04 06   00	2004	0	4.82	0
09   05   04 06   00	2004	0.19	4.21	0
10   05   04 06   00	2004	0	4.37	0
11   05   04 06   00	2004	0.64	4.19	0
12   05   04 06   00	2004	3.58	2.84	0
13   05   04 06   00	2004	0.02	3.97	0
14   05   04 06   00	2004	0	4.21	0
15   05   04 06   00	2004	10.99	5.18	0
16   05   04 06   00	2004	0.1	2.64	0
17   05   04 06   00	2004	0.28	4.48	0
18   05   04 06   00	2004	0	4.67	0
19   05   04 06   00	2004	2	3.64	0
20   05   04 06   00	2004	5.44	2.68	0
21   05   04 06   00	2004	0	2.96	0
22   05   04 06   00	2004	0.81	3.57	0
23   05   04 06   00	2004	12.47	4.23	0
24   05   04 06   00	2004	0.7	2.21	0
25   05   04 06   00	2004	0.23	3.96	0
26   05   04 06   00	2004	19.98	2.76	0
27   05   04 06   00	2004	2.21	1.91	0
28   05   04 06   00	2004	0.13	4.16	0
29   05   04 06   00	2004	7.85	2.67	0
30   05   04 06   00	2004	1.21	4.2	0
31   05   04 06   00	2004	12.42	3.48	0
01   06   04 06   00	2004	0.76	3.09	0
02   06   04 06   00	2004	20.26	4.46	0
03   06   04 06   00	2004	3.2	3.39	0
04   06   04 06   00	2004	8.04	3.91	0
05   06   04 06   00	2004	0.03	3.03	0
06   06   04 06   00	2004	0.07	3.59	0
07   06   04 06   00	2004	3.99	2.48	0
08   06   04 06   00	2004	4.53	2.09	0
09   06   04 06   00	2004	25.15	4.51	0
10   06   04 06   00	2004	0.96	2.99	0
11   06   04 06   00	2004	0.07	4.03	0
12   06   04 06   00	2004	24.08	3.28	0
13   06   04 06   00	2004	6	1.38	0
14   06   04 06   00	2004	0.51	3.23	0
15   06   04 06   00	2004	2.68	4.11	0.39
16   06   04 06   00	2004	6.46	0.74	7.66
17   06   04 06   00	2004	30.21	3.93	14.31
18   06   04 06   00	2004	0.23	2.45	14.81
19   06   04 06   00	2004	0.04	3.52	15.97
20   06   04 06   00	2004	0.08	3.96	18.97
21   06   04 06   00	2004	4.11	4.62	17.3
22   06   04 06   00	2004	6.18	2.77	13.37
23   06   04 06   00	2004	0.57	3.86	11.97
24   06   04 06   00	2004	7.08	3.41	30.97
25   06   04 06   00	2004	11.28	1.17	19.6
26   06   04 06   00	2004	4.32	1.71	13.92
27   06   04 06   00	2004	2.89	3.58	11.8
11   07   04 06   00	2004	21.88	4.4	30.39
12   07   04 06   00	2004	0.26	3.2	28.16
13   07   04 06   00	2004	2	3.95	39.81
14   07   04 06   00	2004	12.85	4.36	57.85
15   07   04 06   00	2004	2.81	4.35	51.59
16   07   04 06   00	2004	3.15	3.98	43.26
17   07   04 06   00	2004	13.24	3.9	38.44
18   07   04 06   00	2004	2.71	1.74	49.76
19   07   04 06   00	2004	5.56	2.9	61.06
20   07   04 06   00	2004	3.6	2.16	69.04
21   07   04 06   00	2004	7.45	2.71	70.02
22   07   04 06   00	2004	18.99	3.69	64.75
23   07   04 06   00	2004	5.73	3.59	55.94
24   07   04 06   00	2004	22.99	3.31	110.49
25   07   04 06   00	2004	11.97	4.47	165.37
26   07   04 06   00	2004	5.05	2.06	174.95
27   07   04 06   00	2004	7.78	1.86	226.55
28   07   04 06   00	2004	17.79	2.46	268.53
29   07   04 06   00	2004	9.18	0.43	245.32
30   07   04 06   00	2004	1.48	2.6	224.12
31   07   04 06   00	2004	20.9	2.64	212.99
01   08   04 06   00	2004	1.88	2.47	192.76
02   08   04 06   00	2004	1.12	3.68	196.65
03   08   04 06   00	2004	0.81	3.06	235.56
04   08   04 06   00	2004	2.07	3.16	234.9
05   08   04 06   00	2004	0.63	3.05	180.99
06   08   04 06   00	2004	15.27	1.62	137.38
07   08   04 06   00	2004	1.55	2.23	136.92
08   08   04 06   00	2004	0.52	4.11	133.65
09   08   04 06   00	2004	6.36	2.36	133.34
10   08   04 06   00	2004	0.19	2.6	117.1
11   08   04 06   00	2004	20.46	4.14	103.24
12   08   04 06   00	2004	2.12	0.77	90.29
13   08   04 06   00	2004	0.43	3.79	123.84
14   08   04 06   00	2004	13.75	3.34	152.33
15   08   04 06   00	2004	0.12	2.4	142.41
16   08   04 06   00	2004	5.66	2.37	131.33
17   08   04 06   00	2004	2.4	3.56	137.91
18   08   04 06   00	2004	0.14	2.21	135.1
19   08   04 06   00	2004	3.45	3.34	136.92
20   08   04 06   00	2004	7.27	2.89	117.79
21   08   04 06   00	2004	5.4	3.01	119.66
22   08   04 06   00	2004	21.8	1.56	162.39
23   08   04 06   00	2004	39.02	1.06	267.6
24   08   04 06   00	2004	5.07	2.73	324.62
25   08   04 06   00	2004	4.37	2.72	343.97
26   08   04 06   00	2004	26.14	3.21	355.16
27   08   04 06   00	2004	4.35	2.32	376.03
28   08   04 06   00	2004	4.51	2.98	375.61
29   08   04 06   00	2004	5.06	4.28	378.84
30   08   04 06   00	2004	7.88	4.39	378.18
31   08   04 06   00	2004	12.38	2.63	361.85
01   09   04 06   00	2004	0.05	4.13	351.05
02   09   04 06   00	2004	0.56	3.45	339.28
03   09   04 06   00	2004	2.39	2.33	321.82
04   09   04 06   00	2004	18.95	3.7	288.03
05   09   04 06   00	2004	0.9	3.59	266.99
06   09   04 06   00	2004	20.2	4.41	277.8
07   09   04 06   00	2004	2.45	2.19	299.4
08   09   04 06   00	2004	0.17	3.83	302.15
09   09   04 06   00	2004	11.72	3.65	303.66
10   09   04 06   00	2004	3.13	4.48	298.65
11   09   04 06   00	2004	8.07	4.39	284.48
12   09   04 06   00	2004	5.99	3.46	269.61
13   09   04 06   00	2004	4.11	3.29	252.1
14   09   04 06   00	2004	0.36	2.91	244.16
15   09   04 06   00	2004	0.29	3.48	226.83
16   09   04 06   00	2004	11.48	4.43	200.59
17   09   04 06   00	2004	11.88	2.32	174.4
18   09   04 06   00	2004	4.12	4.57	174.83
19   09   04 06   00	2004	7.1	4.96	187.97
20   09   04 06   00	2004	16.92	1.98	192.75
21   09   04 06   00	2004	13.26	3.2	202.41
22   09   04 06   00	2004	6.2	3.74	208.79
23   09   04 06   00	2004	18.54	4.01	219.53
24   09   04 06   00	2004	1.15	2.66	212.67
25   09   04 06   00	2004	0.01	4.47	207.83
26   09   04 06   00	2004	21.89	4.39	239.12
27   09   04 06   00	2004	0.19	3.1	256.94
28   09   04 06   00	2004	0.16	3.78	275.82
29   09   04 06   00	2004	0.31	4.02	281.09
30   09   04 06   00	2004	23.69	3.51	271.97
01   10   04 06   00	2004	3.53	2.83	256.8
02   10   04 06   00	2004	4.74	2.67	254.44
03   10   04 06   00	2004	3.83	4.55	253.9
04   10   04 06   00	2004	4.11	4.64	237.92
05   10   04 06   00	2004	5.77	2.69	219.29
06   10   04 06   00	2004	0.19	2.93	207.29
07   10   04 06   00	2004	0.9	3.85	190.66
08   10   04 06   00	2004	0.05	4.3	173.4
09   10   04 06   00	2004	0.05	4.03	153.47
10   10   04 06   00	2004	0.08	4.03	135.64
11   10   04 06   00	2004	2.24	3.39	118.76
12   10   04 06   00	2004	0.04	3.64	105.57
13   10   04 06   00	2004	0.08	4.65	94.03
14   10   04 06   00	2004	0.19	2.31	83.46
15   10   04 06   00	2004	1.33	4.63	74.28
16   10   04 06   00	2004	0.03	4.14	66.23
17   10   04 06   00	2004	0.11	4.07	59.72
18   10   04 06   00	2004	0.01	4.33	53.76
19   10   04 06   00	2004	0.07	4.39	49.07
20   10   04 06   00	2004	0.23	4.5	44.73
21   10   04 06   00	2004	0.05	3.92	40.61
22   10   04 06   00	2004	0	3.84	37.09
23   10   04 06   00	2004	0.03	3.72	34.11
24   10   04 06   00	2004	0.03	3.76	31.79
25   10   04 06   00	2004	0	3.63	29.66
26   10   04 06   00	2004	0.06	2.64	27.37
27   10   04 06   00	2004	0.12	3.83	25.21
28   10   04 06   00	2004	0.44	3.5	23.85
29   10   04 06   00	2004	0	3.52	22.29
30   10   04 06   00	2004	0	4.22	20.37
31   10   04 06   00	2004	0.07	3.62	18.79
01   11   04 06   00	2004	0.76	3.49	17.56
02   11   04 06   00	2004	8.95	4.12	16.61
03   11   04 06   00	2004	12.81	3.92	16.06
04   11   04 06   00	2004	0.71	3.23	16.06
05   11   04 06   00	2004	0.09	3.96	16.18
06   11   04 06   00	2004	0.76	3.57	17.96
07   11   04 06   00	2004	4.93	3.92	18.36
08   11   04 06   00	2004	0.11	4.12	18.22
09   11   04 06   00	2004	0.12	3.78	16.57
10   11   04 06   00	2004	0.02	3.41	14.16
11   11   04 06   00	2004	0.15	2.71	12.46
12   11   04 06   00	2004	9.3	2.89	11.37
13   11   04 06   00	2004	4.32	3.11	10.66
20   11   04 06   00	2004	0	2.85	8.54
21   11   04 06   00	2004	0	3.3	8.06
22   11   04 06   00	2004	0	3.19	7.47
23   11   04 06   00	2004	0.19	2.97	6.9
24   11   04 06   00	2004	0	3.34	6.42
25   11   04 06   00	2004	1.38	2.88	6.07
26   11   04 06   00	2004	0	2.5	5.7
27   11   04 06   00	2004	0	2.6	5.46
28   11   04 06   00	2004	0	2.8	5.22
29   11   04 06   00	2004	0	2.74	5.01
30   11   04 06   00	2004	0	2.28	4.85
01   12   04 06   00	2004	0	2.13	4.67
02   12   04 06   00	2004	0	2.3	4.48
03   12   04 06   00	2004	0	3.17	4.31
04   12   04 06   00	2004	0	3.03	4.12
05   12   04 06   00	2004	0	2.49	4.02
06   12   04 06   00	2004	0	2.54	3.92
07   12   04 06   00	2004	0	2.62	3.9
08   12   04 06   00	2004	0	2.27	3.9
09   12   04 06   00	2004	0	3.06	3.9
10   12   04 06   00	2004	0	2.32	3.9
11   12   04 06   00	2004	0	2.55	3.89
12   12   04 06   00	2004	0	2.1	3.82
13   12   04 06   00	2004	0	2.5	3.8
14   12   04 06   00	2004	0	2.58	3.8
15   12   04 06   00	2004	0	2.49	3.8
16   12   04 06   00	2004	0	2.54	3.8
17   12   04 06   00	2004	0	2.74	3.8
18   12   04 06   00	2004	0	2.53	3.8
19   12   04 06   00	2004	0	2.13	3.8
20   12   04 06   00	2004	0	2.06	3.8
21   12   04 06   00	2004	0	2.31	3.8
22   12   04 06   00	2004	0	1.65	3.8
23   12   04 06   00	2004	0	1.88	3.8
24   12   04 06   00	2004	0	1.8	3.8
25   12   04 06   00	2004	0	2.57	3.8
26   12   04 06   00	2004	0	2.99	3.8
27   12   04 06   00	2004	0	2.05	3.8
28   12   04 06   00	2004	0	2.13	3.8
29   12   04 06   00	2004	0	2.33	3.8
30   12   04 06   00	2004	0	3	3.8
31   12   04 06   00	2004	0	1.95	3.7
01   01   05 06   00	2005	0	3.2	2.03
02   01   05 06   00	2005	0	3.11	1.4
03   01   05 06   00	2005	0	3.1	1.39
04   01   05 06   00	2005	0	2.91	1.38
05   01   05 06   00	2005	0	2.72	1.36
06   01   05 06   00	2005	0	3.77	1.35
07   01   05 06   00	2005	0	4.72	1.34
08   01   05 06   00	2005	0	4.04	1.32
09   01   05 06   00	2005	0	4.64	1.31
10   01   05 06   00	2005	0	4.26	1.3
11   01   05 06   00	2005	0	3.88	1.28
12   01   05 06   00	2005	0	2.39	1.27
13   01   05 06   00	2005	0	2.95	1.25
14   01   05 06   00	2005	0	2.73	1.24
15   01   05 06   00	2005	0	2.33	1.23
16   01   05 06   00	2005	0	2.4	1.21
17   01   05 06   00	2005	0	3.28	1.2
18   01   05 06   00	2005	0	3.69	1.19
19   01   05 06   00	2005	0	4.42	1.17
20   01   05 06   00	2005	0	2.75	1.15
21   01   05 06   00	2005	0	3.18	1.11
22   01   05 06   00	2005	0	2.87	1.11
23   01   05 06   00	2005	0	3.56	1.11
24   01   05 06   00	2005	0	3.36	1.11
25   01   05 06   00	2005	0	3.03	1.11
26   01   05 06   00	2005	0	3.17	1.11
27   01   05 06   00	2005	0	3.62	1.11
28   01   05 06   00	2005	0	3.43	1.11
29   01   05 06   00	2005	0	1.53	1.11
30   01   05 06   00	2005	0	2.83	1.11
31   01   05 06   00	2005	0	4.05	1.11
01   02   05 06   00	2005	0	3.97	1.11
02   02   05 06   00	2005	0	4.85	1.11
03   02   05 06   00	2005	0	2.83	1.11
04   02   05 06   00	2005	0	2.39	1.11
05   02   05 06   00	2005	0	2.31	1.11
06   02   05 06   00	2005	0	2.62	1.11
07   02   05 06   00	2005	0	2.27	1.11
08   02   05 06   00	2005	0	3.17	1.11
09   02   05 06   00	2005	0	2.81	1.11
10   02   05 06   00	2005	0	3.09	1.11
11   02   05 06   00	2005	0	3.32	1.11
12   02   05 06   00	2005	0	3.73	1.11
13   02   05 06   00	2005	0	4.1	1.11
14   02   05 06   00	2005	0	3.61	1.11
15   02   05 06   00	2005	0	3.44	1.11
16   02   05 06   00	2005	0	3.35	1.11
17   02   05 06   00	2005	0	2.06	1.11
18   02   05 06   00	2005	0	2.8	1.11
19   02   05 06   00	2005	0	3.26	1.11
20   02   05 06   00	2005	9.8	3.5	1.11
21   02   05 06   00	2005	0	3.47	1.11
22   02   05 06   00	2005	0	4.53	1.11
23   02   05 06   00	2005	0	3.3	1.11
24   02   05 06   00	2005	0	5.34	1.11
25   02   05 06   00	2005	0	4.23	1.11
26   02   05 06   00	2005	0	5.13	1.11
27   02   05 06   00	2005	0.03	1.85	1.11
28   02   05 06   00	2005	0	3.31	1.11
01   03   05 06   00	2005	2.84	3.89	1.11
02   03   05 06   00	2005	0	3.82	1.11
03   03   05 06   00	2005	0	3.98	1.11
04   03   05 06   00	2005	0.67	4.04	1.11
05   03   05 06   00	2005	0	1.58	1.11
06   03   05 06   00	2005	0	3.11	1.11
07   03   05 06   00	2005	18.93	3.88	1.11
08   03   05 06   00	2005	0.42	4.51	1.11
09   03   05 06   00	2005	0	4.57	1.11
10   03   05 06   00	2005	0	4.14	1.11
11   03   05 06   00	2005	0	4.02	1.11
12   03   05 06   00	2005	0	3.98	1.11
13   03   05 06   00	2005	3.91	2.85	1.11
14   03   05 06   00	2005	0.07	4.43	1.11
15   03   05 06   00	2005	4.05	2.76	1.11
16   03   05 06   00	2005	0	4.34	1.11
17   03   05 06   00	2005	0	4.66	1.11
18   03   05 06   00	2005	0	4.52	1.11
19   03   05 06   00	2005	0.2	4.72	1.11
20   03   05 06   00	2005	0	4.47	1.11
21   03   05 06   00	2005	0	4.45	1.11
22   03   05 06   00	2005	1.14	4.96	1.11
23   03   05 06   00	2005	4.64	5.09	1.11
24   03   05 06   00	2005	0.96	5.09	1.11
25   03   05 06   00	2005	1.74	4.15	1.11
26   03   05 06   00	2005	0	3.8	1.11
27   03   05 06   00	2005	0	4.51	1.11
28   03   05 06   00	2005	0	4.24	1.11
29   03   05 06   00	2005	0	4.58	1.11
30   03   05 06   00	2005	0	4.68	1.11
31   03   05 06   00	2005	0	4.67	1.11
01   04   05 06   00	2005	0.03	5.15	1.11
02   04   05 06   00	2005	0.05	4.28	1.11
03   04   05 06   00	2005	1.84	4.13	1.11
04   04   05 06   00	2005	0.1	4.56	1.11
05   04   05 06   00	2005	0.02	4.56	1.11
06   04   05 06   00	2005	0.03	4.33	1.11
07   04   05 06   00	2005	0	4.19	1.11
08   04   05 06   00	2005	0.01	4.64	1.11
09   04   05 06   00	2005	0	4.57	1.11
10   04   05 06   00	2005	0.08	4.26	1.11
11   04   05 06   00	2005	0	4.32	1.11
12   04   05 06   00	2005	0	4.16	1.11
13   04   05 06   00	2005	0	4.08	1.11
14   04   05 06   00	2005	0.02	4.62	1.11
15   04   05 06   00	2005	1.16	4.97	1.11
16   04   05 06   00	2005	0.01	3.83	1.11
17   04   05 06   00	2005	5.28	5.02	1.11
18   04   05 06   00	2005	6.03	4.31	1.11
19   04   05 06   00	2005	0.02	4.14	1.11
20   04   05 06   00	2005	31.67	2.96	1.11
21   04   05 06   00	2005	0.09	3.68	1.11
22   04   05 06   00	2005	0.52	5.38	1.11
23   04   05 06   00	2005	1.36	4.68	1.11
24   04   05 06   00	2005	5.9	4.1	1.11
25   04   05 06   00	2005	0.08	3.88	1.11
26   04   05 06   00	2005	0.6	4.72	1.11
27   04   05 06   00	2005	1.74	4.15	1.11
28   04   05 06   00	2005	0	4.36	1.11
29   04   05 06   00	2005	14.29	3.93	1.1
30   04   05 06   00	2005	0.93	1.23	1.09
01   05   05 06   00	2005	0.05	5.04	1.08
02   05   05 06   00	2005	0.01	4.34	1.07
03   05   05 06   00	2005	0.88	4.34	1.06
04   05   05 06   00	2005	2.85	4.1	1.05
05   05   05 06   00	2005	12.58	4.61	1.04
06   05   05 06   00	2005	6.46	3.63	1.03
07   05   05 06   00	2005	0.55	4.55	1.02
08   05   05 06   00	2005	0.72	4.35	1.01
09   05   05 06   00	2005	5.29	2.86	1
10   05   05 06   00	2005	0.86	3.31	0.99
11   05   05 06   00	2005	2.44	4.41	0.98
12   05   05 06   00	2005	0.15	3.84	0.97
13   05   05 06   00	2005	2.09	5.04	0.96
14   05   05 06   00	2005	0	4.48	0.95
15   05   05 06   00	2005	0.28	4.14	0.94
16   05   05 06   00	2005	3.82	4.17	0.93
17   05   05 06   00	2005	2.28	2.92	0.92
18   05   05 06   00	2005	0.04	4.19	0.91
19   05   05 06   00	2005	5.97	4.44	0.9
20   05   05 06   00	2005	0.19	4.63	0.89
21   05   05 06   00	2005	0	3.56	0.88
22   05   05 06   00	2005	12.38	4.02	0.87
23   05   05 06   00	2005	2.42	3.32	0.86
24   05   05 06   00	2005	0.04	4.72	0.85
25   05   05 06   00	2005	0.24	4.79	0.84
26   05   05 06   00	2005	0.3	4.73	0.84
27   05   05 06   00	2005	1.89	3.58	0.84
28   05   05 06   00	2005	3.3	2.43	0.84
29   05   05 06   00	2005	1.62	4.58	0.84
30   05   05 06   00	2005	0.1	3.94	0.84
31   05   05 06   00	2005	24.03	0.87	0.84
01   06   05 06   00	2005	2.14	2.87	0.84
02   06   05 06   00	2005	0.93	3.26	0.84
03   06   05 06   00	2005	1.32	3.47	0.84
04   06   05 06   00	2005	7.57	3.98	0.84
05   06   05 06   00	2005	18.68	2.8	0.84
06   06   05 06   00	2005	2.89	4.34	0.84
07   06   05 06   00	2005	0	4.31	0.84
08   06   05 06   00	2005	4.41	3.68	0.84
09   06   05 06   00	2005	0.63	4.14	0.84
10   06   05 06   00	2005	0.56	3.87	0.84
11   06   05 06   00	2005	8.66	3.62	0.84
12   06   05 06   00	2005	12.54	1.95	0.84
13   06   05 06   00	2005	1.41	2.69	0.84
14   06   05 06   00	2005	0	3.47	0.84
15   06   05 06   00	2005	4.48	3.84	0.84
16   06   05 06   00	2005	12.79	3.25	0.84
17   06   05 06   00	2005	0.02	4.31	0.84
18   06   05 06   00	2005	24.97	2.96	3.05
19   06   05 06   00	2005	0.09	3.21	15.85
20   06   05 06   00	2005	16.52	2.76	17.57
21   06   05 06   00	2005	4.26	1.98	12.19
22   06   05 06   00	2005	3.88	4.1	22.34
23   06   05 06   00	2005	6.88	2.7	17.7
24   06   05 06   00	2005	0.01	2.5	15.37
25   06   05 06   00	2005	0.83	2.67	13.81
26   06   05 06   00	2005	8.59	2.89	10.08
27   06   05 06   00	2005	6.18	2.7	8.78
28   06   05 06   00	2005	0.54	3.72	7.59
29   06   05 06   00	2005	0.78	3.84	7.73
30   06   05 06   00	2005	0.07	3.76	6.81
01   07   05 06   00	2005	2.98	3.84	5.81
02   07   05 06   00	2005	2.2	2.82	6.14
03   07   05 06   00	2005	34.79	2.16	14.29
04   07   05 06   00	2005	0.13	3.01	17.48
05   07   05 06   00	2005	0.03	3.59	15.99
06   07   05 06   00	2005	12.98	1.89	13.97
07   07   05 06   00	2005	1.29	3.52	15.76
08   07   05 06   00	2005	0.31	2.34	17.77
09   07   05 06   00	2005	7.78	3.51	18.57
10   07   05 06   00	2005	12.03	2.78	17.04
11   07   05 06   00	2005	1.28	1.17	14.6
12   07   05 06   00	2005	0.01	3.38	17.13
13   07   05 06   00	2005	28.09	4.1	18.77
14   07   05 06   00	2005	29.31	1.84	44.35
15   07   05 06   00	2005	3.54	3.64	59.81
16   07   05 06   00	2005	8.76	3.87	97.39
17   07   05 06   00	2005	22.57	4.91	186.03
18   07   05 06   00	2005	2.54	2.44	243.88
19   07   05 06   00	2005	7.83	4.16	218.8
20   07   05 06   00	2005	20.3	3.56	145.39
21   07   05 06   00	2005	18.41	4.43	154.33
22   07   05 06   00	2005	0.71	3	212.25
23   07   05 06   00	2005	2.06	3.72	216.2
24   07   05 06   00	2005	3.01	4.39	209.96
25   07   05 06   00	2005	27.47	4.25	142.78
26   07   05 06   00	2005	0.03	3.69	88.48
27   07   05 06   00	2005	5.07	3.33	115.05
28   07   05 06   00	2005	14.78	4.44	162.2
29   07   05 06   00	2005	0.84	1.55	133.97
30   07   05 06   00	2005	6.63	2.85	70.39
31   07   05 06   00	2005	6.55	1.04	64.34
01   08   05 06   00	2005	4.15	3.85	87.52
02   08   05 06   00	2005	7.86	3.02	103.41
03   08   05 06   00	2005	5.22	3.46	118.32
04   08   05 06   00	2005	1.16	2.44	135
05   08   05 06   00	2005	5.04	2.88	131.84
06   08   05 06   00	2005	0.15	4.07	107.94
07   08   05 06   00	2005	20.83	3.37	112.39
08   08   05 06   00	2005	3.25	3.39	175.2
09   08   05 06   00	2005	10.96	3.04	110.9
10   08   05 06   00	2005	11.23	3.25	100.47
11   08   05 06   00	2005	1.27	2.26	126.12
12   08   05 06   00	2005	1.65	2.77	117.53
13   08   05 06   00	2005	4.05	1.01	82.85
14   08   05 06   00	2005	5.54	3.03	69.04
15   08   05 06   00	2005	6.6	2.86	68.54
16   08   05 06   00	2005	3.74	3.48	98.67
17   08   05 06   00	2005	12.2	0.75	153.44
18   08   05 06   00	2005	2.59	2.24	92.4
19   08   05 06   00	2005	0.05	3.61	78.78
20   08   05 06   00	2005	0.5	2.74	64.46
21   08   05 06   00	2005	10.96	1.9	55.44
22   08   05 06   00	2005	0.19	3.2	51.18
23   08   05 06   00	2005	0.26	3.22	54.25
24   08   05 06   00	2005	13.56	1.07	70.48
25   08   05 06   00	2005	4.56	3.38	67.7
26   08   05 06   00	2005	2.12	3.73	62.67
27   08   05 06   00	2005	2.07	2.67	59.75
28   08   05 06   00	2005	0.05	3.34	60.12
29   08   05 06   00	2005	28.54	4.08	56.47
30   08   05 06   00	2005	4.15	0.88	61.57
31   08   05 06   00	2005	0.21	2.65	96.36
01   09   05 06   00	2005	0.78	2.73	105.39
02   09   05 06   00	2005	23.17	0.74	80.57
03   09   05 06   00	2005	0.13	3.15	90.55
04   09   05 06   00	2005	2.73	3.58	116.62
05   09   05 06   00	2005	20.68	2.98	112.41
06   09   05 06   00	2005	4.82	2.18	91.67
07   09   05 06   00	2005	0.52	3.18	85.54
08   09   05 06   00	2005	14.23	3.17	89.46
09   09   05 06   00	2005	2.89	2.38	87.65
10   09   05 06   00	2005	0.45	3.67	90.77
11   09   05 06   00	2005	0.23	3.98	94.27
12   09   05 06   00	2005	1.35	3.99	85.58
13   09   05 06   00	2005	1.73	4.22	70.96
14   09   05 06   00	2005	6.76	3.95	62.32
15   09   05 06   00	2005	12.09	4.2	54.84
16   09   05 06   00	2005	0.18	2.99	55.99
17   09   05 06   00	2005	0.4	5.16	58.43
18   09   05 06   00	2005	0.18	4.4	52.74
19   09   05 06   00	2005	2.44	4.24	49.92
20   09   05 06   00	2005	0.31	4.32	42.36
21   09   05 06   00	2005	28.63	2.26	37.96
22   09   05 06   00	2005	10.54	1.06	99.82
23   09   05 06   00	2005	6.31	4.32	100.83
24   09   05 06   00	2005	16.25	4.78	93.42
25   09   05 06   00	2005	17.86	1.04	117.79
26   09   05 06   00	2005	4.26	3.09	150.72
27   09   05 06   00	2005	12.32	3.71	156.7
28   09   05 06   00	2005	5.81	2.78	165.52
29   09   05 06   00	2005	2.57	3.98	150.57
30   09   05 06   00	2005	1.63	4.49	163.95
01   10   05 06   00	2005	2.1	4.09	150.6
02   10   05 06   00	2005	5.94	3.73	133.09
03   10   05 06   00	2005	1.09	3.36	112.38
04   10   05 06   00	2005	23.23	3.55	96.67
05   10   05 06   00	2005	12.51	2.96	145.52
06   10   05 06   00	2005	1.5	3.23	161.9
07   10   05 06   00	2005	23.44	3.63	176.28
08   10   05 06   00	2005	0.18	4.08	228.6
09   10   05 06   00	2005	12.59	4.16	222.29
10   10   05 06   00	2005	11.02	4.47	212.5
11   10   05 06   00	2005	4.67	2.03	217.12
12   10   05 06   00	2005	0.2	3.69	234.42
13   10   05 06   00	2005	0.13	4.36	219.83
14   10   05 06   00	2005	0.32	4.54	188.65
15   10   05 06   00	2005	0.07	4.06	160.69
16   10   05 06   00	2005	8.86	3.49	138.78
17   10   05 06   00	2005	0.03	4.53	126.68
18   10   05 06   00	2005	0.08	4.33	117.76
19   10   05 06   00	2005	0.08	3.71	109.94
20   10   05 06   00	2005	0.03	3.42	97.66
21   10   05 06   00	2005	1.2	2.7	86.89
22   10   05 06   00	2005	5.81	4.17	78.42
23   10   05 06   00	2005	0.11	4.35	73.64
24   10   05 06   00	2005	0.25	3.75	67.51
25   10   05 06   00	2005	0.1	4.48	60.5
26   10   05 06   00	2005	0.03	3.79	55.32
27   10   05 06   00	2005	0.05	4.27	48.63
28   10   05 06   00	2005	0.05	4.05	42.53
29   10   05 06   00	2005	0.1	4.19	38.14
30   10   05 06   00	2005	0.13	3.73	34.59
31   10   05 06   00	2005	0.07	4.23	31.74
01   11   05 06   00	2005	0	3.93	28.99
02   11   05 06   00	2005	1.93	3.66	26.67
03   11   05 06   00	2005	0.05	2.56	24.46
04   11   05 06   00	2005	0	3.79	22.46
05   11   05 06   00	2005	0.08	2.92	20.76
06   11   05 06   00	2005	0.21	3.67	19.29
07   11   05 06   00	2005	0.11	3.98	17.69
08   11   05 06   00	2005	0.08	4.46	16.25
09   11   05 06   00	2005	0.04	4.2	14.94
10   11   05 06   00	2005	0	3.99	13.64
11   11   05 06   00	2005	0.05	3.66	12.45
12   11   05 06   00	2005	0.13	3.65	11.36
13   11   05 06   00	2005	0	3.27	10.47
14   11   05 06   00	2005	0	3.63	9.66
15   11   05 06   00	2005	0.06	3.45	8.92
16   11   05 06   00	2005	0.16	3.81	8.25
17   11   05 06   00	2005	0.13	3.44	7.7
18   11   05 06   00	2005	0.08	3.44	7.41
19   11   05 06   00	2005	0.16	2.97	7.25
20   11   05 06   00	2005	0	3.19	7.08
21   11   05 06   00	2005	0.15	3.15	6.91
22   11   05 06   00	2005	0.09	3.51	6.75
23   11   05 06   00	2005	0	2.71	6.58
24   11   05 06   00	2005	0	3.15	6.41
25   11   05 06   00	2005	0	3.14	6.25
26   11   05 06   00	2005	0	2.59	6.08
27   11   05 06   00	2005	0	2.94	5.91
28   11   05 06   00	2005	0	3.12	5.75
29   11   05 06   00	2005	0	3.53	5.58
30   11   05 06   00	2005	0	3.5	5.41
01   12   05 06   00	2005	0	3.09	5.25
02   12   05 06   00	2005	0	3.04	5.08
03   12   05 06   00	2005	0	2.87	4.91
04   12   05 06   00	2005	0	3.19	4.75
05   12   05 06   00	2005	0	2.85	4.58
06   12   05 06   00	2005	0	2.87	4.41
07   12   05 06   00	2005	0	2.36	4.25
08   12   05 06   00	2005	0	2.71	4.08
09   12   05 06   00	2005	0	2.55	3.91
10   12   05 06   00	2005	0	2.36	3.75
11   12   05 06   00	2005	0	2.03	3.58
12   12   05 06   00	2005	0	2.38	3.41
13   12   05 06   00	2005	0	2.49	3.25
14   12   05 06   00	2005	0	3.09	3.08
15   12   05 06   00	2005	0	3.61	2.91
16   12   05 06   00	2005	0	3.32	2.75
17   12   05 06   00	2005	0	2.73	2.58
18   12   05 06   00	2005	0	2.81	2.41
19   12   05 06   00	2005	0	3.26	2.25
20   12   05 06   00	2005	0	3.3	2.08
21   12   05 06   00	2005	0	2.54	1.91
22   12   05 06   00	2005	0	2.59	1.75
23   12   05 06   00	2005	0	2	1.58
24   12   05 06   00	2005	0	3.17	1.41
25   12   05 06   00	2005	0	2.69	1.25
26   12   05 06   00	2005	0	2.57	1.08
27   12   05 06   00	2005	0	2.89	0.92
28   12   05 06   00	2005	0	3.11	0.75
29   12   05 06   00	2005	0	2.52	0.58
30   12   05 06   00	2005	0	1.95	0.42
31   12   05 06   00	2005	0	2.63	0.25
01   01   06 06   00	2006	0	3.2	0.08
02   01   06 06   00	2006	0	3.39	0
03   01   06 06   00	2006	0	2.57	0
04   01   06 06   00	2006	0	2.57	0
05   01   06 06   00	2006	0	2.65	0
06   01   06 06   00	2006	0	2	0
07   01   06 06   00	2006	0	1.93	0
08   01   06 06   00	2006	0	1.93	0
09   01   06 06   00	2006	0	2.21	0
10   01   06 06   00	2006	0	2.24	0
11   01   06 06   00	2006	0	2.42	0
12   01   06 06   00	2006	0	2.87	0
13   01   06 06   00	2006	0	2.02	0
14   01   06 06   00	2006	0	2.8	0
15   01   06 06   00	2006	0	2.86	0
16   01   06 06   00	2006	0	2.91	0
17   01   06 06   00	2006	0	2.73	0
18   01   06 06   00	2006	0	2.91	0
19   01   06 06   00	2006	0.16	1.75	0
20   01   06 06   00	2006	0	2	0
21   01   06 06   00	2006	0	2.47	0
22   01   06 06   00	2006	0	3.64	0
23   01   06 06   00	2006	0	2.81	0
24   01   06 06   00	2006	0	3.35	0
25   01   06 06   00	2006	0	3.21	0
26   01   06 06   00	2006	0	2.35	0
27   01   06 06   00	2006	0	2.53	0
28   01   06 06   00	2006	0	2.52	0
29   01   06 06   00	2006	0	1.52	0
30   01   06 06   00	2006	0	2.68	0
31   01   06 06   00	2006	0	2.59	0
01   02   06 06   00	2006	0	2.51	0
02   02   06 06   00	2006	0	2.43	0
03   02   06 06   00	2006	0	2.99	0
04   02   06 06   00	2006	0.13	2.73	0
05   02   06 06   00	2006	0	3.13	0
06   02   06 06   00	2006	0	2.83	0
07   02   06 06   00	2006	0.05	2.77	0
08   02   06 06   00	2006	0.01	2.51	0
09   02   06 06   00	2006	0.02	2.63	0
10   02   06 06   00	2006	1.28	3.54	0
11   02   06 06   00	2006	0	3.71	0
12   02   06 06   00	2006	0	3.08	0
13   02   06 06   00	2006	0	2.54	0
14   02   06 06   00	2006	0	2.18	0
15   02   06 06   00	2006	14.08	3.01	0
16   02   06 06   00	2006	1.24	3.26	0
17   02   06 06   00	2006	0.02	3.43	0
18   02   06 06   00	2006	0.01	4.31	0
19   02   06 06   00	2006	0.01	3.48	0
20   02   06 06   00	2006	0	3.6	0
21   02   06 06   00	2006	0.01	3.91	0
22   02   06 06   00	2006	0	3.22	0
23   02   06 06   00	2006	0	3.98	0
24   02   06 06   00	2006	0	3.38	0
25   02   06 06   00	2006	0	2.97	0
26   02   06 06   00	2006	0	4.09	0
27   02   06 06   00	2006	0	3.72	0
28   02   06 06   00	2006	0	3.8	0
01   03   06 06   00	2006	0	4.26	0
02   03   06 06   00	2006	2.04	3.78	0
03   03   06 06   00	2006	0.03	4.28	0
04   03   06 06   00	2006	0.42	4.28	0
05   03   06 06   00	2006	0	4.48	0
06   03   06 06   00	2006	0	4.26	0
07   03   06 06   00	2006	0.23	4.65	0
08   03   06 06   00	2006	0.05	4.77	0
09   03   06 06   00	2006	0	3.86	0
10   03   06 06   00	2006	0	3.22	0
11   03   06 06   00	2006	0	3.33	0
12   03   06 06   00	2006	0	3.72	0
13   03   06 06   00	2006	0	3.38	0
14   03   06 06   00	2006	0	3.07	0
15   03   06 06   00	2006	0	2.94	0
16   03   06 06   00	2006	0	3.46	0
17   03   06 06   00	2006	0	3.32	0
18   03   06 06   00	2006	0	3.72	0
19   03   06 06   00	2006	0	3.6	0
20   03   06 06   00	2006	0.83	3.94	0
21   03   06 06   00	2006	0	3.73	0
22   03   06 06   00	2006	0	3.45	0
23   03   06 06   00	2006	0	3.2	0
24   03   06 06   00	2006	0.03	2.52	0
25   03   06 06   00	2006	0	4.05	0
26   03   06 06   00	2006	0	4.77	0
27   03   06 06   00	2006	0	4.77	0
28   03   06 06   00	2006	0	4.28	0
29   03   06 06   00	2006	0	4.18	0
30   03   06 06   00	2006	0	2.98	0
31   03   06 06   00	2006	0	2.96	0
01   04   06 06   00	2006	0	4.2	0
02   04   06 06   00	2006	0	3.71	0
03   04   06 06   00	2006	0	4.08	0
04   04   06 06   00	2006	0	4.22	0
05   04   06 06   00	2006	0.01	3.47	0
06   04   06 06   00	2006	0.04	3.49	0
07   04   06 06   00	2006	0	4.28	0
08   04   06 06   00	2006	0	3.93	0
09   04   06 06   00	2006	0	3.4	0
10   04   06 06   00	2006	0	4.02	0
11   04   06 06   00	2006	0	4.34	0
12   04   06 06   00	2006	0	4.26	0
13   04   06 06   00	2006	0	4.1	0
14   04   06 06   00	2006	0	4.84	0
15   04   06 06   00	2006	0	4.05	0
16   04   06 06   00	2006	0	4.89	0
17   04   06 06   00	2006	0	4.18	0
18   04   06 06   00	2006	0	4.01	0
19   04   06 06   00	2006	0.14	3.42	0
20   04   06 06   00	2006	5	4.13	0
21   04   06 06   00	2006	0.06	3.87	0
22   04   06 06   00	2006	0.02	4.14	0
23   04   06 06   00	2006	2.26	4.34	0
24   04   06 06   00	2006	4.02	4.85	0
25   04   06 06   00	2006	2.28	5.27	0
26   04   06 06   00	2006	2.42	4.41	0
27   04   06 06   00	2006	0.57	2.97	0
28   04   06 06   00	2006	0	5.4	0
29   04   06 06   00	2006	0.02	5.15	0
30   04   06 06   00	2006	0.32	4.91	0
01   05   06 06   00	2006	2.61	5.01	0
02   05   06 06   00	2006	0	4.98	0
03   05   06 06   00	2006	3.29	4.06	0
04   05   06 06   00	2006	0	5.03	0
05   05   06 06   00	2006	4.65	4.6	0
06   05   06 06   00	2006	0.03	5.49	0
07   05   06 06   00	2006	10.24	4.39	0
08   05   06 06   00	2006	7.73	4.84	0
09   05   06 06   00	2006	2.71	5.2	0
10   05   06 06   00	2006	15.67	3.57	0.83
11   05   06 06   00	2006	7.06	4.49	1.19
12   05   06 06   00	2006	0.02	3.64	0.6
13   05   06 06   00	2006	0	3.32	0
14   05   06 06   00	2006	0.77	4.61	0
15   05   06 06   00	2006	11.11	3.33	0
16   05   06 06   00	2006	0.53	3.8	0
17   05   06 06   00	2006	0.14	5	0
18   05   06 06   00	2006	2.93	2.64	0
19   05   06 06   00	2006	3.79	2.63	0.69
20   05   06 06   00	2006	14.77	1.09	0.82
21   05   06 06   00	2006	9.07	3.54	0.94
22   05   06 06   00	2006	1.65	2.94	0.84
23   05   06 06   00	2006	0.61	2.52	0.99
24   05   06 06   00	2006	0.05	4.77	1.35
25   05   06 06   00	2006	0.16	3.15	1.23
26   05   06 06   00	2006	11.46	4.51	1.1
27   05   06 06   00	2006	0.04	4.1	1.01
28   05   06 06   00	2006	0.02	2.57	0.92
29   05   06 06   00	2006	0	4.41	0.84
30   05   06 06   00	2006	0.06	3.67	1.36
31   05   06 06   00	2006	1.27	4.43	2.7
01   06   06 06   00	2006	0.76	4.37	2.53
02   06   06 06   00	2006	1.12	4.31	2.38
03   06   06 06   00	2006	2.82	4.16	2.23
04   06   06 06   00	2006	0.04	4.03	2.52
05   06   06 06   00	2006	5.71	3.4	2.46
06   06   06 06   00	2006	2.7	4.66	2.53
07   06   06 06   00	2006	0.68	3.55	2.43
08   06   06 06   00	2006	0.24	4.32	2.28
09   06   06 06   00	2006	0.18	4.7	2.26
10   06   06 06   00	2006	18.98	3.64	2.29
11   06   06 06   00	2006	0.29	1.51	2.26
12   06   06 06   00	2006	2.38	4.25	2.2
13   06   06 06   00	2006	0.32	3.21	2.12
14   06   06 06   00	2006	17.91	4.09	1.94
15   06   06 06   00	2006	10.28	4.17	2.09
16   06   06 06   00	2006	0.42	4.28	2.16
17   06   06 06   00	2006	11.91	1.42	2.13
18   06   06 06   00	2006	2.26	4.73	2.35
19   06   06 06   00	2006	15.44	2.92	2.65
20   06   06 06   00	2006	2.72	0.71	2.85
21   06   06 06   00	2006	0.35	3.79	2.8
22   06   06 06   00	2006	3.81	3.33	2.72
23   06   06 06   00	2006	8.88	4.34	2.64
24   06   06 06   00	2006	3.77	2.95	2.53
25   06   06 06   00	2006	1.32	1.62	2.42
26   06   06 06   00	2006	0.35	3.97	3.08
27   06   06 06   00	2006	0.35	3.83	3.41
28   06   06 06   00	2006	0.03	3.21	3.31
29   06   06 06   00	2006	5.33	3.47	3.12
30   06   06 06   00	2006	1.81	3.91	2.97
01   07   06 06   00	2006	7.22	3.74	2.75
02   07   06 06   00	2006	1.38	2.22	2.59
03   07   06 06   00	2006	1.91	3.53	2.44
04   07   06 06   00	2006	7.68	3.38	2.31
05   07   06 06   00	2006	6.54	2.63	2.25
06   07   06 06   00	2006	2.45	3.75	2.17
07   07   06 06   00	2006	2.08	4.01	2.11
08   07   06 06   00	2006	0.02	2.79	2.05
09   07   06 06   00	2006	0.07	3.43	1.95
10   07   06 06   00	2006	1.54	3.38	1.85
11   07   06 06   00	2006	0.08	2.53	1.83
12   07   06 06   00	2006	0.53	2.94	1.78
13   07   06 06   00	2006	0	3.41	1.72
14   07   06 06   00	2006	0.01	3.66	1.66
15   07   06 06   00	2006	18.17	3.05	1.6
16   07   06 06   00	2006	4.98	2.9	1.59
17   07   06 06   00	2006	0.89	1.54	1.54
18   07   06 06   00	2006	13.73	4.46	1.53
19   07   06 06   00	2006	6.24	0.54	1.56
20   07   06 06   00	2006	16.89	3.67	1.73
21   07   06 06   00	2006	13.55	2.68	1.87
22   07   06 06   00	2006	14.49	0.97	1.95
23   07   06 06   00	2006	15.34	3.19	2.02
24   07   06 06   00	2006	1	0.07	2.04
25   07   06 06   00	2006	6.18	3.95	2.04
26   07   06 06   00	2006	7.45	2.58	3.56
27   07   06 06   00	2006	0.04	1.55	16.74
28   07   06 06   00	2006	8.75	2.83	15.03
29   07   06 06   00	2006	5.94	3.78	16.36
30   07   06 06   00	2006	0.11	3.11	15.34
31   07   06 06   00	2006	5.95	4.09	11.99
01   08   06 06   00	2006	0.25	3.13	9.85
02   08   06 06   00	2006	15.7	2.4	10.47
03   08   06 06   00	2006	1.32	4.05	10.96
04   08   06 06   00	2006	4.39	3.05	19.09
05   08   06 06   00	2006	10.75	1.9	19.2
06   08   06 06   00	2006	6.5	1.39	22.95
07   08   06 06   00	2006	4.72	3.36	16.86
08   08   06 06   00	2006	3.46	1.94	17.61
09   08   06 06   00	2006	3.13	2.49	24.25
10   08   06 06   00	2006	0.15	2.87	17.18
11   08   06 06   00	2006	19.32	3.1	13.72
12   08   06 06   00	2006	13.44	2.79	12.81
13   08   06 06   00	2006	4.53	2.43	16.06
14   08   06 06   00	2006	0.6	2.4	30.52
15   08   06 06   00	2006	4.4	2.09	52.28
16   08   06 06   00	2006	10.16	2.94	36.14
17   08   06 06   00	2006	3.23	2.02	24.46
18   08   06 06   00	2006	19.69	3.2	20.95
19   08   06 06   00	2006	1.92	1.77	30.08
20   08   06 06   00	2006	0.96	3.18	47.14
21   08   06 06   00	2006	0.19	3.97	46.24
22   08   06 06   00	2006	0.21	3.99	35.56
23   08   06 06   00	2006	23.55	3.69	24.52
24   08   06 06   00	2006	18.86	3.71	20.89
25   08   06 06   00	2006	0.74	1.4	72.5
26   08   06 06   00	2006	1.22	2.09	85.25
27   08   06 06   00	2006	20.39	4.01	65.12
28   08   06 06   00	2006	5.88	2.66	52.11
29   08   06 06   00	2006	6.23	3.63	68.31
30   08   06 06   00	2006	18.02	1.87	111.46
31   08   06 06   00	2006	17.37	3.54	106.39
01   09   06 06   00	2006	13.09	1.1	87.81
02   09   06 06   00	2006	1.89	1.22	160.97
03   09   06 06   00	2006	0.31	3.1	200.75
04   09   06 06   00	2006	31.88	4.11	224.83
05   09   06 06   00	2006	0.15	1.23	221.93
06   09   06 06   00	2006	7.29	2.87	187.46
07   09   06 06   00	2006	3.91	2.76	172.42
08   09   06 06   00	2006	4.13	3.69	150.22
09   09   06 06   00	2006	1.76	3.84	169.88
10   09   06 06   00	2006	9.43	1.64	147.25
11   09   06 06   00	2006	4.57	2.98	121.71
12   09   06 06   00	2006	32.99	4.22	135.05
13   09   06 06   00	2006	15.73	3.7	156.61
14   09   06 06   00	2006	0.26	2.8	209.6
15   09   06 06   00	2006	0.05	2.07	234.28
16   09   06 06   00	2006	13.44	3.67	256.49
17   09   06 06   00	2006	0.92	1.99	270.51
18   09   06 06   00	2006	1.35	4.11	243.38
19   09   06 06   00	2006	3.09	2.59	204.53
20   09   06 06   00	2006	12.93	4.94	164.56
21   09   06 06   00	2006	1.89	4.04	134.16
22   09   06 06   00	2006	0.44	2.95	142.76
23   09   06 06   00	2006	30.34	4.9	172.22
24   09   06 06   00	2006	1.44	2.4	204.08
25   09   06 06   00	2006	0.83	4.33	188.42
26   09   06 06   00	2006	9.12	2.03	195.02
27   09   06 06   00	2006	6.42	4.31	196.65
28   09   06 06   00	2006	0.39	3.57	171.6
29   09   06 06   00	2006	7.26	3.65	148.92
30   09   06 06   00	2006	0.49	2.92	148.9
01   10   06 06   00	2006	10.76	3.38	143.29
02   10   06 06   00	2006	3.61	1.63	133.88
03   10   06 06   00	2006	6.51	2.98	127.62
04   10   06 06   00	2006	3.9	3.91	127.87
05   10   06 06   00	2006	2.82	2.95	120.45
06   10   06 06   00	2006	0.25	3.96	110.9
07   10   06 06   00	2006	0.32	4.59	96.83
08   10   06 06   00	2006	24.99	3.02	78.89
09   10   06 06   00	2006	6.35	4.16	127.43
10   10   06 06   00	2006	5.32	1.28	198.3
11   10   06 06   00	2006	0.09	4.02	184.29
12   10   06 06   00	2006	11.3	3.26	171.75
13   10   06 06   00	2006	6.26	4.56	129.47
14   10   06 06   00	2006	0.19	3.97	122.08
15   10   06 06   00	2006	1.16	4.17	129.15
16   10   06 06   00	2006	0.04	4.56	131.05
17   10   06 06   00	2006	1.92	3.99	120.52
18   10   06 06   00	2006	0.04	4.19	94.4
19   10   06 06   00	2006	10.57	4.27	78.35
20   10   06 06   00	2006	0.37	4.81	69.79
21   10   06 06   00	2006	0.14	2.8	68.66
22   10   06 06   00	2006	0.48	3.18	71.9
23   10   06 06   00	2006	0.07	4.36	63.51
24   10   06 06   00	2006	7.45	2.58	53.55
25   10   06 06   00	2006	0.67	3.29	46.84
26   10   06 06   00	2006	3.3	2.43	45.16
27   10   06 06   00	2006	0.16	4.02	49.69
28   10   06 06   00	2006	0.1	4.34	45.01
29   10   06 06   00	2006	0.68	3.65	38.8
30   10   06 06   00	2006	0.12	4.04	34.55
31   10   06 06   00	2006	0.13	3.84	30.55
01   11   06 06   00	2006	0.24	3.6	27.16
02   11   06 06   00	2006	3.92	4.02	24.86
03   11   06 06   00	2006	0.08	4.03	23.63
04   11   06 06   00	2006	0.07	3.41	21.76
05   11   06 06   00	2006	0	4.4	19.56
06   11   06 06   00	2006	0.12	3.11	17.68
07   11   06 06   00	2006	0.24	4.04	15.97
08   11   06 06   00	2006	0	3.91	14.55
09   11   06 06   00	2006	0	3.76	13.21
10   11   06 06   00	2006	0	3.71	12.02
11   11   06 06   00	2006	0	3.87	11
12   11   06 06   00	2006	0	4.22	10.05
13   11   06 06   00	2006	0	3.62	9.26
14   11   06 06   00	2006	0	3.48	8.61
15   11   06 06   00	2006	0	3.57	7.87
16   11   06 06   00	2006	0	3.45	7.35
17   11   06 06   00	2006	0	3.48	6.86
18   11   06 06   00	2006	0	4.38	6.43
19   11   06 06   00	2006	0	4.14	6.03
20   11   06 06   00	2006	0	4.23	5.63
21   11   06 06   00	2006	0	4.01	5.37
22   11   06 06   00	2006	0	3.16	5.09
23   11   06 06   00	2006	0	2.84	4.81
24   11   06 06   00	2006	0	2.87	4.62
25   11   06 06   00	2006	0	2.89	4.43
26   11   06 06   00	2006	0	3.14	4.22
27   11   06 06   00	2006	0	3.46	4.07
28   11   06 06   00	2006	0	3.47	3.97
29   11   06 06   00	2006	0	3.45	3.8
30   11   06 06   00	2006	0	3.14	3.67
01   12   06 06   00	2006	0	3.19	3.57
02   12   06 06   00	2006	0	3.19	3.48
03   12   06 06   00	2006	0	2.86	3.38
04   12   06 06   00	2006	0	3.43	3.29
05   12   06 06   00	2006	0	3.68	3.2
06   12   06 06   00	2006	0	4.08	3.11
07   12   06 06   00	2006	0	3.85	3.02
08   12   06 06   00	2006	0	2.96	2.93
09   12   06 06   00	2006	0	2.98	2.85
10   12   06 06   00	2006	0	3.67	2.77
11   12   06 06   00	2006	0	3.01	2.71
12   12   06 06   00	2006	0	3.35	2.69
13   12   06 06   00	2006	0	2.78	2.61
14   12   06 06   00	2006	0	2.81	2.55
15   12   06 06   00	2006	0	2.22	2.53
16   12   06 06   00	2006	0	2.62	2.45
17   12   06 06   00	2006	0	2.79	2.37
18   12   06 06   00	2006	0	2.47	2.32
19   12   06 06   00	2006	0	2.83	2.32
20   12   06 06   00	2006	0	2.58	2.32
21   12   06 06   00	2006	0	2.42	2.26
22   12   06 06   00	2006	0	2.85	2.25
23   12   06 06   00	2006	0	3.57	2.25
24   12   06 06   00	2006	0	3.31	2.25
25   12   06 06   00	2006	0	2.71	2.25
26   12   06 06   00	2006	0	2.65	2.25
27   12   06 06   00	2006	0	2.35	2.25
28   12   06 06   00	2006	0	2.75	2.19
29   12   06 06   00	2006	0	3.15	2.18
30   12   06 06   00	2006	0	2.82	2.18
02   01   07 06   00	2007	0	4.02	2.08
03   01   07 06   00	2007	0	3.33	1.44
04   01   07 06   00	2007	0	3.02	1.17
05   01   07 06   00	2007	0	2.39	1.16
06   01   07 06   00	2007	0	2.65	1.12
07   01   07 06   00	2007	0	3.66	1.11
08   01   07 06   00	2007	0	2.51	1.11
09   01   07 06   00	2007	0	3.63	1.08
10   01   07 06   00	2007	0	3.63	1.05
11   01   07 06   00	2007	0	4.01	1.02
12   01   07 06   00	2007	0	3.91	1.02
13   01   07 06   00	2007	0	4.53	1.02
14   01   07 06   00	2007	0	4.51	0.99
15   01   07 06   00	2007	0	3.86	0.98
16   01   07 06   00	2007	0	3.62	0.98
17   01   07 06   00	2007	0	3.54	0.96
18   01   07 06   00	2007	0	3.83	0.93
19   01   07 06   00	2007	0	4.02	0.93
20   01   07 06   00	2007	0	3.86	0.92
21   01   07 06   00	2007	0	2.73	0.89
22   01   07 06   00	2007	0	3.2	0.89
23   01   07 06   00	2007	0	2.94	0.83
24   01   07 06   00	2007	0	3.32	0.78
25   01   07 06   00	2007	0	2.73	0.21
26   01   07 06   00	2007	0	3.65	0
27   01   07 06   00	2007	0	2.91	0
28   01   07 06   00	2007	0	3.36	0
29   01   07 06   00	2007	0	2.43	0
30   01   07 06   00	2007	0	3.14	0
31   01   07 06   00	2007	0	3.57	0
01   02   07 06   00	2007	0.04	3.14	0
02   02   07 06   00	2007	0	3.39	0
03   02   07 06   00	2007	0	3.39	0
04   02   07 06   00	2007	0	3.76	0
05   02   07 06   00	2007	0	2.98	0
06   02   07 06   00	2007	0	2.69	0
07   02   07 06   00	2007	0	3.33	0
08   02   07 06   00	2007	0	3.66	0
09   02   07 06   00	2007	1.08	3.08	0
10   02   07 06   00	2007	0	2.47	0
11   02   07 06   00	2007	0	3.22	0
12   02   07 06   00	2007	0	3.4	0
13   02   07 06   00	2007	0	4.62	0
14   02   07 06   00	2007	0	4.82	0
15   02   07 06   00	2007	0	4.66	0
16   02   07 06   00	2007	0	3.96	0
17   02   07 06   00	2007	0	3.57	0
18   02   07 06   00	2007	0	3.27	0
19   02   07 06   00	2007	0	3.7	0
20   02   07 06   00	2007	0	3.28	0
21   02   07 06   00	2007	0	3	0
22   02   07 06   00	2007	0	3.04	0
23   02   07 06   00	2007	0	3.13	0
24   02   07 06   00	2007	0	3.33	0
25   02   07 06   00	2007	0	3.22	0
26   02   07 06   00	2007	0	3.29	0
27   02   07 06   00	2007	0	4.11	0
28   02   07 06   00	2007	0	4.39	0
01   03   07 06   00	2007	0	4.69	0
02   03   07 06   00	2007	0	5.39	0
03   03   07 06   00	2007	0	5.77	0
04   03   07 06   00	2007	0	4.56	0
05   03   07 06   00	2007	0	4.41	0
06   03   07 06   00	2007	0	4.85	0
07   03   07 06   00	2007	0	5.11	0
08   03   07 06   00	2007	0	4.32	0
09   03   07 06   00	2007	0	3.86	0
10   03   07 06   00	2007	0	3.66	0
11   03   07 06   00	2007	0	3.94	0
12   03   07 06   00	2007	0	2.84	0
13   03   07 06   00	2007	0	3.85	0
14   03   07 06   00	2007	0	2.77	0
15   03   07 06   00	2007	0	3.14	0
16   03   07 06   00	2007	0	3.31	0
17   03   07 06   00	2007	0	2.87	0
18   03   07 06   00	2007	0	3.14	0
19   03   07 06   00	2007	0	3.4	0
20   03   07 06   00	2007	0	3.46	0
21   03   07 06   00	2007	0	3.98	0
22   03   07 06   00	2007	0	4.16	0
23   03   07 06   00	2007	0.04	4.47	0
24   03   07 06   00	2007	0.49	4.05	0
25   03   07 06   00	2007	0	2.52	0
26   03   07 06   00	2007	0	4.43	0
27   03   07 06   00	2007	0	3.92	0
28   03   07 06   00	2007	0	4.84	0
29   03   07 06   00	2007	0.02	4.05	0
30   03   07 06   00	2007	4.29	4.19	0
31   03   07 06   00	2007	0.76	4.05	0
01   04   07 06   00	2007	4.26	5.19	0
02   04   07 06   00	2007	7.13	4.2	0
03   04   07 06   00	2007	0	3.13	0
04   04   07 06   00	2007	0	4.7	0
05   04   07 06   00	2007	7.06	4.9	0
06   04   07 06   00	2007	0.07	1.65	0
07   04   07 06   00	2007	20.26	4.98	0
08   04   07 06   00	2007	2.07	1.46	0
09   04   07 06   00	2007	0.02	5.24	0
10   04   07 06   00	2007	0	5.25	0
11   04   07 06   00	2007	0	4.87	0
12   04   07 06   00	2007	0	4.13	0
13   04   07 06   00	2007	5.78	4.37	0
14   04   07 06   00	2007	0.03	3.15	0
15   04   07 06   00	2007	0.34	4.81	0
16   04   07 06   00	2007	5.27	4.96	0
17   04   07 06   00	2007	4.07	4.56	0
18   04   07 06   00	2007	9.75	5.64	0
19   04   07 06   00	2007	0.38	4.1	0
20   04   07 06   00	2007	5.19	4.83	0
21   04   07 06   00	2007	0.01	5.21	0
22   04   07 06   00	2007	4.95	4.15	0
23   04   07 06   00	2007	19.73	4.45	0
24   04   07 06   00	2007	0.55	3.3	0
25   04   07 06   00	2007	0.01	5.6	0
26   04   07 06   00	2007	2.09	4.43	0
27   04   07 06   00	2007	2.09	4.61	0
28   04   07 06   00	2007	5.4	2.43	0
29   04   07 06   00	2007	1.58	3.81	0
30   04   07 06   00	2007	0.11	4.31	0
01   05   07 06   00	2007	0	4.8	0
02   05   07 06   00	2007	38.9	4.34	0.81
03   05   07 06   00	2007	0.33	4.53	1.36
04   05   07 06   00	2007	6.66	3.89	4.6
05   05   07 06   00	2007	0.21	4.66	5.7
06   05   07 06   00	2007	0.38	4.04	4.31
07   05   07 06   00	2007	3.01	4.49	3.51
08   05   07 06   00	2007	3.99	4.13	3.02
09   05   07 06   00	2007	0.03	4.01	2.72
10   05   07 06   00	2007	0.01	4.06	2.45
11   05   07 06   00	2007	0.19	4.22	2.27
12   05   07 06   00	2007	0	4.15	2.11
13   05   07 06   00	2007	0	4.53	1.96
14   05   07 06   00	2007	33.31	4.21	1.82
15   05   07 06   00	2007	2.44	4.12	1.77
16   05   07 06   00	2007	0.04	4.58	1.75
17   05   07 06   00	2007	0	3.61	1.64
18   05   07 06   00	2007	0.08	3.38	4.78
19   05   07 06   00	2007	8.26	3.53	10.72
20   05   07 06   00	2007	1.01	3.8	8.07
21   05   07 06   00	2007	11.99	3.85	6.68
22   05   07 06   00	2007	1.16	3.75	6.3
23   05   07 06   00	2007	16.04	4.25	5.29
24   05   07 06   00	2007	0.57	4.02	4.27
25   05   07 06   00	2007	0	4.26	4
26   05   07 06   00	2007	0.03	4.2	3.54
27   05   07 06   00	2007	0.08	3.25	3.11
28   05   07 06   00	2007	6.67	3.4	3.07
29   05   07 06   00	2007	0.03	4.17	3.08
30   05   07 06   00	2007	20.16	3.7	3.32
31   05   07 06   00	2007	0.72	3.64	3.63
01   06   07 06   00	2007	0.06	3.33	3.45
02   06   07 06   00	2007	21.25	3.33	3.41
03   06   07 06   00	2007	2.65	3.94	3.55
04   06   07 06   00	2007	0.01	3.9	3.35
05   06   07 06   00	2007	4.33	3.27	3.23
06   06   07 06   00	2007	1.08	3.65	3.12
07   06   07 06   00	2007	2.28	3.8	3.02
08   06   07 06   00	2007	6.43	3.85	2.96
09   06   07 06   00	2007	0.11	4.17	3.1
10   06   07 06   00	2007	2.46	3.55	3.11
11   06   07 06   00	2007	0.2	2.87	2.96
12   06   07 06   00	2007	0.19	3.32	2.85
13   06   07 06   00	2007	0.02	3.39	2.79
14   06   07 06   00	2007	0.4	2.96	2.79
15   06   07 06   00	2007	0.02	3.32	2.79
16   06   07 06   00	2007	0.02	3.38	2.77
17   06   07 06   00	2007	15.28	3.37	2.69
18   06   07 06   00	2007	0.01	3.57	2.61
19   06   07 06   00	2007	0.03	3.04	2.44
20   06   07 06   00	2007	7.58	3.36	2.37
21   06   07 06   00	2007	1.15	3.51	2.3
22   06   07 06   00	2007	0.02	3.14	2.23
23   06   07 06   00	2007	0	3.5	2.16
24   06   07 06   00	2007	4.34	3.92	2.11
25   06   07 06   00	2007	3.45	3.39	2.09
26   06   07 06   00	2007	0.02	4.17	2.02
27   06   07 06   00	2007	0.2	4.34	1.95
28   06   07 06   00	2007	22.19	3.56	1.92
29   06   07 06   00	2007	6.52	2.29	2.77
30   06   07 06   00	2007	0.42	3.53	2.61
01   07   07 06   00	2007	6.01	2.98	2.32
02   07   07 06   00	2007	4.48	1.35	2.41
03   07   07 06   00	2007	4	2.65	3.16
04   07   07 06   00	2007	6.49	4.39	3.2
05   07   07 06   00	2007	4.35	2.96	3.17
06   07   07 06   00	2007	0.12	3.35	3.79
07   07   07 06   00	2007	0	3.62	4.01
08   07   07 06   00	2007	0.01	3.72	3.45
09   07   07 06   00	2007	0.61	2.72	3.1
10   07   07 06   00	2007	0.67	2.52	2.88
11   07   07 06   00	2007	0	3.19	2.71
12   07   07 06   00	2007	1.76	3.39	2.53
13   07   07 06   00	2007	1.46	2.99	2.45
14   07   07 06   00	2007	13.04	2.85	2.37
15   07   07 06   00	2007	10.04	1.13	2.3
16   07   07 06   00	2007	8.94	1.93	2.23
17   07   07 06   00	2007	7	1.65	2.16
18   07   07 06   00	2007	10.59	3.53	2.11
19   07   07 06   00	2007	0.21	3.14	2.26
20   07   07 06   00	2007	0.37	3.34	3.29
21   07   07 06   00	2007	18.37	1.62	3.98
22   07   07 06   00	2007	14.38	3.75	4.92
23   07   07 06   00	2007	6.7	2.09	7.97
24   07   07 06   00	2007	0.13	2.78	7.78
25   07   07 06   00	2007	3.3	4.15	8.46
26   07   07 06   00	2007	11.07	0.77	16.74
27   07   07 06   00	2007	16.52	3.6	19.24
28   07   07 06   00	2007	3.67	1.6	14.97
29   07   07 06   00	2007	3.37	3.03	14.09
30   07   07 06   00	2007	6.37	4.98	15.95
31   07   07 06   00	2007	13.94	3.78	16.86
01   08   07 06   00	2007	10.91	1.54	18.58
02   08   07 06   00	2007	8.26	2.04	22.17
03   08   07 06   00	2007	2.51	0.88	31.77
04   08   07 06   00	2007	0.23	4.36	43.15
05   08   07 06   00	2007	0.37	3.05	40.16
06   08   07 06   00	2007	1.13	2.13	34.88
07   08   07 06   00	2007	0.57	1.89	28.51
08   08   07 06   00	2007	2.08	3.83	24.39
09   08   07 06   00	2007	16.41	1.33	22.13
10   08   07 06   00	2007	1.95	3.96	19.89
11   08   07 06   00	2007	2.37	1.92	21.86
12   08   07 06   00	2007	8.43	0.82	36.87
13   08   07 06   00	2007	4.85	4.31	29.49
14   08   07 06   00	2007	25.14	0.65	31.28
15   08   07 06   00	2007	4.86	2.77	43.99
16   08   07 06   00	2007	1.37	2.2	61.62
17   08   07 06   00	2007	27.26	4.21	77.24
18   08   07 06   00	2007	0.04	1.71	62.49
19   08   07 06   00	2007	0.83	2.99	51.45
20   08   07 06   00	2007	19.31	3.06	53.02
21   08   07 06   00	2007	20.39	0.4	67.48
22   08   07 06   00	2007	7.91	3.01	78.53
23   08   07 06   00	2007	0.12	2.99	103.5
24   08   07 06   00	2007	9.41	1.63	126.38
25   08   07 06   00	2007	11.92	2.71	127.55
26   08   07 06   00	2007	7.25	2.56	116.36
27   08   07 06   00	2007	9.29	2.12	132.5
28   08   07 06   00	2007	17.63	0.82	150.55
29   08   07 06   00	2007	19.92	3.76	166.3
30   08   07 06   00	2007	10.12	3.87	204.05
31   08   07 06   00	2007	3.67	3.05	255.01
01   09   07 06   00	2007	48.4	3.18	296.57
02   09   07 06   00	2007	8.79	2.16	327.02
03   09   07 06   00	2007	0.86	3.33	346.06
04   09   07 06   00	2007	9.49	1.73	361.56
05   09   07 06   00	2007	18.47	3.93	378.53
06   09   07 06   00	2007	25.4	2.47	397.29
07   09   07 06   00	2007	12.68	1.64	412.91
08   09   07 06   00	2007	1.35	4.01	423.07
09   09   07 06   00	2007	19.51	4.29	435.36
10   09   07 06   00	2007	16.81	2.89	443.38
11   09   07 06   00	2007	4.86	2.49	450.94
12   09   07 06   00	2007	1.28	4.37	461.71
13   09   07 06   00	2007	8.09	4.23	473.31
14   09   07 06   00	2007	11.04	3.48	477.24
15   09   07 06   00	2007	0.48	3.26	477.91
16   09   07 06   00	2007	6.28	4.09	461.59
17   09   07 06   00	2007	4.79	3.87	411.97
18   09   07 06   00	2007	6.86	2.44	290.85
19   09   07 06   00	2007	26.3	2.71	238.59
20   09   07 06   00	2007	1.32	4.75	245.97
21   09   07 06   00	2007	0.41	3.13	273.65
22   09   07 06   00	2007	11.68	4.35	280.83
23   09   07 06   00	2007	10.54	3.94	280.48
24   09   07 06   00	2007	2.96	2.91	265.46
25   09   07 06   00	2007	10.56	4.84	248.43
26   09   07 06   00	2007	23.84	4.13	243.78
27   09   07 06   00	2007	0.17	4.03	259.64
28   09   07 06   00	2007	2.6	4.05	263.77
29   09   07 06   00	2007	7.77	4.59	261
30   09   07 06   00	2007	0.28	3.23	243.38
01   10   07 06   00	2007	2.16	4.65	208.14
02   10   07 06   00	2007	2.89	4.93	191.45
03   10   07 06   00	2007	0.03	3.64	163.38
04   10   07 06   00	2007	0.05	3.53	140.87
05   10   07 06   00	2007	2.09	3.78	122.16
06   10   07 06   00	2007	10.47	3.86	105.74
07   10   07 06   00	2007	8.76	4.24	101.69
08   10   07 06   00	2007	2.66	3.66	116.62
09   10   07 06   00	2007	4.19	3.55	126.95
10   10   07 06   00	2007	0.2	3.4	117.69
11   10   07 06   00	2007	2.95	3.86	97.82
12   10   07 06   00	2007	0.1	3.89	88.3
13   10   07 06   00	2007	0.06	3.87	71.29
14   10   07 06   00	2007	0.06	4.46	60.21
15   10   07 06   00	2007	0.06	2.11	52.51
16   10   07 06   00	2007	0.22	3.94	47.26
17   10   07 06   00	2007	0.08	4.06	43.46
18   10   07 06   00	2007	0.37	3.9	40.31
19   10   07 06   00	2007	0.05	4.19	37.23
20   10   07 06   00	2007	5.46	3.61	34.05
21   10   07 06   00	2007	14.84	2.81	31.07
22   10   07 06   00	2007	1.3	2.65	33.88
23   10   07 06   00	2007	0.03	4.41	39.5
24   10   07 06   00	2007	0.15	3.67	40.93
25   10   07 06   00	2007	0.02	3.27	41.24
26   10   07 06   00	2007	0.02	3.78	36.16
27   10   07 06   00	2007	7.99	3.71	31.14
28   10   07 06   00	2007	0.13	3.35	31.23
29   10   07 06   00	2007	1.69	3.99	29.6
30   10   07 06   00	2007	0	3.77	27.5
31   10   07 06   00	2007	2.36	3.93	26.31
01   11   07 06   00	2007	0.08	3.66	26.03
02   11   07 06   00	2007	0.07	4.29	23.56
03   11   07 06   00	2007	0.04	3.67	20.68
04   11   07 06   00	2007	0.26	3.5	18.66
05   11   07 06   00	2007	0.08	3.84	17.01
06   11   07 06   00	2007	0.28	3.59	15.61
07   11   07 06   00	2007	0.01	3.11	14.5
08   11   07 06   00	2007	0.08	3.91	13.66
09   11   07 06   00	2007	0.31	2.45	12.45
10   11   07 06   00	2007	0	4	11.49
11   11   07 06   00	2007	0	1.85	10.01
12   11   07 06   00	2007	0	4.11	8.99
13   11   07 06   00	2007	0	3.26	9.43
14   11   07 06   00	2007	0.04	3.48	7.86
15   11   07 06   00	2007	0	2.77	7.01
16   11   07 06   00	2007	2.94	2.46	6.65
17   11   07 06   00	2007	2.69	2.83	6.38
18   11   07 06   00	2007	0.03	3.69	6.32
19   11   07 06   00	2007	0.07	3.89	6.56
20   11   07 06   00	2007	0.04	3.33	6.22
21   11   07 06   00	2007	0.02	3.71	5.47
22   11   07 06   00	2007	0.77	3.54	5.18
23   11   07 06   00	2007	0.08	3.33	5.07
24   11   07 06   00	2007	0	3.46	5.11
25   11   07 06   00	2007	0	3.28	4.96
26   11   07 06   00	2007	0	2.86	4.72
27   11   07 06   00	2007	0	2.83	4.45
28   11   07 06   00	2007	0.06	2.56	4.29
29   11   07 06   00	2007	0.07	2.19	4.06
30   11   07 06   00	2007	1.3	2.83	3.88
01   12   07 06   00	2007	0	2.98	3.77
02   12   07 06   00	2007	0	3.06	3.67
03   12   07 06   00	2007	0.51	2.31	3.49
04   12   07 06   00	2007	0.03	1.55	3.39
05   12   07 06   00	2007	2.95	1.47	3.26
06   12   07 06   00	2007	0	2.86	3.14
07   12   07 06   00	2007	0	2.38	3.04
08   12   07 06   00	2007	0	2.76	2.96
09   12   07 06   00	2007	0	1.87	2.82
10   12   07 06   00	2007	5.78	2.26	2.77
11   12   07 06   00	2007	0	2.77	2.63
12   12   07 06   00	2007	0	3.84	2.62
13   12   07 06   00	2007	0	3.17	2.55
14   12   07 06   00	2007	0	2.63	2.55
15   12   07 06   00	2007	0	2.8	2.55
16   12   07 06   00	2007	0	2.63	2.55
17   12   07 06   00	2007	0	1.97	2.55
18   12   07 06   00	2007	0	2.34	2.55
19   12   07 06   00	2007	0	2.09	2.55
20   12   07 06   00	2007	0	2.84	2.55
21   12   07 06   00	2007	0	3.91	2.55
22   12   07 06   00	2007	0	3.27	2.55
23   12   07 06   00	2007	0	3.34	2.55
24   12   07 06   00	2007	0	3.15	2.55
25   12   07 06   00	2007	0	2.42	2.55
26   12   07 06   00	2007	0	2.1	2.55
27   12   07 06   00	2007	0	2.4	2.53
28   12   07 06   00	2007	0	2.22	2.47
29   12   07 06   00	2007	0	2.46	2.47
30   12   07 06   00	2007	0	1.59	2.47
02   01   08 06   00	2008	0	2.63	1.59
03   01   08 06   00	2008	0	2.78	1.59
04   01   08 06   00	2008	0	3.14	1.59
05   01   08 06   00	2008	0	2.07	1.56
06   01   08 06   00	2008	0	1.99	1.53
07   01   08 06   00	2008	0	2.56	1.5
08   01   08 06   00	2008	0	2.07	1.48
09   01   08 06   00	2008	0	2.94	1.48
10   01   08 06   00	2008	0	3.19	1.48
11   01   08 06   00	2008	0	2.65	1.44
12   01   08 06   00	2008	0	3.61	1.42
13   01   08 06   00	2008	0	2.75	1.42
14   01   08 06   00	2008	0	2.65	1.39
15   01   08 06   00	2008	0	2.37	1.33
16   01   08 06   00	2008	0	2.87	1.23
17   01   08 06   00	2008	0	3.1	1.13
18   01   08 06   00	2008	0	4.17	1.11
19   01   08 06   00	2008	0	3.67	1.07
20   01   08 06   00	2008	0	3.15	1.02
21   01   08 06   00	2008	0	4.34	0.99
22   01   08 06   00	2008	0	4.41	0.98
23   01   08 06   00	2008	0	4.15	0.98
24   01   08 06   00	2008	0	3.85	0.98
25   01   08 06   00	2008	0	3.52	0.93
26   01   08 06   00	2008	0	3.82	0.86
27   01   08 06   00	2008	0	4.68	0.84
28   01   08 06   00	2008	0	4.8	0.81
29   01   08 06   00	2008	0	4.87	0.56
30   01   08 06   00	2008	0	4.23	0
31   01   08 06   00	2008	0	4.04	0
01   02   08 06   00	2008	0	4.59	0
02   02   08 06   00	2008	0	3.43	0
03   02   08 06   00	2008	0	3.12	0
04   02   08 06   00	2008	0	3.18	0
05   02   08 06   00	2008	0	3.07	0
06   02   08 06   00	2008	0	2.44	0
07   02   08 06   00	2008	0	3.32	0
08   02   08 06   00	2008	0	3.79	0
09   02   08 06   00	2008	0	3.44	0
10   02   08 06   00	2008	0	3.08	0
11   02   08 06   00	2008	0	4.69	0
12   02   08 06   00	2008	0	4.83	0
13   02   08 06   00	2008	0	4.79	0
14   02   08 06   00	2008	0	5.05	0
15   02   08 06   00	2008	0	4.13	0
16   02   08 06   00	2008	0	4.11	0
17   02   08 06   00	2008	0	4.72	0
18   02   08 06   00	2008	0	5.27	0
19   02   08 06   00	2008	0	5.31	0
20   02   08 06   00	2008	0	5.38	0
21   02   08 06   00	2008	0	4.38	0
22   02   08 06   00	2008	0	4.07	0
23   02   08 06   00	2008	0.17	3.5	0
24   02   08 06   00	2008	0.02	3.76	0
25   02   08 06   00	2008	0	3.93	0
26   02   08 06   00	2008	0.01	3.09	0
27   02   08 06   00	2008	0	3.67	0
28   02   08 06   00	2008	0.15	3.92	0
29   02   08 06   00	2008	0	2.98	0
01   03   08 06   00	2008	0.6	3.3	0
02   03   08 06   00	2008	0	3.93	0
03   03   08 06   00	2008	0	4.12	0
04   03   08 06   00	2008	0.13	3.82	0
05   03   08 06   00	2008	0.04	4.07	0
06   03   08 06   00	2008	0	3.9	0
07   03   08 06   00	2008	0.02	3.6	0
08   03   08 06   00	2008	0	3.86	0
09   03   08 06   00	2008	0	3.53	0
10   03   08 06   00	2008	0.26	3.87	0
11   03   08 06   00	2008	0.02	4.15	0
12   03   08 06   00	2008	2.3	3.92	0
13   03   08 06   00	2008	1.68	2.44	0
14   03   08 06   00	2008	0	3.24	0
15   03   08 06   00	2008	0	5.27	0
16   03   08 06   00	2008	1.63	4.31	0
17   03   08 06   00	2008	0	3.05	0
18   03   08 06   00	2008	0.01	4.25	0
19   03   08 06   00	2008	0	4.38	0
20   03   08 06   00	2008	0	4.5	0
21   03   08 06   00	2008	0	4.85	0
22   03   08 06   00	2008	1.28	4.37	0
23   03   08 06   00	2008	3.79	4.19	0
24   03   08 06   00	2008	2.49	4.05	0
25   03   08 06   00	2008	0	5.11	0
26   03   08 06   00	2008	0	4.81	0
27   03   08 06   00	2008	0	5.7	0
28   03   08 06   00	2008	0	4.75	0
29   03   08 06   00	2008	0	4.65	0
30   03   08 06   00	2008	0	5.01	0
31   03   08 06   00	2008	0	4.76	0
01   04   08 06   00	2008	4.11	4.08	0
02   04   08 06   00	2008	0.12	5.36	0
03   04   08 06   00	2008	1.7	4.87	0
04   04   08 06   00	2008	2.28	3.88	0
05   04   08 06   00	2008	1.07	2.51	0
06   04   08 06   00	2008	0	4.64	0
07   04   08 06   00	2008	0	4.91	0
08   04   08 06   00	2008	0.01	4.64	0
09   04   08 06   00	2008	0	2.72	0
10   04   08 06   00	2008	0	4.05	0
11   04   08 06   00	2008	0	4.14	0
12   04   08 06   00	2008	0	4.3	0
13   04   08 06   00	2008	0	4.62	0
14   04   08 06   00	2008	0.55	4.62	0
15   04   08 06   00	2008	0.35	4.51	0
16   04   08 06   00	2008	1.84	4.89	0
17   04   08 06   00	2008	1.83	4.91	0
18   04   08 06   00	2008	2.17	4.66	0
19   04   08 06   00	2008	0.06	3.93	0
20   04   08 06   00	2008	0	4.6	0
21   04   08 06   00	2008	0	5.04	0
22   04   08 06   00	2008	1.24	5.37	0
23   04   08 06   00	2008	3.31	5.05	0
24   04   08 06   00	2008	8.38	3.79	0
25   04   08 06   00	2008	30.07	5.98	0
26   04   08 06   00	2008	0.04	3.6	0
27   04   08 06   00	2008	14.46	5.24	0
28   04   08 06   00	2008	0.41	1.31	0
29   04   08 06   00	2008	0.04	4.24	0
30   04   08 06   00	2008	0	4.81	0
01   05   08 06   00	2008	0.48	4.13	0
02   05   08 06   00	2008	0	4.84	0
03   05   08 06   00	2008	8.48	4.11	0
04   05   08 06   00	2008	20.46	4.53	0
05   05   08 06   00	2008	0.06	2.45	0
06   05   08 06   00	2008	0.03	3.73	0
07   05   08 06   00	2008	0	3.69	0
08   05   08 06   00	2008	0	3.54	0
09   05   08 06   00	2008	0.47	5.01	0
10   05   08 06   00	2008	0	4.16	0
11   05   08 06   00	2008	0.13	4.25	0
12   05   08 06   00	2008	0.08	4.43	0
13   05   08 06   00	2008	9.58	5.03	0
14   05   08 06   00	2008	2.78	2.29	0
15   05   08 06   00	2008	3.28	3.83	0
16   05   08 06   00	2008	0.02	4.81	0
17   05   08 06   00	2008	21.01	3.47	2.51
18   05   08 06   00	2008	0.06	3.59	3.81
19   05   08 06   00	2008	8.66	0.56	2.54
20   05   08 06   00	2008	0.05	4.44	2.18
21   05   08 06   00	2008	3.81	4.77	1.98
22   05   08 06   00	2008	0.18	4.79	1.79
23   05   08 06   00	2008	0	4.16	1.65
24   05   08 06   00	2008	8	4.36	1.54
25   05   08 06   00	2008	6.11	4.44	1.43
26   05   08 06   00	2008	0.15	2.32	1.56
27   05   08 06   00	2008	0.45	3.44	1.52
28   05   08 06   00	2008	17.72	4.63	1.43
29   05   08 06   00	2008	0.66	4.74	1.94
30   05   08 06   00	2008	18.38	4.29	1.96
31   05   08 06   00	2008	1.16	2.29	5.77
01   06   08 06   00	2008	6.7	2.77	3.41
02   06   08 06   00	2008	0.01	5.13	2.82
03   06   08 06   00	2008	10.72	4.48	2.71
04   06   08 06   00	2008	7.25	2.11	3.65
05   06   08 06   00	2008	0.18	3.75	3.31
06   06   08 06   00	2008	6.55	4.59	2.66
07   06   08 06   00	2008	0.12	3.79	2.44
08   06   08 06   00	2008	0.04	4.92	2.26
09   06   08 06   00	2008	15.36	3.67	2.14
10   06   08 06   00	2008	0.06	2.42	2.3
11   06   08 06   00	2008	0.15	3.53	2.46
12   06   08 06   00	2008	6.31	3.7	2.55
13   06   08 06   00	2008	7.36	3.18	3.05
14   06   08 06   00	2008	0.08	1.67	3.54
15   06   08 06   00	2008	0.01	4.44	3.61
16   06   08 06   00	2008	0.04	4.55	3.42
17   06   08 06   00	2008	10.54	3.68	3.18
18   06   08 06   00	2008	11.61	4.33	3.11
19   06   08 06   00	2008	0.21	2.11	3.05
20   06   08 06   00	2008	0.71	4.7	3.05
21   06   08 06   00	2008	0	4.81	2.97
22   06   08 06   00	2008	0	4.23	2.76
23   06   08 06   00	2008	2.11	3.1	2.64
24   06   08 06   00	2008	9.55	3.33	2.53
25   06   08 06   00	2008	45.9	2.23	2.88
26   06   08 06   00	2008	2.1	2.08	6.05
27   06   08 06   00	2008	8.95	3.55	13.27
28   06   08 06   00	2008	17.51	3.96	11.08
29   06   08 06   00	2008	1.52	2.96	13.22
30   06   08 06   00	2008	50.6	3.18	19.96
01   07   08 06   00	2008	10.44	0.53	35.91
02   07   08 06   00	2008	0.29	2.3	132.38
03   07   08 06   00	2008	0.07	4.78	104.98
04   07   08 06   00	2008	1.85	3.8	68.93
05   07   08 06   00	2008	0.45	3.18	39.79
06   07   08 06   00	2008	4.38	3.93	25.35
07   07   08 06   00	2008	25.23	-0.11	21.87
08   07   08 06   00	2008	11.28	2.9	25.89
09   07   08 06   00	2008	3.97	2.91	72.08
10   07   08 06   00	2008	6.89	3.05	76.24
11   07   08 06   00	2008	0.59	3.57	61.27
12   07   08 06   00	2008	4.84	3.53	45.81
13   07   08 06   00	2008	0.6	3.71	39.49
14   07   08 06   00	2008	0.73	3.83	41.51
15   07   08 06   00	2008	20.47	3.65	45.15
16   07   08 06   00	2008	0.32	2.43	54.47
17   07   08 06   00	2008	0.81	3.24	55.81
18   07   08 06   00	2008	3.07	3.58	51.2
19   07   08 06   00	2008	25.54	1.93	61.06
20   07   08 06   00	2008	4.91	0.92	67.68
21   07   08 06   00	2008	1.21	3.04	53.74
22   07   08 06   00	2008	34.79	2.32	44.93
23   07   08 06   00	2008	8.04	2.28	86.84
24   07   08 06   00	2008	1.14	3.83	138.07
25   07   08 06   00	2008	3.79	2.96	135.52
26   07   08 06   00	2008	12.34	3.99	112.91
27   07   08 06   00	2008	28.84	2.9	111.4
28   07   08 06   00	2008	16.73	1.17	221.26
29   07   08 06   00	2008	0.2	3.31	197.6
30   07   08 06   00	2008	7.29	3.55	195.91
31   07   08 06   00	2008	5.9	4.27	213.48
01   08   08 06   00	2008	7.03	3.16	192.56
02   08   08 06   00	2008	7.31	2.95	186.76
03   08   08 06   00	2008	9.87	4.23	173.13
04   08   08 06   00	2008	13.14	0.95	173.5
05   08   08 06   00	2008	1.83	2.22	187.03
06   08   08 06   00	2008	2.54	3.08	210.59
07   08   08 06   00	2008	15.3	3.68	231.45
08   08   08 06   00	2008	32.14	2.22	230.74
09   08   08 06   00	2008	3.29	3.48	279.58
10   08   08 06   00	2008	0.72	2.36	317.11
11   08   08 06   00	2008	16.64	4.8	315.77
12   08   08 06   00	2008	22.01	3.28	326.38
13   08   08 06   00	2008	14.05	1.24	379.33
14   08   08 06   00	2008	5.56	2.81	389.94
15   08   08 06   00	2008	0.16	3.4	395.71
16   08   08 06   00	2008	20.83	2.92	384.22
17   08   08 06   00	2008	3.93	2.79	384.45
18   08   08 06   00	2008	2.5	2.28	383.23
19   08   08 06   00	2008	3.27	1.65	377.06
20   08   08 06   00	2008	14.31	2.7	347.49
21   08   08 06   00	2008	8.68	2.23	275.98
22   08   08 06   00	2008	11.27	2.42	243.99
23   08   08 06   00	2008	1.38	2.83	263.66
24   08   08 06   00	2008	0.13	3.92	254.65
25   08   08 06   00	2008	18.77	3.92	248.99
26   08   08 06   00	2008	10.74	1.31	246.12
27   08   08 06   00	2008	1.01	3.67	217.07
28   08   08 06   00	2008	6.77	2.07	204.9
29   08   08 06   00	2008	6.84	2.58	218.39
30   08   08 06   00	2008	2.46	3.13	207.19
31   08   08 06   00	2008	11.1	3.81	188.54
01   09   08 06   00	2008	3.75	2.4	184.72
02   09   08 06   00	2008	10.74	4.47	176.35
03   09   08 06   00	2008	10.27	4.33	174.46
04   09   08 06   00	2008	30.35	4.23	203.14
05   09   08 06   00	2008	16.92	1.1	248.85
06   09   08 06   00	2008	4.81	2.4	267.1
07   09   08 06   00	2008	0.16	2.23	269.4
08   09   08 06   00	2008	1.01	4.83	280.95
09   09   08 06   00	2008	2.53	3.79	273.6
10   09   08 06   00	2008	4.49	2.95	245.42
11   09   08 06   00	2008	10.57	3.29	218.3
12   09   08 06   00	2008	21.5	3.41	246.43
13   09   08 06   00	2008	4.79	3.56	316.55
14   09   08 06   00	2008	1.29	4.8	319.7
15   09   08 06   00	2008	13.77	0.94	296.63
16   09   08 06   00	2008	7.24	0.56	276.78
17   09   08 06   00	2008	0.19	2.13	259.27
18   09   08 06   00	2008	2.57	4.62	253
19   09   08 06   00	2008	11.09	4.41	234.88
20   09   08 06   00	2008	1.76	3.86	222.82
21   09   08 06   00	2008	3.24	4.03	202.18
22   09   08 06   00	2008	7.95	5.75	182.57
23   09   08 06   00	2008	20.75	4	193.44
24   09   08 06   00	2008	4.21	2.77	241.97
25   09   08 06   00	2008	6.57	4.48	226.64
26   09   08 06   00	2008	15.11	3.02	207.21
27   09   08 06   00	2008	4.21	3.62	215.87
28   09   08 06   00	2008	31.89	5.1	215.99
29   09   08 06   00	2008	0.69	3.51	248.7
30   09   08 06   00	2008	14.44	4.51	299.3
01   10   08 06   00	2008	0.78	3.4	337.6
02   10   08 06   00	2008	0.07	4.76	328.57
03   10   08 06   00	2008	1.65	5.08	274.86
04   10   08 06   00	2008	7.16	2.56	235.69
05   10   08 06   00	2008	7.99	3.83	221.82
06   10   08 06   00	2008	0.36	3.36	220.88
07   10   08 06   00	2008	15.52	4.22	220.74
08   10   08 06   00	2008	0.76	4.8	218.17
09   10   08 06   00	2008	1.25	4.57	219.63
10   10   08 06   00	2008	4.57	3.75	187.69
11   10   08 06   00	2008	2.75	4.5	173.43
12   10   08 06   00	2008	3.26	4.11	207.58
13   10   08 06   00	2008	17.91	4.19	154.78
14   10   08 06   00	2008	2.57	5.07	149.42
15   10   08 06   00	2008	1.83	4.77	155.28
16   10   08 06   00	2008	1.76	4.54	155.81
17   10   08 06   00	2008	17.15	4.18	151.8
18   10   08 06   00	2008	4.49	5.16	161.63
19   10   08 06   00	2008	0.23	4.5	157.16
20   10   08 06   00	2008	4.39	5	140.75
21   10   08 06   00	2008	1.32	4.82	127.87
22   10   08 06   00	2008	0.13	4.71	107.62
23   10   08 06   00	2008	0.1	5.01	91.14
24   10   08 06   00	2008	0.73	4.74	79.72
25   10   08 06   00	2008	0.02	4.56	70.59
26   10   08 06   00	2008	0.05	4.07	62.81
27   10   08 06   00	2008	0.1	3.95	56.11
28   10   08 06   00	2008	0.06	3.57	50.48
29   10   08 06   00	2008	0	4.25	46.25
30   10   08 06   00	2008	0.03	4.25	42.41
31   10   08 06   00	2008	0.02	3.72	38.76
01   11   08 06   00	2008	0.03	3.56	35.1
02   11   08 06   00	2008	0.02	2.84	32.18
03   11   08 06   00	2008	0.03	3.57	29.55
04   11   08 06   00	2008	0.02	3.41	26.97
05   11   08 06   00	2008	0.03	2.9	24.91
06   11   08 06   00	2008	0.02	3.69	23.31
07   11   08 06   00	2008	0.02	3.47	21.43
08   11   08 06   00	2008	0.03	3.56	19.67
09   11   08 06   00	2008	0.05	3.67	18.15
10   11   08 06   00	2008	0.01	3.55	16.91
11   11   08 06   00	2008	0.14	2.51	15.74
12   11   08 06   00	2008	0	3.77	14.61
13   11   08 06   00	2008	0.01	3.62	13.77
14   11   08 06   00	2008	0	3.72	12.82
15   11   08 06   00	2008	0.03	3.45	12.08
16   11   08 06   00	2008	0	3.36	11.48
17   11   08 06   00	2008	0	2.62	10.33
18   11   08 06   00	2008	0	3.59	9.52
19   11   08 06   00	2008	0.02	2.72	8.91
20   11   08 06   00	2008	0.59	2.84	8.43
21   11   08 06   00	2008	3.68	2.19	7.84
22   11   08 06   00	2008	0.02	3.49	7.54
23   11   08 06   00	2008	0	3.55	7.16
24   11   08 06   00	2008	0.02	3.56	6.85
25   11   08 06   00	2008	0.01	3.26	6.52
26   11   08 06   00	2008	0	3.27	6.09
27   11   08 06   00	2008	0.02	2.98	5.95
28   11   08 06   00	2008	0.01	3.15	5.72
29   11   08 06   00	2008	0	3.39	5.46
30   11   08 06   00	2008	0.06	2.8	5.21
01   12   08 06   00	2008	0.01	3.19	4.96
02   12   08 06   00	2008	0	3	4.84
03   12   08 06   00	2008	1.03	2.75	4.66
04   12   08 06   00	2008	0	3.52	4.48
05   12   08 06   00	2008	15.58	2.84	5.19
06   12   08 06   00	2008	0.03	3.32	6.4
07   12   08 06   00	2008	0.12	3.23	8.01
08   12   08 06   00	2008	0.11	3.04	9.51
09   12   08 06   00	2008	0.19	3.16	7.23
10   12   08 06   00	2008	0	2.93	5.93
11   12   08 06   00	2008	0.2	2.72	5.27
12   12   08 06   00	2008	0	2.77	4.89
13   12   08 06   00	2008	0	2.8	4.57
14   12   08 06   00	2008	0.2	2.73	4.34
15   12   08 06   00	2008	0.17	2.63	4.14
16   12   08 06   00	2008	0	3.17	3.97
17   12   08 06   00	2008	0	2.09	3.84
18   12   08 06   00	2008	0	1.94	3.66
19   12   08 06   00	2008	0	3.19	3.18
20   12   08 06   00	2008	0	3.38	2.87
21   12   08 06   00	2008	0	3.31	2.77
22   12   08 06   00	2008	0	3.8	2.65
23   12   08 06   00	2008	0	3.9	2.53
24   12   08 06   00	2008	0	4.17	2.45
25   12   08 06   00	2008	0	3.81	2.37
26   12   08 06   00	2008	0	2.6	2.32
27   12   08 06   00	2008	0	2.81	2.32
28   12   08 06   00	2008	0	2.87	2.3
29   12   08 06   00	2008	0	2.52	2.25
30   12   08 06   00	2008	0	3.38	2.25
31   12   08 06   00	2008	0	3.07	2.23


