%%%Bassin_de_Beterou  
%%%9670
%%%86400
%%%1
%%%2005  366
3.5
3.5
3.34
2.63
3.72
4.81
4.17
5.15
4.8
4.05
2.6
3.32
3.33
2.7
2.53
3.58
3.57
4.82
5.03
3.87
4.23
3.84
3.57
3.7
3.64
3.87
3.62
1.81
3.22
4.4
4.05
5.68
3.39
2.6
2.67
3.06
2.49
3.55
3.05
3.73
3.74
4.13
3.92
4.35
3.98
3.92
2.13
3.15
3.49
3.64
4.29
4.88
4.88
5.94
4.89
5.21
2.48
3.89
3.93
4.57
4.19
4.4
1.73
3.36
4.18
5.32
5.37
4.67
4.59
4.32
3.29
4.72
2.94
5.77
5.17
4.97
5.18
5.21
4.92
5.88
5.51
6.04
5.04
4.18
5.2
4.96
5.08
5.45
5.18
5.47
4.61
4.84
5.25
5.24
4.82
5
4.87
5.27
4.68
4.85
4.71
4.25
5.35
5.62
4.53
5.24
4.6
4.82
3.37
4.29
6.15
5.14
4.81
4.35
5.67
4.31
4.94
4.4
1.48
5.57
5.05
5.03
4.44
5.17
4.04
5.3
5.06
3.19
3.69
4.57
4.53
5.48
5.33
4.35
4.65
3.43
5.12
4.92
5.28
4
4.49
4.2
5.53
5.15
5.5
3.94
2.72
5.19
4.41
0.99
3.52
3.55
3.84
4.3
3.21
4.84
5.04
3.88
4.85
4.59
4.2
2.15
3.31
4.39
4.15
4.03
5.03
3.59
3.86
2.92
2.41
4.65
3.34
2.8
3.03
3.19
3.11
4.51
4.27
4.15
4.31
3.07
2.49
3.61
3.87
2.28
3.56
2.58
4.09
3.1
1.37
4.01
5.01
1.91
4.7
4.66
5.47
2.69
5.06
4.15
4.93
3.67
3.78
5.23
4.49
4.21
3.8
5.12
1.76
3.17
1.3
4.55
3.12
3.77
3.2
3.14
4.79
3.86
3.95
3.33
3.89
2.52
3.12
1.21
3.7
3.33
3.95
0.79
2.4
3.78
3.32
2.12
3.79
3.84
1.31
3.74
4.29
3.32
3.71
4.24
0.87
3.14
2.82
0.53
3.15
3.87
3.3
2.16
3.76
3.62
2.71
4.5
4.46
4.6
4.66
4.57
4.92
3.53
5.92
4.94
5.08
4.81
2.29
1.4
5.3
5.41
1.01
3.87
3.9
3.31
4.71
4.91
4.66
4.05
3.98
3.73
3.52
3.66
4.18
4.69
4.67
5.21
2.55
4.5
5.22
5.2
5.03
3.59
5.35
5.03
4.12
3.95
3.08
5
4.93
4.51
4.87
4.41
4.82
4.65
4.71
4.33
4.72
4.37
4.05
2.92
4.6
3.25
4.18
4.39
4.96
4.42
4.47
4.26
4.1
3.65
4.03
3.8
4.18
3.89
3.9
3.28
3.69
3.59
3.86
3.01
3.52
3.56
3.05
3.08
3.67
3.98
3.79
3.31
3.38
3.33
3.54
3.14
3.24
2.84
3.06
2.77
2.63
2.08
2.57
2.96
3.26
3.78
3.55
3.3
3.11
3.4
3.5
2.7
2.84
2
3.43
3.02
3
3.1
3.33
3
2.13
2.75
2.75
2.75
