  0.0000000e+000
  0.0000000e+000
  0.0000000e+000
  0.0000000e+000
  0.0000000e+000
  0.0000000e+000
  0.0000000e+000
  0.0000000e+000
  0.0000000e+000
  0.0000000e+000
  0.0000000e+000
  0.0000000e+000
  0.0000000e+000
  0.0000000e+000
  0.0000000e+000
  0.0000000e+000
  0.0000000e+000
  0.0000000e+000
  0.0000000e+000
  0.0000000e+000
  0.0000000e+000
  0.0000000e+000
  0.0000000e+000
  0.0000000e+000
  0.0000000e+000
  0.0000000e+000
  0.0000000e+000
  0.0000000e+000
  0.0000000e+000
  0.0000000e+000
  0.0000000e+000
  0.0000000e+000
  0.0000000e+000
  0.0000000e+000
  0.0000000e+000
  0.0000000e+000
  0.0000000e+000
  0.0000000e+000
  0.0000000e+000
  0.0000000e+000
  0.0000000e+000
  0.0000000e+000
  0.0000000e+000
  0.0000000e+000
  0.0000000e+000
  0.0000000e+000
  0.0000000e+000
  0.0000000e+000
  0.0000000e+000
  0.0000000e+000
  0.0000000e+000
  0.0000000e+000
  0.0000000e+000
  0.0000000e+000
  0.0000000e+000
  0.0000000e+000
  0.0000000e+000
  0.0000000e+000
  0.0000000e+000
  0.0000000e+000
  0.0000000e+000
  0.0000000e+000
  0.0000000e+000
  0.0000000e+000
  0.0000000e+000
  0.0000000e+000
  0.0000000e+000
  0.0000000e+000
  0.0000000e+000
  0.0000000e+000
  0.0000000e+000
  0.0000000e+000
  0.0000000e+000
  0.0000000e+000
  0.0000000e+000
  0.0000000e+000
  0.0000000e+000
  0.0000000e+000
  0.0000000e+000
  0.0000000e+000
  0.0000000e+000
  0.0000000e+000
  0.0000000e+000
  0.0000000e+000
  0.0000000e+000
  0.0000000e+000
  0.0000000e+000
  0.0000000e+000
  0.0000000e+000
  0.0000000e+000
  0.0000000e+000
  0.0000000e+000
  0.0000000e+000
  0.0000000e+000
  0.0000000e+000
  0.0000000e+000
  0.0000000e+000
  0.0000000e+000
  0.0000000e+000
  0.0000000e+000
  0.0000000e+000
  0.0000000e+000
  0.0000000e+000
  0.0000000e+000
  0.0000000e+000
  0.0000000e+000
  0.0000000e+000
  0.0000000e+000
  0.0000000e+000
  0.0000000e+000
  0.0000000e+000
  0.0000000e+000
  0.0000000e+000
  0.0000000e+000
  0.0000000e+000
  0.0000000e+000
  0.0000000e+000
  0.0000000e+000
  0.0000000e+000
  0.0000000e+000
  0.0000000e+000
  0.0000000e+000
  0.0000000e+000
  0.0000000e+000
  0.0000000e+000
  0.0000000e+000
  0.0000000e+000
  0.0000000e+000
  0.0000000e+000
  0.0000000e+000
  0.0000000e+000
  0.0000000e+000
  0.0000000e+000
  0.0000000e+000
  0.0000000e+000
  0.0000000e+000
  0.0000000e+000
  0.0000000e+000
  0.0000000e+000
  0.0000000e+000
  0.0000000e+000
  0.0000000e+000
  0.0000000e+000
  0.0000000e+000
  0.0000000e+000
  0.0000000e+000
  0.0000000e+000
  0.0000000e+000
  0.0000000e+000
  0.0000000e+000
  0.0000000e+000
  0.0000000e+000
  0.0000000e+000
  0.0000000e+000
  0.0000000e+000
  0.0000000e+000
  0.0000000e+000
  0.0000000e+000
  0.0000000e+000
  0.0000000e+000
  0.0000000e+000
  0.0000000e+000
  1.2000000e-002
  2.4000000e-002
  2.4000000e-002
  2.4000000e-002
  2.4000000e-002
  2.4000000e-002
  2.4000000e-002
  2.4000000e-002
  2.4000000e-002
  2.4000000e-002
  2.4000000e-002
  2.4000000e-002
  2.4000000e-002
  2.4000000e-002
  1.2000000e-002
  0.0000000e+000
  1.2000000e-002
  1.8300000e-001
  1.0850000e+000
  2.8610000e+000
  4.4500000e+000
  4.3540000e+000
  3.1930000e+000
  2.1830000e+000
  1.7560000e+000
  4.5450000e+000
  6.3150000e+000
  4.4590000e+000
  3.0630000e+000
  2.4010000e+000
  2.0580000e+000
  1.5760000e+000
  3.4440000e+000
  4.8610000e+000
  6.5490000e+000
  5.6690000e+000
  4.2480000e+000
  3.3260000e+000
  3.3380000e+000
  7.5230000e+000
  7.5600000e+000
  6.3120000e+000
  6.8600000e+000
  5.8330000e+000
  5.5530000e+000
  4.3890000e+000
  3.2630000e+000
  2.4660000e+000
  1.9500000e+000
  1.8160000e+000
  6.5300000e+000
  2.7780000e+001
  2.1800000e+001
  1.5400000e+001
  1.5590000e+001
  5.8310000e+001
  5.4690000e+001
  2.3620000e+001
  2.5540000e+001
  2.8860000e+001
  4.1300000e+001
  5.5700000e+001
  5.4440000e+001
  7.8280000e+001
  9.7260000e+001
  8.0920000e+001
  1.0950000e+002
  9.5390000e+001
  9.1280000e+001
  1.0270000e+002
  9.1660000e+001
  8.7730000e+001
  9.5220000e+001
  1.1090000e+002
  8.7090000e+001
  7.6000000e+001
  6.9150000e+001
  6.1920000e+001
  7.1210000e+001
  8.3090000e+001
  1.2110000e+002
  1.2740000e+002
  1.1180000e+002
  9.8580000e+001
  8.7120000e+001
  8.8570000e+001
  1.7360000e+002
  2.3880000e+002
  2.2800000e+002
  1.8800000e+002
  1.5080000e+002
  1.2800000e+002
  1.1270000e+002
  1.1120000e+002
  1.4200000e+002
  2.3880000e+002
  3.0250000e+002
  2.8940000e+002
  3.2150000e+002
  3.2850000e+002
  3.0210000e+002
  2.7970000e+002
  2.6380000e+002
  2.2800000e+002
  2.0110000e+002
  2.0010000e+002
  1.8170000e+002
  1.6070000e+002
  1.3440000e+002
  1.1300000e+002
  1.0130000e+002
  1.1670000e+002
  1.3500000e+002
  1.9180000e+002
  1.8750000e+002
  1.7200000e+002
  1.4200000e+002
  1.5060000e+002
  1.7960000e+002
  1.8550000e+002
  1.7980000e+002
  1.5330000e+002
  1.2530000e+002
  1.1500000e+002
  1.0340000e+002
  9.3610000e+001
  1.0130000e+002
  1.0910000e+002
  9.0870000e+001
  7.7010000e+001
  6.8260000e+001
  6.0780000e+001
  5.4310000e+001
  4.7840000e+001
  4.2220000e+001
  3.7900000e+001
  3.5230000e+001
  3.2570000e+001
  2.9610000e+001
  2.7150000e+001
  2.4820000e+001
  2.2690000e+001
  2.0500000e+001
  1.8320000e+001
  1.6290000e+001
  1.4760000e+001
  1.3290000e+001
  1.2950000e+001
  1.2240000e+001
  1.0720000e+001
  9.5100000e+000
  8.7610000e+000
  7.9770000e+000
  7.2070000e+000
  6.4630000e+000
  5.7170000e+000
  5.0810000e+000
  4.4580000e+000
  4.0890000e+000
  3.6870000e+000
  3.3200000e+000
  2.9810000e+000
  2.6120000e+000
  2.3300000e+000
  2.1070000e+000
  1.9450000e+000
  1.7150000e+000
  1.6160000e+000
  1.4890000e+000
  1.2650000e+000
  1.0880000e+000
  9.9900000e-001
  9.1300000e-001
  8.2400000e-001
  7.6300000e-001
  7.0600000e-001
  6.4800000e-001
  5.9000000e-001
  5.3200000e-001
  4.7300000e-001
  4.1600000e-001
  3.5700000e-001
  2.9900000e-001
  2.4400000e-001
  2.1700000e-001
  1.9300000e-001
  1.6900000e-001
  1.4500000e-001
  1.2100000e-001
  9.6000000e-002
  7.2000000e-002
  4.8000000e-002
  2.5000000e-002
  3.0000000e-003
  0.0000000e+000
  0.0000000e+000
  0.0000000e+000
  0.0000000e+000
  0.0000000e+000
  0.0000000e+000
  0.0000000e+000
  0.0000000e+000
  0.0000000e+000
  0.0000000e+000
  0.0000000e+000
  0.0000000e+000
  0.0000000e+000
  0.0000000e+000
  0.0000000e+000
  0.0000000e+000
  0.0000000e+000
  0.0000000e+000
  0.0000000e+000
  0.0000000e+000
  0.0000000e+000
  0.0000000e+000
  0.0000000e+000
  0.0000000e+000
  0.0000000e+000
  0.0000000e+000
  0.0000000e+000
  0.0000000e+000
  0.0000000e+000
  0.0000000e+000
  0.0000000e+000
  0.0000000e+000
  0.0000000e+000
  0.0000000e+000
  0.0000000e+000
  0.0000000e+000
  0.0000000e+000
  0.0000000e+000
  0.0000000e+000
  0.0000000e+000
  0.0000000e+000
  0.0000000e+000
  0.0000000e+000
  0.0000000e+000
  0.0000000e+000
  0.0000000e+000
  0.0000000e+000
  0.0000000e+000
  0.0000000e+000
  0.0000000e+000
  0.0000000e+000
  0.0000000e+000
  0.0000000e+000
  0.0000000e+000
  0.0000000e+000
  0.0000000e+000
  0.0000000e+000
  0.0000000e+000
  0.0000000e+000
  0.0000000e+000
  0.0000000e+000
  0.0000000e+000
  0.0000000e+000
  0.0000000e+000
  0.0000000e+000
  0.0000000e+000
  0.0000000e+000
  0.0000000e+000
  0.0000000e+000
  0.0000000e+000
  0.0000000e+000
  0.0000000e+000
  0.0000000e+000
  0.0000000e+000
  0.0000000e+000
  0.0000000e+000
  0.0000000e+000
  0.0000000e+000
  0.0000000e+000
  0.0000000e+000
  0.0000000e+000
  0.0000000e+000
  0.0000000e+000
  0.0000000e+000
  0.0000000e+000
  0.0000000e+000
  0.0000000e+000
  0.0000000e+000
  0.0000000e+000
  0.0000000e+000
  0.0000000e+000
  0.0000000e+000
  0.0000000e+000
  0.0000000e+000
  0.0000000e+000
  0.0000000e+000
  0.0000000e+000
  0.0000000e+000
  0.0000000e+000
  0.0000000e+000
  0.0000000e+000
  0.0000000e+000
  0.0000000e+000
  0.0000000e+000
  0.0000000e+000
  0.0000000e+000
  0.0000000e+000
  0.0000000e+000
  0.0000000e+000
  0.0000000e+000
  0.0000000e+000
  0.0000000e+000
  0.0000000e+000
  0.0000000e+000
  0.0000000e+000
  0.0000000e+000
  0.0000000e+000
  0.0000000e+000
  0.0000000e+000
  0.0000000e+000
  0.0000000e+000
  0.0000000e+000
  0.0000000e+000
  0.0000000e+000
  0.0000000e+000
  0.0000000e+000
  0.0000000e+000
  0.0000000e+000
  9.4000000e-002
  1.5200000e+000
  9.0200000e-001
  7.5100000e-001
  3.9300000e-001
  4.9000000e-002
  9.1000000e-002
  4.9000000e-002
  2.0000000e-003
  0.0000000e+000
  0.0000000e+000
  0.0000000e+000
  0.0000000e+000
  0.0000000e+000
  0.0000000e+000
  0.0000000e+000
  0.0000000e+000
  0.0000000e+000
  0.0000000e+000
  0.0000000e+000
  0.0000000e+000
  0.0000000e+000
  0.0000000e+000
  0.0000000e+000
  0.0000000e+000
  0.0000000e+000
  0.0000000e+000
  0.0000000e+000
  0.0000000e+000
  0.0000000e+000
  0.0000000e+000
  0.0000000e+000
  0.0000000e+000
  1.8600000e-001
  2.5870000e+000
  7.3030000e+000
  1.7470000e+001
  1.7960000e+001
  1.1520000e+001
  8.2590000e+000
  7.6910000e+000
  8.3290000e+000
  9.2500000e+000
  1.0070000e+001
  1.2150000e+001
  1.5440000e+001
  1.9340000e+001
  2.7340000e+001
  2.5230000e+001
  1.6670000e+001
  1.4220000e+001
  1.0960000e+001
  9.2730000e+000
  6.9950000e+000
  6.7800000e+000
  9.5400000e+000
  9.5980000e+000
  9.1510000e+000
  1.4350000e+001
  2.2000000e+001
  7.8810000e+001
  7.0470000e+001
  4.8650000e+001
  4.7900000e+001
  3.5270000e+001
  2.8960000e+001
  3.1830000e+001
  3.1490000e+001
  2.4650000e+001
  5.3800000e+000
  1.5270000e+001
  2.0710000e+001
  5.0400000e+001
  3.7520000e+001
  2.2480000e+001
  2.0410000e+001
  1.6320000e+001
  1.6400000e+001
  2.9060000e+001
  3.6010000e+001
  3.4140000e+001
  4.6180000e+001
  4.7300000e+001
  4.5260000e+001
  5.5670000e+001
  6.1100000e+001
  6.0690000e+001
  6.1810000e+001
  6.1440000e+001
  4.8350000e+001
  3.3700000e+001
  3.3990000e+001
  8.5250000e+001
  1.3190000e+002
  1.2620000e+002
  1.6670000e+002
  1.8700000e+002
  1.9860000e+002
  2.1420000e+002
  2.1860000e+002
  2.0640000e+002
  1.8610000e+002
  1.7600000e+002
  1.5990000e+002
  1.4840000e+002
  1.9350000e+002
  2.7140000e+002
  3.0300000e+002
  3.1880000e+002
  3.3460000e+002
  3.4550000e+002
  3.7000000e+002
  4.5270000e+002
  4.4900000e+002
  4.5710000e+002
  3.8310000e+002
  3.4940000e+002
  3.2240000e+002
  2.9900000e+002
  2.6980000e+002
  2.5400000e+002
  2.5720000e+002
  3.0380000e+002
  3.5460000e+002
  3.6180000e+002
  3.6510000e+002
  3.7100000e+002
  3.6310000e+002
  3.8010000e+002
  4.1860000e+002
  4.2430000e+002
  3.6290000e+002
  3.2320000e+002
  3.0850000e+002
  2.9610000e+002
  2.7070000e+002
  2.3210000e+002
  2.0430000e+002
  1.8930000e+002
  1.8050000e+002
  1.7420000e+002
  1.7480000e+002
  1.7030000e+002
  1.6760000e+002
  1.7690000e+002
  2.1090000e+002
  2.2900000e+002
  2.2600000e+002
  2.7370000e+002
  2.8040000e+002
  2.4480000e+002
  2.2850000e+002
  2.4060000e+002
  2.3840000e+002
  2.3430000e+002
  2.2370000e+002
  2.4390000e+002
  2.2160000e+002
  1.9380000e+002
  1.9220000e+002
  1.8300000e+002
  1.6130000e+002
  1.5560000e+002
  1.4340000e+002
  1.3230000e+002
  1.0820000e+002
  9.5250000e+001
  9.0410000e+001
  1.2590000e+002
  1.3420000e+002
  1.2940000e+002
  1.4450000e+002
  1.1400000e+002
  1.0410000e+002
  8.4180000e+001
  7.5230000e+001
  6.8400000e+001
  6.2780000e+001
  6.0630000e+001
  5.4130000e+001
  4.9620000e+001
  4.3100000e+001
  4.1060000e+001
  3.5930000e+001
  3.2250000e+001
  3.0400000e+001
  2.8500000e+001
  2.8370000e+001
  2.2730000e+001
  2.0270000e+001
  1.9660000e+001
  1.8780000e+001
  1.7090000e+001
  1.6030000e+001
  1.5580000e+001
  1.4870000e+001
  1.3870000e+001
  1.2320000e+001
  1.0850000e+001
  9.9110000e+000
  9.4390000e+000
  8.6900000e+000
  6.5680000e+000
  5.7800000e+000
  5.4390000e+000
  5.1220000e+000
  4.8000000e+000
  4.5930000e+000
  4.0270000e+000
  3.5860000e+000
  3.4320000e+000
  3.2830000e+000
  2.9880000e+000
  2.2390000e+000
  2.0520000e+000
  1.9340000e+000
  1.8190000e+000
  1.7030000e+000
  1.6140000e+000
  1.5150000e+000
  1.3120000e+000
  1.0470000e+000
  9.1000000e-001
  8.2500000e-001
  7.6400000e-001
  7.1300000e-001
  6.7500000e-001
  6.1900000e-001
  5.6000000e-001
  4.7400000e-001
  4.1600000e-001
  3.3200000e-001
  2.4300000e-001
  2.1800000e-001
  2.0400000e-001
  1.9100000e-001
  1.6800000e-001
  1.4600000e-001
  1.3200000e-001
  1.2000000e-001
  1.1900000e-001
  9.7000000e-002
  7.3000000e-002
  4.8000000e-002
  4.0000000e-003
  0.0000000e+000
  0.0000000e+000
  0.0000000e+000
  0.0000000e+000
  0.0000000e+000
  0.0000000e+000
  0.0000000e+000
  0.0000000e+000
  0.0000000e+000
  0.0000000e+000
  0.0000000e+000
  0.0000000e+000
  0.0000000e+000
  0.0000000e+000
  0.0000000e+000
  0.0000000e+000
  0.0000000e+000
  0.0000000e+000
  0.0000000e+000
  0.0000000e+000
  0.0000000e+000
  0.0000000e+000
  0.0000000e+000
  0.0000000e+000
  4.9000000e-002
  7.3700000e-001
  9.3900000e-001
  8.7200000e-001
  7.3600000e-001
  2.9200000e-001
  2.3900000e-001
  2.1800000e-001
  1.8900000e-001
  7.9000000e-002
  2.7000000e-002
  2.0000000e-003
  0.0000000e+000
  2.0000000e-003
  2.2000000e-002
  2.4000000e-002
  2.2000000e-002
  2.0000000e-003
  0.0000000e+000
  0.0000000e+000
  0.0000000e+000
  0.0000000e+000
  0.0000000e+000
  0.0000000e+000
  0.0000000e+000
  0.0000000e+000
  0.0000000e+000
  0.0000000e+000
  0.0000000e+000
  0.0000000e+000
  0.0000000e+000
  0.0000000e+000
  0.0000000e+000
  0.0000000e+000
  0.0000000e+000
  0.0000000e+000
  0.0000000e+000
  0.0000000e+000
  0.0000000e+000
  0.0000000e+000
  0.0000000e+000
  0.0000000e+000
  0.0000000e+000
  0.0000000e+000
  0.0000000e+000
  0.0000000e+000
  0.0000000e+000
  0.0000000e+000
  0.0000000e+000
  0.0000000e+000
  0.0000000e+000
  0.0000000e+000
  0.0000000e+000
  0.0000000e+000
  0.0000000e+000
  0.0000000e+000
  0.0000000e+000
  0.0000000e+000
  0.0000000e+000
  0.0000000e+000
  0.0000000e+000
  0.0000000e+000
  0.0000000e+000
  0.0000000e+000
  0.0000000e+000
  0.0000000e+000
  0.0000000e+000
  0.0000000e+000
  0.0000000e+000
  0.0000000e+000
  0.0000000e+000
  0.0000000e+000
  0.0000000e+000
  0.0000000e+000
  0.0000000e+000
  0.0000000e+000
  0.0000000e+000
  0.0000000e+000
  0.0000000e+000
  0.0000000e+000
  0.0000000e+000
  0.0000000e+000
  0.0000000e+000
  6.2000000e-002
  1.5400000e-001
  1.4400000e-001
  1.0400000e-001
  2.7000000e-002
  2.0000000e-003
  0.0000000e+000
  0.0000000e+000
  0.0000000e+000
  0.0000000e+000
  0.0000000e+000
  0.0000000e+000
  0.0000000e+000
  0.0000000e+000
  0.0000000e+000
  0.0000000e+000
  0.0000000e+000
  0.0000000e+000
  0.0000000e+000
  0.0000000e+000
  0.0000000e+000
  0.0000000e+000
  0.0000000e+000
  0.0000000e+000
  0.0000000e+000
  0.0000000e+000
  0.0000000e+000
  0.0000000e+000
  0.0000000e+000
  0.0000000e+000
  0.0000000e+000
  0.0000000e+000
  0.0000000e+000
  0.0000000e+000
  0.0000000e+000
  0.0000000e+000
  0.0000000e+000
  0.0000000e+000
  0.0000000e+000
  0.0000000e+000
  0.0000000e+000
  0.0000000e+000
  0.0000000e+000
  0.0000000e+000
  0.0000000e+000
  0.0000000e+000
  0.0000000e+000
  0.0000000e+000
  0.0000000e+000
  0.0000000e+000
  0.0000000e+000
  0.0000000e+000
  0.0000000e+000
  0.0000000e+000
  0.0000000e+000
  0.0000000e+000
  0.0000000e+000
  0.0000000e+000
  0.0000000e+000
  5.3500000e-001
  9.4670000e+000
  1.5050000e+001
  1.1110000e+001
  1.7050000e+001
  1.8360000e+001
  1.3630000e+001
  1.0200000e+001
  1.2450000e+001
  2.5370000e+001
  1.9270000e+001
  1.0240000e+001
  7.8640000e+000
  7.4670000e+000
  7.2260000e+000
  6.9700000e+000
  8.8440000e+000
  1.2260000e+001
  1.2810000e+001
  1.3320000e+001
  1.5100000e+001
  2.5040000e+001
  2.7640000e+001
  4.5310000e+001
  3.8960000e+001
  3.0460000e+001
  2.8560000e+001
  3.4380000e+001
  5.5280000e+001
  5.5330000e+001
  4.5400000e+001
  3.9100000e+001
  4.4610000e+001
  5.9960000e+001
  6.6790000e+001
  6.8530000e+001
  6.7380000e+001
  5.8000000e+001
  7.9590000e+001
  1.4700000e+002
  1.5210000e+002
  1.9750000e+002
  2.5540000e+002
  2.5030000e+002
  2.1770000e+002
  2.0340000e+002
  1.8530000e+002
  1.7540000e+002
  2.1250000e+002
  2.3410000e+002
  1.8440000e+002
  1.3230000e+002
  1.2200000e+002
  1.2290000e+002
  1.2170000e+002
  1.1220000e+002
  9.9010000e+001
  8.8050000e+001
  1.0130000e+002
  1.3400000e+002
  1.3470000e+002
  1.1960000e+002
  1.2460000e+002
  1.2130000e+002
  1.2650000e+002
  1.1210000e+002
  1.0810000e+002
  1.2810000e+002
  2.3590000e+002
  3.1890000e+002
  3.6600000e+002
  3.7690000e+002
  4.1470000e+002
  4.1800000e+002
  4.1940000e+002
  4.2460000e+002
  4.0350000e+002
  3.8550000e+002
  3.6850000e+002
  3.4830000e+002
  3.0440000e+002
  2.6710000e+002
  2.6930000e+002
  3.0080000e+002
  3.0780000e+002
  3.1250000e+002
  3.0940000e+002
  2.9020000e+002
  2.7280000e+002
  2.4990000e+002
  2.3930000e+002
  2.2180000e+002
  1.9620000e+002
  1.6510000e+002
  1.5790000e+002
  1.6970000e+002
  1.7630000e+002
  1.8630000e+002
  1.9140000e+002
  2.0670000e+002
  2.0290000e+002
  1.9310000e+002
  2.1810000e+002
  2.4480000e+002
  2.6880000e+002
  2.8030000e+002
  2.7470000e+002
  2.5680000e+002
  2.4470000e+002
  2.4980000e+002
  2.3760000e+002
  2.1050000e+002
  1.9760000e+002
  1.8150000e+002
  1.6390000e+002
  1.4480000e+002
  1.2760000e+002
  1.1280000e+002
  1.0100000e+002
  9.1490000e+001
  8.3090000e+001
  7.5590000e+001
  6.7880000e+001
  6.1460000e+001
  5.5690000e+001
  5.0730000e+001
  4.6460000e+001
  4.2220000e+001
  3.8470000e+001
  3.5300000e+001
  3.2700000e+001
  3.0420000e+001
  2.8120000e+001
  2.5670000e+001
  2.3870000e+001
  2.2440000e+001
  2.0300000e+001
  1.8460000e+001
  1.6950000e+001
  1.5770000e+001
  1.5080000e+001
  1.4920000e+001
  1.4850000e+001
  1.6370000e+001
  1.7560000e+001
  1.7430000e+001
  1.6300000e+001
  1.3410000e+001
  1.1310000e+001
  9.9380000e+000
  8.9900000e+000
  8.7720000e+000
  8.9100000e+000
  8.9100000e+000
  8.9100000e+000
  8.9100000e+000
  7.9830000e+000
  6.5080000e+000
  6.0010000e+000
  5.3940000e+000
  4.7420000e+000
  4.1890000e+000
  3.7420000e+000
  3.3730000e+000
  3.0630000e+000
  2.8030000e+000
  2.5720000e+000
  2.4420000e+000
  2.2230000e+000
  2.0580000e+000
  1.8730000e+000
  1.6570000e+000
  1.5690000e+000
  1.4810000e+000
  1.3520000e+000
  1.2180000e+000
  1.1300000e+000
  1.0420000e+000
  9.5400000e-001
  8.3800000e-001
  7.3400000e-001
  6.7600000e-001
  6.1800000e-001
  5.6000000e-001
  4.4600000e-001
  3.8600000e-001
  3.2800000e-001
  2.7000000e-001
  2.2800000e-001
  2.0400000e-001
  1.9200000e-001
  1.9200000e-001
  1.9200000e-001
  1.9200000e-001
  1.9200000e-001
  1.8000000e-001
  1.6800000e-001
  1.6800000e-001
  1.6800000e-001
  1.6800000e-001
  1.6800000e-001
  1.5600000e-001
  1.4400000e-001
  1.4400000e-001
  1.4400000e-001
  1.4400000e-001
  1.4400000e-001
  1.3200000e-001
  1.2000000e-001
  1.2000000e-001
  1.2000000e-001
  1.2000000e-001
  1.2000000e-001
  1.0800000e-001
  9.6000000e-002
  9.6000000e-002
  9.6000000e-002
  9.6000000e-002
  9.6000000e-002
  8.4000000e-002
  7.2000000e-002
  7.2000000e-002
  7.2000000e-002
  7.2000000e-002
  7.2000000e-002
  6.0000000e-002
  4.8000000e-002
  4.8000000e-002
  4.8000000e-002
  4.8000000e-002
  4.8000000e-002
  3.6000000e-002
  2.4000000e-002
  2.4000000e-002
  2.4000000e-002
  2.4000000e-002
  2.4000000e-002
  1.2000000e-002
  0.0000000e+000
  0.0000000e+000
  0.0000000e+000
  0.0000000e+000
  0.0000000e+000
  0.0000000e+000
  0.0000000e+000
  0.0000000e+000
  0.0000000e+000
  0.0000000e+000
  0.0000000e+000
  0.0000000e+000
  0.0000000e+000
  0.0000000e+000
  0.0000000e+000
  0.0000000e+000
  0.0000000e+000
  0.0000000e+000
  0.0000000e+000
  0.0000000e+000
  0.0000000e+000
  0.0000000e+000
  0.0000000e+000
  0.0000000e+000
  0.0000000e+000
  0.0000000e+000
  0.0000000e+000
  0.0000000e+000
  0.0000000e+000
  0.0000000e+000
  0.0000000e+000
  0.0000000e+000
  0.0000000e+000
  0.0000000e+000
  0.0000000e+000
  0.0000000e+000
  0.0000000e+000
  0.0000000e+000
  0.0000000e+000
  0.0000000e+000
  0.0000000e+000
  0.0000000e+000
  0.0000000e+000
  0.0000000e+000
  0.0000000e+000
  0.0000000e+000
  0.0000000e+000
  0.0000000e+000
  0.0000000e+000
  0.0000000e+000
  0.0000000e+000
  0.0000000e+000
  0.0000000e+000
  0.0000000e+000
  0.0000000e+000
  0.0000000e+000
  0.0000000e+000
  0.0000000e+000
  0.0000000e+000
  0.0000000e+000
  0.0000000e+000
  0.0000000e+000
  0.0000000e+000
  0.0000000e+000
  0.0000000e+000
  0.0000000e+000
  0.0000000e+000
  0.0000000e+000
  0.0000000e+000
  0.0000000e+000
  0.0000000e+000
  0.0000000e+000
  0.0000000e+000
  0.0000000e+000
  0.0000000e+000
  0.0000000e+000
  0.0000000e+000
  0.0000000e+000
  0.0000000e+000
  0.0000000e+000
  0.0000000e+000
  0.0000000e+000
  0.0000000e+000
  0.0000000e+000
  0.0000000e+000
  0.0000000e+000
  0.0000000e+000
  0.0000000e+000
  0.0000000e+000
  0.0000000e+000
  0.0000000e+000
  0.0000000e+000
  0.0000000e+000
  0.0000000e+000
  0.0000000e+000
  0.0000000e+000
  0.0000000e+000
  0.0000000e+000
  0.0000000e+000
  0.0000000e+000
  0.0000000e+000
  0.0000000e+000
  0.0000000e+000
  0.0000000e+000
  0.0000000e+000
  0.0000000e+000
  0.0000000e+000
  0.0000000e+000
  0.0000000e+000
  0.0000000e+000
  0.0000000e+000
  0.0000000e+000
  0.0000000e+000
  0.0000000e+000
  0.0000000e+000
  0.0000000e+000
  0.0000000e+000
  0.0000000e+000
  0.0000000e+000
  0.0000000e+000
  0.0000000e+000
  0.0000000e+000
  0.0000000e+000
  0.0000000e+000
  0.0000000e+000
  0.0000000e+000
  0.0000000e+000
  0.0000000e+000
  0.0000000e+000
  1.1600000e-001
  3.7140000e+000
  9.6490000e+000
  3.3070000e+000
  9.7910000e+000
  9.0530000e+000
  5.7380000e+000
  5.3000000e+000
  2.7140000e+000
  1.4170000e+000
  8.8700000e-001
  7.4600000e-001
  5.6900000e-001
  1.7900000e-001
  1.1700000e-001
  2.2460000e+000
  8.9150000e+000
  6.2740000e+000
  5.1150000e+000
  5.4470000e+000
  7.4600000e+000
  7.5570000e+000
  8.4120000e+000
  5.3230000e+000
  6.2100000e+000
  7.9600000e+000
  2.2440000e+001
  4.2310000e+001
  8.2190000e+001
  1.3760000e+002
  2.3200000e+002
  2.2560000e+002
  1.4790000e+002
  1.3430000e+002
  1.7890000e+002
  2.0550000e+002
  2.0320000e+002
  1.5410000e+002
  8.8800000e+001
  1.0130000e+002
  1.3140000e+002
  1.4260000e+002
  7.8850000e+001
  6.1380000e+001
  7.7990000e+001
  9.4410000e+001
  1.0350000e+002
  1.1890000e+002
  1.2680000e+002
  1.0300000e+002
  9.0780000e+001
  1.6270000e+002
  1.1620000e+002
  8.8460000e+001
  1.1360000e+002
  1.1310000e+002
  8.7340000e+001
  7.0430000e+001
  6.8510000e+001
  7.2250000e+001
  1.4660000e+002
  9.6660000e+001
  8.0410000e+001
  6.7670000e+001
  5.7760000e+001
  5.2130000e+001
  5.2400000e+001
  6.6330000e+001
  6.8400000e+001
  6.3720000e+001
  6.1430000e+001
  5.8610000e+001
  5.8850000e+001
  5.6010000e+001
  8.3530000e+001
  9.9640000e+001
  8.3050000e+001
  8.0320000e+001
  1.0440000e+002
  1.0530000e+002
  9.3030000e+001
  8.1450000e+001
  8.5300000e+001
  8.4660000e+001
  8.5530000e+001
  8.7950000e+001
  8.6380000e+001
  7.3070000e+001
  6.4470000e+001
  5.6840000e+001
  5.2380000e+001
  5.1510000e+001
  5.0170000e+001
  5.0590000e+001
  4.1320000e+001
  4.0660000e+001
  8.6830000e+001
  9.9840000e+001
  8.4600000e+001
  9.6140000e+001
  1.4220000e+002
  1.3680000e+002
  1.5660000e+002
  1.3490000e+002
  1.4460000e+002
  1.3860000e+002
  1.1890000e+002
  1.0480000e+002
  8.7820000e+001
  1.1180000e+002
  1.4250000e+002
  1.6060000e+002
  2.0440000e+002
  2.1060000e+002
  2.0150000e+002
  1.9530000e+002
  2.1390000e+002
  2.0980000e+002
  1.7740000e+002
  1.4690000e+002
  1.2500000e+002
  1.1470000e+002
  1.0550000e+002
  9.8300000e+001
  9.1650000e+001
  8.3200000e+001
  7.7140000e+001
  7.0060000e+001
  6.9960000e+001
  6.5450000e+001
  5.4530000e+001
  4.8510000e+001
  4.2040000e+001
  3.7660000e+001
  3.3960000e+001
  3.0370000e+001
  2.8160000e+001
  2.6240000e+001
  2.3930000e+001
  2.1630000e+001
  1.9700000e+001
  1.8170000e+001
  1.6790000e+001
  1.4780000e+001
  1.2960000e+001
  1.1510000e+001
  1.0340000e+001
  9.5840000e+000
  7.8430000e+000
  7.3430000e+000
  6.4210000e+000
  5.6800000e+000
  5.2610000e+000
  4.7040000e+000
  4.1790000e+000
  3.7810000e+000
  3.2180000e+000
  2.6910000e+000
  2.4520000e+000
  2.2190000e+000
  1.9880000e+000
  1.7620000e+000
  1.5620000e+000
  1.3890000e+000
  1.2170000e+000
  1.0370000e+000
  9.4300000e-001
  1.5800000e+000
  1.1500000e+000
  7.3000000e-001
  6.1800000e-001
  5.0100000e-001
  3.8500000e-001
  3.0600000e-001
  4.5200000e-001
  3.7700000e-001
  1.3100000e-001
  8.5000000e-002
  3.5000000e-002
  2.0000000e-003
  0.0000000e+000
  0.0000000e+000
  0.0000000e+000
  0.0000000e+000
  0.0000000e+000
  0.0000000e+000
  0.0000000e+000
  0.0000000e+000
  0.0000000e+000
  0.0000000e+000
  0.0000000e+000
  0.0000000e+000
  0.0000000e+000
  0.0000000e+000
  0.0000000e+000
  0.0000000e+000
  0.0000000e+000
  0.0000000e+000
  0.0000000e+000
  0.0000000e+000
  0.0000000e+000
  0.0000000e+000
  0.0000000e+000
  0.0000000e+000
  0.0000000e+000
  0.0000000e+000
  0.0000000e+000
  0.0000000e+000
  0.0000000e+000
  0.0000000e+000
  0.0000000e+000
  0.0000000e+000
  0.0000000e+000
  0.0000000e+000
  0.0000000e+000
  0.0000000e+000
  0.0000000e+000
  0.0000000e+000
  0.0000000e+000
  0.0000000e+000
  0.0000000e+000
  0.0000000e+000
  0.0000000e+000
  0.0000000e+000
  0.0000000e+000
  0.0000000e+000
  0.0000000e+000
  0.0000000e+000
  0.0000000e+000
  0.0000000e+000
  0.0000000e+000
  0.0000000e+000
  0.0000000e+000
  0.0000000e+000
  0.0000000e+000
  0.0000000e+000
  0.0000000e+000
  0.0000000e+000
  0.0000000e+000
  0.0000000e+000
  0.0000000e+000
  0.0000000e+000
  0.0000000e+000
  0.0000000e+000
  0.0000000e+000
  0.0000000e+000
  0.0000000e+000
  0.0000000e+000
  0.0000000e+000
  0.0000000e+000
  0.0000000e+000
  0.0000000e+000
  0.0000000e+000
  0.0000000e+000
  0.0000000e+000
  0.0000000e+000
  0.0000000e+000
  0.0000000e+000
  0.0000000e+000
  0.0000000e+000
  0.0000000e+000
  0.0000000e+000
  0.0000000e+000
  0.0000000e+000
  0.0000000e+000
  0.0000000e+000
  0.0000000e+000
  0.0000000e+000
  0.0000000e+000
  0.0000000e+000
  0.0000000e+000
  0.0000000e+000
  0.0000000e+000
  0.0000000e+000
  0.0000000e+000
  0.0000000e+000
  0.0000000e+000
  0.0000000e+000
  0.0000000e+000
  0.0000000e+000
  0.0000000e+000
  0.0000000e+000
  0.0000000e+000
  0.0000000e+000
  0.0000000e+000
  0.0000000e+000
  0.0000000e+000
  0.0000000e+000
  0.0000000e+000
  0.0000000e+000
  0.0000000e+000
  0.0000000e+000
  0.0000000e+000
  0.0000000e+000
  0.0000000e+000
  0.0000000e+000
  0.0000000e+000
  0.0000000e+000
  0.0000000e+000
  0.0000000e+000
  0.0000000e+000
  0.0000000e+000
  0.0000000e+000
  0.0000000e+000
  0.0000000e+000
  0.0000000e+000
  0.0000000e+000
  0.0000000e+000
  0.0000000e+000
  0.0000000e+000
  0.0000000e+000
  0.0000000e+000
  0.0000000e+000
  0.0000000e+000
  0.0000000e+000
  0.0000000e+000
  0.0000000e+000
  0.0000000e+000
  0.0000000e+000
  0.0000000e+000
  0.0000000e+000
  0.0000000e+000
  0.0000000e+000
  0.0000000e+000
  0.0000000e+000
  0.0000000e+000
  0.0000000e+000
  0.0000000e+000
  0.0000000e+000
  0.0000000e+000
  0.0000000e+000
  0.0000000e+000
  0.0000000e+000
  0.0000000e+000
  0.0000000e+000
  0.0000000e+000
  0.0000000e+000
  0.0000000e+000
  0.0000000e+000
  0.0000000e+000
  0.0000000e+000
  0.0000000e+000
  0.0000000e+000
  0.0000000e+000
  0.0000000e+000
  0.0000000e+000
  3.1000000e-002
  4.5200000e-001
  3.8200000e-001
  2.7000000e-001
  2.0200000e-001
  2.9500000e-001
  3.2500000e-001
  3.2700000e-001
  3.2200000e-001
  2.0900000e-001
  1.9200000e-001
  1.9200000e-001
  1.8000000e-001
  1.5600000e-001
  1.3100000e-001
  8.4000000e-002
  1.2500000e-001
  1.5600000e-001
  1.5600000e-001
  1.9800000e-001
  3.4800000e-001
  5.5800000e-001
  5.6000000e-001
  5.0200000e-001
  4.4400000e-001
  3.7900000e-001
  2.7000000e-001
  5.4500000e-001
  9.8200000e-001
  9.5300000e-001
  7.8800000e-001
  6.7600000e-001
  5.5600000e-001
  4.2200000e-001
  3.0800000e-001
  2.2600000e-001
  1.9200000e-001
  1.8000000e-001
  1.4400000e-001
  1.3200000e-001
  1.0500000e-001
  6.0000000e-002
  4.8000000e-002
  3.6000000e-002
  1.2000000e-002
  0.0000000e+000
  0.0000000e+000
  0.0000000e+000
  0.0000000e+000
  0.0000000e+000
  0.0000000e+000
  5.0000000e-003
  5.0000000e-002
  8.4000000e-002
  1.0800000e-001
  1.2000000e-001
  1.2000000e-001
  1.8000000e-001
  1.1930000e+001
  1.5100000e+001
  1.4160000e+001
  1.5150000e+001
  1.1390000e+001
  8.2370000e+000
  8.0950000e+000
  9.2290000e+000
  1.5280000e+001
  1.8080000e+001
  2.2250000e+001
  1.8010000e+001
  1.4650000e+001
  2.3780000e+001
  1.8370000e+001
  1.2860000e+001
  1.1190000e+001
  1.4550000e+001
  2.0000000e+001
  5.2260000e+001
  4.2030000e+001
  2.6790000e+001
  2.0380000e+001
  2.5280000e+001
  4.4740000e+001
  4.7880000e+001
  3.9700000e+001
  2.7070000e+001
  2.0310000e+001
  4.8670000e+001
  8.7550000e+001
  7.0030000e+001
  5.2580000e+001
  6.1650000e+001
  9.3900000e+001
  1.0430000e+002
  8.2690000e+001
  1.2750000e+002
  1.7680000e+002
  2.0500000e+002
  2.1710000e+002
  1.8260000e+002
  1.6150000e+002
  1.4030000e+002
  1.4990000e+002
  1.4350000e+002
  1.1400000e+002
  1.1950000e+002
  1.3120000e+002
  1.8230000e+002
  2.1870000e+002
  2.4060000e+002
  2.6690000e+002
  2.4940000e+002
  2.0170000e+002
  1.6250000e+002
  1.2680000e+002
  1.2340000e+002
  1.5030000e+002
  1.8250000e+002
  1.8030000e+002
  1.7550000e+002
  1.8470000e+002
  1.6630000e+002
  1.3970000e+002
  1.3230000e+002
  1.3410000e+002
  1.2300000e+002
  1.1640000e+002
  1.1820000e+002
  1.1270000e+002
  1.0400000e+002
  9.5380000e+001
  8.0890000e+001
  9.2750000e+001
  1.7860000e+002
  1.7050000e+002
  1.6740000e+002
  1.2420000e+002
  1.1340000e+002
  1.1630000e+002
  1.1750000e+002
  1.1630000e+002
  9.4180000e+001
  8.0070000e+001
  7.0460000e+001
  6.8030000e+001
  7.0640000e+001
  6.6470000e+001
  5.6250000e+001
  4.8930000e+001
  4.5490000e+001
  4.8950000e+001
  4.7590000e+001
  4.0770000e+001
  3.6120000e+001
  3.1880000e+001
  2.8130000e+001
  2.5030000e+001
  2.4010000e+001
  2.1730000e+001
  1.9620000e+001
  1.7250000e+001
  1.5390000e+001
  1.3590000e+001
  1.2290000e+001
  1.0760000e+001
  9.9560000e+000
  8.5640000e+000
  7.8260000e+000
  7.5390000e+000
  6.0780000e+000
  5.3970000e+000
  5.0370000e+000
  4.3320000e+000
  4.1000000e+000
  3.4470000e+000
  2.7880000e+000
  1.7030000e+000
  1.3570000e+000
  1.0840000e+000
  9.0700000e-001
  8.2200000e-001
  7.6200000e-001
  6.9900000e-001
  5.2500000e-001
  3.6000000e-001
  2.9800000e-001
  2.4200000e-001
  2.1600000e-001
  1.7900000e-001
  1.4300000e-001
  1.1700000e-001
  6.4000000e-002
  4.6000000e-002
  2.4000000e-002
  2.0000000e-003
  0.0000000e+000
  0.0000000e+000
  0.0000000e+000
  0.0000000e+000
  0.0000000e+000
  0.0000000e+000
  0.0000000e+000
  0.0000000e+000
  0.0000000e+000
  0.0000000e+000
  0.0000000e+000
  0.0000000e+000
  0.0000000e+000
  0.0000000e+000
  0.0000000e+000
  0.0000000e+000
  0.0000000e+000
  0.0000000e+000
  0.0000000e+000
  0.0000000e+000
  0.0000000e+000
  0.0000000e+000
  0.0000000e+000
  0.0000000e+000
  0.0000000e+000
  0.0000000e+000
  0.0000000e+000
  0.0000000e+000
  0.0000000e+000
  0.0000000e+000
  0.0000000e+000
  0.0000000e+000
  0.0000000e+000
  0.0000000e+000
  0.0000000e+000
  0.0000000e+000
  0.0000000e+000
  0.0000000e+000
  0.0000000e+000
  0.0000000e+000
  0.0000000e+000
  0.0000000e+000
  0.0000000e+000
  0.0000000e+000
  0.0000000e+000
  0.0000000e+000
  0.0000000e+000
  0.0000000e+000
  0.0000000e+000
  0.0000000e+000
  0.0000000e+000
  0.0000000e+000
  0.0000000e+000
  0.0000000e+000
  0.0000000e+000
  0.0000000e+000
  0.0000000e+000
  0.0000000e+000
  0.0000000e+000
  0.0000000e+000
  0.0000000e+000
  0.0000000e+000
  0.0000000e+000
  0.0000000e+000
  0.0000000e+000
  0.0000000e+000
  0.0000000e+000
  0.0000000e+000
  0.0000000e+000
  0.0000000e+000
  0.0000000e+000
  0.0000000e+000
  0.0000000e+000
  0.0000000e+000
  0.0000000e+000
  0.0000000e+000
  0.0000000e+000
  0.0000000e+000
  0.0000000e+000
  0.0000000e+000
  0.0000000e+000
  0.0000000e+000
  0.0000000e+000
  0.0000000e+000
  0.0000000e+000
  0.0000000e+000
  0.0000000e+000
  0.0000000e+000
  0.0000000e+000
  0.0000000e+000
  0.0000000e+000
  0.0000000e+000
  0.0000000e+000
  0.0000000e+000
  0.0000000e+000
  0.0000000e+000
  0.0000000e+000
  0.0000000e+000
  0.0000000e+000
  0.0000000e+000
  0.0000000e+000
  0.0000000e+000
  0.0000000e+000
  0.0000000e+000
  0.0000000e+000
  0.0000000e+000
  0.0000000e+000
  0.0000000e+000
  0.0000000e+000
  0.0000000e+000
  0.0000000e+000
  0.0000000e+000
  0.0000000e+000
  0.0000000e+000
  0.0000000e+000
  0.0000000e+000
  0.0000000e+000
  0.0000000e+000
  0.0000000e+000
  0.0000000e+000
  0.0000000e+000
  0.0000000e+000
  0.0000000e+000
  0.0000000e+000
  0.0000000e+000
  0.0000000e+000
  0.0000000e+000
  0.0000000e+000
  0.0000000e+000
  0.0000000e+000
  0.0000000e+000
  0.0000000e+000
  0.0000000e+000
  0.0000000e+000
  0.0000000e+000
  0.0000000e+000
  0.0000000e+000
  0.0000000e+000
  0.0000000e+000
  0.0000000e+000
  0.0000000e+000
  0.0000000e+000
  1.0000000e-003
  8.3000000e-002
  1.1610000e+000
  3.3630000e+000
  1.8180000e+000
  1.0020000e+000
  5.9700000e-001
  3.5300000e-001
  2.0800000e-001
  1.4600000e-001
  8.5000000e-002
  3.5000000e-002
  0.0000000e+000
  0.0000000e+000
  0.0000000e+000
  0.0000000e+000
  2.9100000e-001
  8.2600000e+000
  5.8860000e+000
  5.4420000e+000
  5.4420000e+000
  5.4420000e+000
  5.4420000e+000
  5.4420000e+000
  5.4420000e+000
  5.4420000e+000
  5.4420000e+000
  5.4420000e+000
  5.4420000e+000
  5.4420000e+000
  3.5430000e+000
  9.9500000e-001
  1.1160000e+000
  9.8900000e-001
  8.2000000e-001
  7.8100000e-001
  7.0300000e-001
  6.4500000e-001
  7.0300000e-001
  7.6100000e-001
  6.7500000e-001
  5.8700000e-001
  5.3000000e-001
  5.3000000e-001
  5.3000000e-001
  5.2900000e-001
  4.7100000e-001
  4.1300000e-001
  3.0800000e-001
  2.4000000e-001
  2.1600000e-001
  1.9200000e-001
  1.6800000e-001
  1.4400000e-001
  1.4400000e-001
  1.2000000e-001
  9.6000000e-002
  7.2000000e-002
  3.5900000e-001
  4.9400000e-001
  2.4800000e-001
  2.0400000e-001
  6.6500000e-001
  8.1900000e-001
  7.6300000e-001
  1.0690000e+000
  1.6380000e+000
  1.1490000e+000
  8.1500000e-001
  6.2200000e-001
  5.0300000e-001
  3.7500000e-001
  2.9700000e-001
  2.4000000e-001
  2.1600000e-001
  1.9200000e-001
  1.6800000e-001
  1.4400000e-001
  1.4400000e-001
  6.8400000e-001
  1.3740000e+000
  1.8230000e+000
  5.0680000e+000
  5.7100000e+000
  5.8330000e+000
  1.1430000e+001
  2.0060000e+001
  1.4620000e+001
  1.2440000e+001
  1.4220000e+001
  1.5480000e+001
  1.6860000e+001
  2.1290000e+001
  2.5700000e+001
  4.3440000e+001
  4.1520000e+001
  3.7110000e+001
  3.0510000e+001
  2.5000000e+001
  2.2130000e+001
  2.0150000e+001
  1.9140000e+001
  2.9020000e+001
  2.9800000e+001
  2.7560000e+001
  3.7620000e+001
  5.3810000e+001
  7.6150000e+001
  6.6770000e+001
  5.3960000e+001
  5.0720000e+001
  6.4500000e+001
  7.2310000e+001
  8.9850000e+001
  1.1090000e+002
  1.1950000e+002
  1.0750000e+002
  1.1310000e+002
  1.3510000e+002
  1.4380000e+002
  1.7820000e+002
  2.3050000e+002
  2.8710000e+002
  3.3470000e+002
  3.6700000e+002
  3.8950000e+002
  4.0680000e+002
  4.4140000e+002
  4.6970000e+002
  4.8500000e+002
  5.0250000e+002
  5.1740000e+002
  5.2770000e+002
  5.4430000e+002
  5.6210000e+002
  5.7380000e+002
  5.7460000e+002
  5.6120000e+002
  5.1040000e+002
  3.3840000e+002
  2.4030000e+002
  2.2580000e+002
  2.6730000e+002
  2.7810000e+002
  2.8460000e+002
  2.7130000e+002
  2.4680000e+002
  2.3720000e+002
  2.5070000e+002
  2.6020000e+002
  2.5820000e+002
  2.4840000e+002
  2.0970000e+002
  1.8140000e+002
  1.6000000e+002
  1.3370000e+002
  1.1660000e+002
  1.0010000e+002
  8.9740000e+001
  1.0500000e+002
  1.1280000e+002
  1.1760000e+002
  9.6500000e+001
  8.7430000e+001
  7.6330000e+001
  6.1130000e+001
  5.5650000e+001
  4.9280000e+001
  4.4760000e+001
  4.1630000e+001
  3.8610000e+001
  3.5600000e+001
  3.1120000e+001
  3.3130000e+001
  4.0680000e+001
  3.9180000e+001
  4.2120000e+001
  3.9450000e+001
  3.2460000e+001
  3.0240000e+001
  3.0640000e+001
  2.9160000e+001
  2.7140000e+001
  2.5910000e+001
  2.4090000e+001
  2.3250000e+001
  2.0010000e+001
  1.6700000e+001
  1.4790000e+001
  1.3090000e+001
  1.2110000e+001
  1.1120000e+001
  9.9310000e+000
  9.1750000e+000
  7.5700000e+000
  9.2640000e+000
  7.4850000e+000
  6.3070000e+000
  5.6810000e+000
  5.3510000e+000
  5.0950000e+000
  5.4810000e+000
  5.3120000e+000
  4.2830000e+000
  3.8490000e+000
  2.9370000e+000
  2.7780000e+000
  3.4270000e+000
  2.8350000e+000
  2.5670000e+000
  2.2330000e+000
  1.7240000e+000
  1.6100000e+000
  1.5470000e+000
  1.6790000e+000
  1.5680000e+000
  1.3940000e+000
  1.2580000e+000
  1.1480000e+000
  8.1600000e-001
  7.6200000e-001
  7.3300000e-001
  7.0400000e-001
  6.9800000e-001
  6.5000000e-001
  6.4600000e-001
  6.4100000e-001
  5.9200000e-001
  5.8800000e-001
  5.8800000e-001
  5.8400000e-001
  5.3400000e-001
  5.3000000e-001
  5.0000000e-001
  4.7200000e-001
  4.6800000e-001
  4.1800000e-001
  4.0800000e-001
  3.6000000e-001
  3.4600000e-001
  2.3400000e-001
  1.8000000e-001
  1.3100000e-001
  8.3000000e-002
  2.5000000e-002
