   1.1270000e+03   1.0000000e+00   1.7400000e-02
   1.1280000e+03   1.0000000e+00   1.2000000e-02
   1.1290000e+03   1.0000000e+00   1.1914286e-02
   1.1300000e+03   1.0000000e+00   1.1828571e-02
   1.1310000e+03   1.0000000e+00   1.1657143e-02
   1.1320000e+03   1.0000000e+00   1.1571429e-02
   1.1330000e+03   1.0000000e+00   1.1485714e-02
   1.1340000e+03   1.0000000e+00   1.1314286e-02
   1.1350000e+03   1.0000000e+00   1.1228571e-02
   1.1360000e+03   1.0000000e+00   1.1142857e-02
   1.1370000e+03   1.0000000e+00   1.0971429e-02
   1.1380000e+03   1.0000000e+00   1.0885714e-02
   1.1390000e+03   1.0000000e+00   1.0714286e-02
   1.1400000e+03   1.0000000e+00   1.0628571e-02
   1.1410000e+03   1.0000000e+00   1.0542857e-02
   1.1420000e+03   1.0000000e+00   1.0371429e-02
   1.1430000e+03   1.0000000e+00   1.0285714e-02
   1.1440000e+03   1.0000000e+00   1.0200000e-02
   1.1450000e+03   1.0000000e+00   1.0028571e-02
   1.1460000e+03   1.0000000e+00   9.8571429e-03
   1.1470000e+03   1.0000000e+00   9.5142857e-03
   1.1480000e+03   1.0000000e+00   9.5142857e-03
   1.1490000e+03   1.0000000e+00   9.5142857e-03
   1.1500000e+03   1.0000000e+00   9.5142857e-03
   1.1510000e+03   1.0000000e+00   9.5142857e-03
   1.1520000e+03   1.0000000e+00   9.5142857e-03
   1.1530000e+03   1.0000000e+00   9.5142857e-03
   1.1540000e+03   1.0000000e+00   9.5142857e-03
   1.1550000e+03   1.0000000e+00   9.5142857e-03
   1.1560000e+03   1.0000000e+00   9.5142857e-03
   1.1570000e+03   1.0000000e+00   9.5142857e-03
   1.1580000e+03   1.0000000e+00   9.5142857e-03
   1.1590000e+03   1.0000000e+00   9.5142857e-03
   1.1600000e+03   1.0000000e+00   9.5142857e-03
   1.1610000e+03   1.0000000e+00   9.5142857e-03
   1.1620000e+03   1.0000000e+00   9.5142857e-03
   1.1630000e+03   1.0000000e+00   9.5142857e-03
   1.1640000e+03   1.0000000e+00   9.5142857e-03
   1.1650000e+03   1.0000000e+00   9.5142857e-03
   1.1660000e+03   1.0000000e+00   9.5142857e-03
   1.1670000e+03   1.0000000e+00   9.5142857e-03
   1.1680000e+03   1.0000000e+00   9.5142857e-03
   1.1690000e+03   1.0000000e+00   9.5142857e-03
   1.1700000e+03   1.0000000e+00   9.5142857e-03
   1.1710000e+03   1.0000000e+00   9.5142857e-03
   1.1720000e+03   1.0000000e+00   9.5142857e-03
   1.1730000e+03   1.0000000e+00   9.5142857e-03
   1.1740000e+03   1.0000000e+00   9.5142857e-03
   1.1750000e+03   1.0000000e+00   9.5142857e-03
   1.1760000e+03   1.0000000e+00   9.5142857e-03
   1.1770000e+03   1.0000000e+00   9.5142857e-03
   1.1780000e+03   1.0000000e+00   9.5142857e-03
   1.1790000e+03   1.0000000e+00   9.5142857e-03
   1.1800000e+03   1.0000000e+00   9.5142857e-03
   1.1810000e+03   1.0000000e+00   9.5142857e-03
   1.1820000e+03   1.0000000e+00   9.5142857e-03
   1.1830000e+03   1.0000000e+00   9.5142857e-03
   1.1840000e+03   1.0000000e+00   9.5142857e-03
   1.1850000e+03   1.0000000e+00   9.5142857e-03
   1.1860000e+03   1.0000000e+00   9.5142857e-03
   1.1870000e+03   1.0000000e+00   9.5142857e-03
   1.1880000e+03   1.0000000e+00   9.5142857e-03
   1.1890000e+03   1.0000000e+00   9.5142857e-03
   1.1900000e+03   1.0000000e+00   9.5142857e-03
   1.1910000e+03   1.0000000e+00   9.5142857e-03
   1.1920000e+03   1.0000000e+00   9.5142857e-03
   1.1930000e+03   1.0000000e+00   9.5142857e-03
   1.1940000e+03   1.0000000e+00   9.5142857e-03
   1.1950000e+03   1.0000000e+00   9.5142857e-03
   1.1960000e+03   1.0000000e+00   9.5142857e-03
   1.1970000e+03   1.0000000e+00   9.5142857e-03
   1.1980000e+03   1.0000000e+00   9.5142857e-03
   1.1990000e+03   1.0000000e+00   9.5142857e-03
   1.2000000e+03   1.0000000e+00   9.5142857e-03
   1.2010000e+03   1.0000000e+00   9.5142857e-03
   1.2020000e+03   1.0000000e+00   9.5142857e-03
   1.2030000e+03   1.0000000e+00   9.5142857e-03
   1.2040000e+03   1.0000000e+00   9.5142857e-03
   1.2050000e+03   1.0000000e+00   9.5142857e-03
   1.2060000e+03   1.0000000e+00   9.5142857e-03
   1.2070000e+03   1.0000000e+00   9.5142857e-03
   1.2080000e+03   1.0000000e+00   9.5142857e-03
   1.2090000e+03   1.0000000e+00   9.5142857e-03
   1.2100000e+03   1.0000000e+00   9.5142857e-03
   1.2110000e+03   1.0000000e+00   9.5142857e-03
   1.2120000e+03   1.0000000e+00   9.5142857e-03
   1.2130000e+03   1.0000000e+00   9.5142857e-03
   1.2140000e+03   1.0000000e+00   9.5142857e-03
   1.2150000e+03   1.0000000e+00   9.5142857e-03
   1.2160000e+03   1.0000000e+00   9.5142857e-03
   1.2170000e+03   1.0000000e+00   9.5142857e-03
   1.2180000e+03   1.0000000e+00   9.5142857e-03
   1.2190000e+03   1.0000000e+00   9.5142857e-03
   1.2200000e+03   1.0000000e+00   9.5142857e-03
   1.2210000e+03   1.0000000e+00   9.5142857e-03
   1.2220000e+03   1.0000000e+00   9.5142857e-03
   1.2230000e+03   1.0000000e+00   9.5142857e-03
   1.2240000e+03   1.0000000e+00   9.5142857e-03
   1.2250000e+03   1.0000000e+00   9.5142857e-03
   1.2260000e+03   1.0000000e+00   9.5142857e-03
   1.2270000e+03   1.0000000e+00   9.5142857e-03
   1.2280000e+03   1.0000000e+00   9.5142857e-03
   1.2290000e+03   1.0000000e+00   9.5142857e-03
   1.2300000e+03   1.0000000e+00   9.5142857e-03
   1.2310000e+03   1.0000000e+00   9.5142857e-03
   1.2320000e+03   1.0000000e+00   9.5142857e-03
   1.2330000e+03   1.0000000e+00   9.5142857e-03
   1.2340000e+03   1.0000000e+00   9.5142857e-03
   1.2350000e+03   1.0000000e+00   9.5142857e-03
   1.2360000e+03   1.0000000e+00   9.5142857e-03
   1.2370000e+03   1.0000000e+00   9.5142857e-03
   1.2380000e+03   1.0000000e+00   9.5142857e-03
   1.2390000e+03   1.0000000e+00   9.5142857e-03
   1.2400000e+03   1.0000000e+00   9.5142857e-03
   1.2410000e+03   1.0000000e+00   9.5142857e-03
   1.2420000e+03   1.0000000e+00   9.5142857e-03
   1.2430000e+03   1.0000000e+00   9.5142857e-03
   1.2440000e+03   1.0000000e+00   9.5142857e-03
   1.2450000e+03   1.0000000e+00   9.4285714e-03
   1.2460000e+03   1.0000000e+00   9.3428571e-03
   1.2470000e+03   1.0000000e+00   9.2571429e-03
   1.2480000e+03   1.0000000e+00   9.1714286e-03
   1.2490000e+03   1.0000000e+00   9.0857143e-03
   1.2500000e+03   1.0000000e+00   9.0000000e-03
   1.2510000e+03   1.0000000e+00   8.9142857e-03
   1.2520000e+03   1.0000000e+00   8.8285714e-03
   1.2530000e+03   1.0000000e+00   8.7428571e-03
   1.2540000e+03   1.0000000e+00   8.6571429e-03
   1.2550000e+03   1.0000000e+00   8.5714286e-03
   1.2560000e+03   1.0000000e+00   8.4857143e-03
   1.2570000e+03   1.0000000e+00   8.4000000e-03
   1.2580000e+03   1.0000000e+00   8.3142857e-03
   1.2590000e+03   1.0000000e+00   8.2285714e-03
   1.2600000e+03   1.0000000e+00   8.1428571e-03
   1.2610000e+03   1.0000000e+00   8.0571429e-03
   1.2620000e+03   1.0000000e+00   7.9714286e-03
   1.2630000e+03   1.0000000e+00   7.8857143e-03
   1.2640000e+03   1.0000000e+00   7.8000000e-03
   1.2650000e+03   1.0000000e+00   7.7142857e-03
   1.2660000e+03   1.0000000e+00   7.6285714e-03
   1.2670000e+03   1.0000000e+00   7.5428571e-03
   1.2680000e+03   1.0000000e+00   7.4571429e-03
   1.2690000e+03   1.0000000e+00   7.3714286e-03
   1.2700000e+03   1.0000000e+00   7.2857143e-03
   1.2710000e+03   1.0000000e+00   7.2000000e-03
   1.2720000e+03   1.0000000e+00   7.2000000e-03
   1.2730000e+03   1.0000000e+00   7.2000000e-03
   1.2740000e+03   1.0000000e+00   7.2000000e-03
   1.2750000e+03   1.0000000e+00   7.2000000e-03
   1.2760000e+03   1.0000000e+00   7.2000000e-03
   1.2770000e+03   1.0000000e+00   7.2000000e-03
   1.2780000e+03   1.0000000e+00   7.2000000e-03
   1.2790000e+03   1.0000000e+00   7.2000000e-03
   1.2800000e+03   1.0000000e+00   7.2000000e-03
   1.2810000e+03   1.0000000e+00   7.2000000e-03
   1.2820000e+03   1.0000000e+00   7.2000000e-03
   1.2830000e+03   1.0000000e+00   7.2000000e-03
   1.2840000e+03   1.0000000e+00   7.2000000e-03
   1.2850000e+03   1.0000000e+00   7.2000000e-03
   1.2860000e+03   1.0000000e+00   7.2000000e-03
   1.2870000e+03   1.0000000e+00   7.2000000e-03
   1.2880000e+03   1.0000000e+00   7.2000000e-03
   1.2890000e+03   1.0000000e+00   7.2000000e-03
   1.2900000e+03   1.0000000e+00   7.2000000e-03
   1.2910000e+03   1.0000000e+00   7.2000000e-03
   1.2920000e+03   1.0000000e+00   7.2000000e-03
   1.2930000e+03   1.0000000e+00   7.2000000e-03
   1.2940000e+03   1.0000000e+00   7.2000000e-03
   1.2950000e+03   1.0000000e+00   2.6142857e-02
   1.2960000e+03   1.0000000e+00   1.3585714e-01
   1.2970000e+03   1.0000000e+00   1.5060000e-01
   1.2980000e+03   1.0000000e+00   1.0448571e-01
   1.2990000e+03   1.0000000e+00   1.9148571e-01
   1.3000000e+03   1.0000000e+00   1.5171429e-01
   1.3010000e+03   1.0000000e+00   1.3174286e-01
   1.3020000e+03   1.0000000e+00   1.1837143e-01
   1.3030000e+03   1.0000000e+00   8.6400000e-02
   1.3040000e+03   1.0000000e+00   7.5257143e-02
   1.3050000e+03   1.0000000e+00   6.5057143e-02
   1.3060000e+03   1.0000000e+00   6.6257143e-02
   1.3070000e+03   1.0000000e+00   5.8371429e-02
   1.3080000e+03   1.0000000e+00   4.9800000e-02
   1.3090000e+03   1.0000000e+00   5.2628571e-02
   1.3100000e+03   1.0000000e+00   1.2248571e-01
   1.3110000e+03   1.0000000e+00   1.4982857e-01
   1.3120000e+03   1.0000000e+00   1.3705714e-01
   1.3130000e+03   1.0000000e+00   1.1974286e-01
   1.3140000e+03   1.0000000e+00   1.3508571e-01
   1.3150000e+03   1.0000000e+00   1.5231429e-01
   1.3160000e+03   1.0000000e+00   1.5917143e-01
   1.3170000e+03   1.0000000e+00   1.4605714e-01
   1.3180000e+03   1.0000000e+00   1.2514286e-01
   1.3190000e+03   1.0000000e+00   1.4682857e-01
   1.3200000e+03   1.0000000e+00   1.6088571e-01
   1.3210000e+03   1.0000000e+00   3.8014286e-01
   1.3220000e+03   1.0000000e+00   5.1265714e-01
   1.3230000e+03   1.0000000e+00   8.3477143e-01
   1.3240000e+03   1.0000000e+00   1.5945429e+00
   1.3250000e+03   1.0000000e+00   2.0904000e+00
   1.3260000e+03   1.0000000e+00   1.8754286e+00
   1.3270000e+03   1.0000000e+00   1.2462000e+00
   1.3280000e+03   1.0000000e+00   1.3228286e+00
   1.3290000e+03   1.0000000e+00   1.8192857e+00
   1.3300000e+03   1.0000000e+00   1.8531429e+00
   1.3310000e+03   1.0000000e+00   1.7996571e+00
   1.3320000e+03   1.0000000e+00   1.2238286e+00
   1.3330000e+03   1.0000000e+00   7.5840000e-01
   1.3340000e+03   1.0000000e+00   9.8614286e-01
   1.3350000e+03   1.0000000e+00   1.3902857e+00
   1.3360000e+03   1.0000000e+00   1.1483143e+00
   1.3370000e+03   1.0000000e+00   6.0334286e-01
   1.3380000e+03   1.0000000e+00   5.5148571e-01
   1.3390000e+03   1.0000000e+00   7.5017143e-01
   1.3400000e+03   1.0000000e+00   8.8637143e-01
   1.3410000e+03   1.0000000e+00   1.0141714e+00
   1.3420000e+03   1.0000000e+00   1.1571429e+00
   1.3430000e+03   1.0000000e+00   1.1300571e+00
   1.3440000e+03   1.0000000e+00   9.2520000e-01
   1.3450000e+03   1.0000000e+00   9.6334286e-01
   1.3460000e+03   1.0000000e+00   1.5017143e+00
   1.3470000e+03   1.0000000e+00   9.5057143e-01
   1.3480000e+03   1.0000000e+00   8.6117143e-01
   1.3490000e+03   1.0000000e+00   1.0810286e+00
   1.3500000e+03   1.0000000e+00   1.0074000e+00
   1.3510000e+03   1.0000000e+00   7.1014286e-01
   1.3520000e+03   1.0000000e+00   5.9177143e-01
   1.3530000e+03   1.0000000e+00   5.8748571e-01
   1.3540000e+03   1.0000000e+00   8.4574286e-01
   1.3550000e+03   1.0000000e+00   1.3152000e+00
   1.3560000e+03   1.0000000e+00   7.9200000e-01
   1.3570000e+03   1.0000000e+00   6.7525714e-01
   1.3580000e+03   1.0000000e+00   5.5251429e-01
   1.3590000e+03   1.0000000e+00   4.7520000e-01
   1.3600000e+03   1.0000000e+00   4.3868571e-01
   1.3610000e+03   1.0000000e+00   4.6500000e-01
   1.3620000e+03   1.0000000e+00   6.0411429e-01
   1.3630000e+03   1.0000000e+00   5.8028571e-01
   1.3640000e+03   1.0000000e+00   5.3717143e-01
   1.3650000e+03   1.0000000e+00   5.1214286e-01
   1.3660000e+03   1.0000000e+00   5.1531429e-01
   1.3670000e+03   1.0000000e+00   4.8402857e-01
   1.3680000e+03   1.0000000e+00   5.2774286e-01
   1.3690000e+03   1.0000000e+00   8.2594286e-01
   1.3700000e+03   1.0000000e+00   9.0334286e-01
   1.3710000e+03   1.0000000e+00   6.9060000e-01
   1.3720000e+03   1.0000000e+00   7.7614286e-01
   1.3730000e+03   1.0000000e+00   9.9960000e-01
   1.3740000e+03   1.0000000e+00   9.6351429e-01
   1.3750000e+03   1.0000000e+00   7.8574286e-01
   1.3760000e+03   1.0000000e+00   7.3320000e-01
   1.3770000e+03   1.0000000e+00   7.6680000e-01
   1.3780000e+03   1.0000000e+00   7.5128571e-01
   1.3790000e+03   1.0000000e+00   7.7802857e-01
   1.3800000e+03   1.0000000e+00   8.0802857e-01
   1.3810000e+03   1.0000000e+00   7.3354286e-01
   1.3820000e+03   1.0000000e+00   6.0822857e-01
   1.3830000e+03   1.0000000e+00   5.3417143e-01
   1.3840000e+03   1.0000000e+00   4.7005714e-01
   1.3850000e+03   1.0000000e+00   4.7991429e-01
   1.3860000e+03   1.0000000e+00   5.0082857e-01
   1.3870000e+03   1.0000000e+00   4.5205714e-01
   1.3880000e+03   1.0000000e+00   4.2788571e-01
   1.3890000e+03   1.0000000e+00   3.6308571e-01
   1.3900000e+03   1.0000000e+00   3.2537143e-01
   1.3910000e+03   1.0000000e+00   8.5560000e-01
   1.3920000e+03   1.0000000e+00   8.6425714e-01
   1.3930000e+03   1.0000000e+00   8.0074286e-01
   1.3940000e+03   1.0000000e+00   1.0096286e+00
   1.3950000e+03   1.0000000e+00   1.2918857e+00
   1.3960000e+03   1.0000000e+00   1.3431429e+00
   1.3970000e+03   1.0000000e+00   1.4187429e+00
   1.3980000e+03   1.0000000e+00   1.2906000e+00
   1.3990000e+03   1.0000000e+00   1.4052857e+00
   1.4000000e+03   1.0000000e+00   1.2908571e+00
   1.4010000e+03   1.0000000e+00   1.1407714e+00
   1.4020000e+03   1.0000000e+00   9.6325714e-01
   1.4030000e+03   1.0000000e+00   8.2860000e-01
   1.4040000e+03   1.0000000e+00   1.2473143e+00
   1.4050000e+03   1.0000000e+00   1.3877143e+00
   1.4060000e+03   1.0000000e+00   1.5109714e+00
   1.4070000e+03   1.0000000e+00   1.9594286e+00
   1.4080000e+03   1.0000000e+00   1.9053429e+00
   1.4090000e+03   1.0000000e+00   1.8214286e+00
   1.4100000e+03   1.0000000e+00   1.8610286e+00
   1.4110000e+03   1.0000000e+00   2.0093143e+00
   1.4120000e+03   1.0000000e+00   1.8842571e+00
   1.4130000e+03   1.0000000e+00   1.6170000e+00
   1.4140000e+03   1.0000000e+00   1.3773429e+00
   1.4150000e+03   1.0000000e+00   1.1895429e+00
   1.4160000e+03   1.0000000e+00   1.0858286e+00
   1.4170000e+03   1.0000000e+00   1.0093714e+00
   1.4180000e+03   1.0000000e+00   9.4234286e-01
   1.4190000e+03   1.0000000e+00   8.3708571e-01
   1.4200000e+03   1.0000000e+00   7.4477143e-01
   1.4210000e+03   1.0000000e+00   6.7217143e-01
   1.4220000e+03   1.0000000e+00   6.3120000e-01
   1.4230000e+03   1.0000000e+00   5.7865714e-01
   1.4240000e+03   1.0000000e+00   5.1857143e-01
   1.4250000e+03   1.0000000e+00   4.7417143e-01
   1.4260000e+03   1.0000000e+00   4.1682857e-01
   1.4270000e+03   1.0000000e+00   3.6454286e-01
   1.4280000e+03   1.0000000e+00   3.2691429e-01
   1.4290000e+03   1.0000000e+00   2.9648571e-01
   1.4300000e+03   1.0000000e+00   2.7205714e-01
   1.4310000e+03   1.0000000e+00   2.4848571e-01
   1.4320000e+03   1.0000000e+00   2.2860000e-01
   1.4330000e+03   1.0000000e+00   2.0965714e-01
   1.4340000e+03   1.0000000e+00   1.9251429e-01
   1.4350000e+03   1.0000000e+00   1.7794286e-01
   1.4360000e+03   1.0000000e+00   1.6534286e-01
   1.4370000e+03   1.0000000e+00   1.5162857e-01
   1.4380000e+03   1.0000000e+00   1.3928571e-01
   1.4390000e+03   1.0000000e+00   1.2805714e-01
   1.4400000e+03   1.0000000e+00   1.1691429e-01
   1.4410000e+03   1.0000000e+00   1.0671429e-01
   1.4420000e+03   1.0000000e+00   9.7371429e-02
   1.4430000e+03   1.0000000e+00   8.9742857e-02
   1.4440000e+03   1.0000000e+00   8.2800000e-02
   1.4450000e+03   1.0000000e+00   7.6457143e-02
   1.4460000e+03   1.0000000e+00   7.0714286e-02
   1.4470000e+03   1.0000000e+00   6.6000000e-02
   1.4480000e+03   1.0000000e+00   6.3514286e-02
   1.4490000e+03   1.0000000e+00   6.2142857e-02
   1.4500000e+03   1.0000000e+00   6.0685714e-02
   1.4510000e+03   1.0000000e+00   5.9228571e-02
   1.4520000e+03   1.0000000e+00   5.7857143e-02
   1.4530000e+03   1.0000000e+00   5.6400000e-02
   1.4540000e+03   1.0000000e+00   5.4942857e-02
   1.4550000e+03   1.0000000e+00   5.3571429e-02
   1.4560000e+03   1.0000000e+00   5.2114286e-02
   1.4570000e+03   1.0000000e+00   5.0657143e-02
   1.4580000e+03   1.0000000e+00   4.9285714e-02
   1.4590000e+03   1.0000000e+00   4.7828571e-02
   1.4600000e+03   1.0000000e+00   4.6371429e-02
   1.4610000e+03   1.0000000e+00   4.5000000e-02
   1.4620000e+03   1.0000000e+00   4.3542857e-02
   1.4630000e+03   1.0000000e+00   4.2085714e-02
   1.4640000e+03   1.0000000e+00   4.0714286e-02
   1.4650000e+03   1.0000000e+00   3.9257143e-02
   1.4660000e+03   1.0000000e+00   3.7800000e-02
   1.4670000e+03   1.0000000e+00   3.6428571e-02
   1.4680000e+03   1.0000000e+00   3.4971429e-02
   1.4690000e+03   1.0000000e+00   3.3514286e-02
   1.4700000e+03   1.0000000e+00   3.2142857e-02
   1.4710000e+03   1.0000000e+00   3.0685714e-02
   1.4720000e+03   1.0000000e+00   2.9228571e-02
   1.4730000e+03   1.0000000e+00   2.7857143e-02
   1.4740000e+03   1.0000000e+00   2.6400000e-02
   1.4750000e+03   1.0000000e+00   2.4942857e-02
   1.4760000e+03   1.0000000e+00   2.3571429e-02
   1.4770000e+03   1.0000000e+00   2.2114286e-02
   1.4780000e+03   1.0000000e+00   2.0657143e-02
   1.4790000e+03   1.0000000e+00   1.9285714e-02
   1.4800000e+03   1.0000000e+00   1.7828571e-02
   1.4810000e+03   1.0000000e+00   1.6371429e-02
   1.4820000e+03   1.0000000e+00   1.5000000e-02
   1.4830000e+03   1.0000000e+00   1.3542857e-02
   1.4840000e+03   1.0000000e+00   1.2085714e-02
   1.4850000e+03   1.0000000e+00   1.0714286e-02
   1.4860000e+03   1.0000000e+00   9.2571429e-03
   1.4870000e+03   1.0000000e+00   7.8857143e-03
   1.4880000e+03   1.0000000e+00   6.4285714e-03
   1.4890000e+03   1.0000000e+00   4.9714286e-03
   1.4900000e+03   1.0000000e+00   3.6000000e-03
   1.4910000e+03   1.0000000e+00   2.1428571e-03
   1.4920000e+03   1.0000000e+00   6.8571429e-04
   1.4930000e+03   1.0000000e+00   0.0000000e+00
   1.4940000e+03   1.0000000e+00   0.0000000e+00
   1.4950000e+03   1.0000000e+00   0.0000000e+00
   1.4960000e+03   1.0000000e+00   0.0000000e+00
   1.4970000e+03   1.0000000e+00   0.0000000e+00
   1.4980000e+03   1.0000000e+00   0.0000000e+00
   1.4990000e+03   1.0000000e+00   0.0000000e+00
   1.5000000e+03   1.0000000e+00   0.0000000e+00
   1.5010000e+03   1.0000000e+00   0.0000000e+00
   1.5020000e+03   1.0000000e+00   0.0000000e+00
   1.5030000e+03   1.0000000e+00   0.0000000e+00
   1.5040000e+03   1.0000000e+00   0.0000000e+00
   1.5050000e+03   1.0000000e+00   0.0000000e+00
   1.5060000e+03   1.0000000e+00   0.0000000e+00
   1.5070000e+03   1.0000000e+00   0.0000000e+00
   1.5080000e+03   1.0000000e+00   0.0000000e+00
   1.5090000e+03   1.0000000e+00   0.0000000e+00
   1.5100000e+03   1.0000000e+00   0.0000000e+00
   1.5110000e+03   1.0000000e+00   0.0000000e+00
   1.5120000e+03   1.0000000e+00   0.0000000e+00
   1.5130000e+03   1.0000000e+00   0.0000000e+00
   1.5140000e+03   1.0000000e+00   0.0000000e+00
   1.5150000e+03   1.0000000e+00   0.0000000e+00
   1.5160000e+03   1.0000000e+00   0.0000000e+00
   1.5170000e+03   1.0000000e+00   0.0000000e+00
   1.5180000e+03   1.0000000e+00   0.0000000e+00
   1.5190000e+03   1.0000000e+00   0.0000000e+00
   1.5200000e+03   1.0000000e+00   0.0000000e+00
   1.5210000e+03   1.0000000e+00   0.0000000e+00
   1.5220000e+03   1.0000000e+00   0.0000000e+00
   1.5230000e+03   1.0000000e+00   0.0000000e+00
   1.5240000e+03   1.0000000e+00   0.0000000e+00
   1.5250000e+03   1.0000000e+00   0.0000000e+00
   1.5260000e+03   1.0000000e+00   0.0000000e+00
   1.5270000e+03   1.0000000e+00   0.0000000e+00
   1.5280000e+03   1.0000000e+00   0.0000000e+00
   1.5290000e+03   1.0000000e+00   0.0000000e+00
   1.5300000e+03   1.0000000e+00   0.0000000e+00
   1.5310000e+03   1.0000000e+00   0.0000000e+00
   1.5320000e+03   1.0000000e+00   0.0000000e+00
   1.5330000e+03   1.0000000e+00   0.0000000e+00
   1.5340000e+03   1.0000000e+00   0.0000000e+00
   1.5350000e+03   1.0000000e+00   0.0000000e+00
   1.5360000e+03   1.0000000e+00   0.0000000e+00
   1.5370000e+03   1.0000000e+00   0.0000000e+00
   1.5380000e+03   1.0000000e+00   0.0000000e+00
   1.5390000e+03   1.0000000e+00   0.0000000e+00
   1.5400000e+03   1.0000000e+00   0.0000000e+00
   1.5410000e+03   1.0000000e+00   0.0000000e+00
   1.5420000e+03   1.0000000e+00   0.0000000e+00
   1.5430000e+03   1.0000000e+00   0.0000000e+00
   1.5440000e+03   1.0000000e+00   0.0000000e+00
   1.5450000e+03   1.0000000e+00   0.0000000e+00
   1.5460000e+03   1.0000000e+00   0.0000000e+00
   1.5470000e+03   1.0000000e+00   0.0000000e+00
   1.5480000e+03   1.0000000e+00   0.0000000e+00
   1.5490000e+03   1.0000000e+00   0.0000000e+00
   1.5500000e+03   1.0000000e+00   0.0000000e+00
   1.5510000e+03   1.0000000e+00   0.0000000e+00
   1.5520000e+03   1.0000000e+00   0.0000000e+00
   1.5530000e+03   1.0000000e+00   0.0000000e+00
   1.5540000e+03   1.0000000e+00   0.0000000e+00
   1.5550000e+03   1.0000000e+00   0.0000000e+00
   1.5560000e+03   1.0000000e+00   0.0000000e+00
   1.5570000e+03   1.0000000e+00   0.0000000e+00
   1.5580000e+03   1.0000000e+00   0.0000000e+00
   1.5590000e+03   1.0000000e+00   0.0000000e+00
   1.5600000e+03   1.0000000e+00   0.0000000e+00
   1.5610000e+03   1.0000000e+00   0.0000000e+00
   1.5620000e+03   1.0000000e+00   0.0000000e+00
   1.5630000e+03   1.0000000e+00   0.0000000e+00
   1.5640000e+03   1.0000000e+00   0.0000000e+00
   1.5650000e+03   1.0000000e+00   0.0000000e+00
   1.5660000e+03   1.0000000e+00   0.0000000e+00
   1.5670000e+03   1.0000000e+00   0.0000000e+00
   1.5680000e+03   1.0000000e+00   0.0000000e+00
   1.5690000e+03   1.0000000e+00   0.0000000e+00
   1.5700000e+03   1.0000000e+00   0.0000000e+00
   1.5710000e+03   1.0000000e+00   0.0000000e+00
   1.5720000e+03   1.0000000e+00   0.0000000e+00
   1.5730000e+03   1.0000000e+00   0.0000000e+00
   1.5740000e+03   1.0000000e+00   0.0000000e+00
   1.5750000e+03   1.0000000e+00   0.0000000e+00
   1.5760000e+03   1.0000000e+00   0.0000000e+00
   1.5770000e+03   1.0000000e+00   0.0000000e+00
   1.5780000e+03   1.0000000e+00   0.0000000e+00
   1.5790000e+03   1.0000000e+00   0.0000000e+00
   1.5800000e+03   1.0000000e+00   0.0000000e+00
   1.5810000e+03   1.0000000e+00   0.0000000e+00
   1.5820000e+03   1.0000000e+00   0.0000000e+00
   1.5830000e+03   1.0000000e+00   0.0000000e+00
   1.5840000e+03   1.0000000e+00   0.0000000e+00
   1.5850000e+03   1.0000000e+00   0.0000000e+00
   1.5860000e+03   1.0000000e+00   0.0000000e+00
   1.5870000e+03   1.0000000e+00   0.0000000e+00
   1.5880000e+03   1.0000000e+00   0.0000000e+00
   1.5890000e+03   1.0000000e+00   0.0000000e+00
   1.5900000e+03   1.0000000e+00   0.0000000e+00
   1.5910000e+03   1.0000000e+00   0.0000000e+00
   1.5920000e+03   1.0000000e+00   0.0000000e+00
   1.5930000e+03   1.0000000e+00   0.0000000e+00
   1.5940000e+03   1.0000000e+00   0.0000000e+00
   1.5950000e+03   1.0000000e+00   0.0000000e+00
   1.5960000e+03   1.0000000e+00   0.0000000e+00
   1.5970000e+03   1.0000000e+00   0.0000000e+00
   1.5980000e+03   1.0000000e+00   0.0000000e+00
   1.5990000e+03   1.0000000e+00   0.0000000e+00
   1.6000000e+03   1.0000000e+00   0.0000000e+00
   1.6010000e+03   1.0000000e+00   0.0000000e+00
   1.6020000e+03   1.0000000e+00   0.0000000e+00
   1.6030000e+03   1.0000000e+00   0.0000000e+00
   1.6040000e+03   1.0000000e+00   0.0000000e+00
   1.6050000e+03   1.0000000e+00   0.0000000e+00
   1.6060000e+03   1.0000000e+00   0.0000000e+00
   1.6070000e+03   1.0000000e+00   0.0000000e+00
   1.6080000e+03   1.0000000e+00   0.0000000e+00
   1.6090000e+03   1.0000000e+00   0.0000000e+00
   1.6100000e+03   1.0000000e+00   0.0000000e+00
   1.6110000e+03   1.0000000e+00   0.0000000e+00
   1.6120000e+03   1.0000000e+00   0.0000000e+00
   1.6130000e+03   1.0000000e+00   0.0000000e+00
   1.6140000e+03   1.0000000e+00   0.0000000e+00
   1.6150000e+03   1.0000000e+00   0.0000000e+00
   1.6160000e+03   1.0000000e+00   0.0000000e+00
   1.6170000e+03   1.0000000e+00   0.0000000e+00
   1.6180000e+03   1.0000000e+00   0.0000000e+00
   1.6190000e+03   1.0000000e+00   0.0000000e+00
   1.6200000e+03   1.0000000e+00   0.0000000e+00
   1.6210000e+03   1.0000000e+00   7.1142857e-03
   1.6220000e+03   1.0000000e+00   1.0200000e-02
   1.6230000e+03   1.0000000e+00   5.1428571e-03
   1.6240000e+03   1.0000000e+00   0.0000000e+00
   1.6250000e+03   1.0000000e+00   0.0000000e+00
   1.6260000e+03   1.0000000e+00   0.0000000e+00
   1.6270000e+03   1.0000000e+00   0.0000000e+00
   1.6280000e+03   1.0000000e+00   0.0000000e+00
   1.6290000e+03   1.0000000e+00   0.0000000e+00
   1.6300000e+03   1.0000000e+00   5.9142857e-03
   1.6310000e+03   1.0000000e+00   7.0285714e-03
   1.6320000e+03   1.0000000e+00   8.0571429e-03
   1.6330000e+03   1.0000000e+00   7.2000000e-03
   1.6340000e+03   1.0000000e+00   8.4857143e-03
   1.6350000e+03   1.0000000e+00   1.1571429e-02
   1.6360000e+03   1.0000000e+00   1.0542857e-02
   1.6370000e+03   1.0000000e+00   9.4285714e-03
   1.6380000e+03   1.0000000e+00   8.6571429e-03
   1.6390000e+03   1.0000000e+00   7.8857143e-03
   1.6400000e+03   1.0000000e+00   7.2000000e-03
   1.6410000e+03   1.0000000e+00   1.1657143e-02
   1.6420000e+03   1.0000000e+00   2.3142857e-02
   1.6430000e+03   1.0000000e+00   2.1685714e-02
   1.6440000e+03   1.0000000e+00   2.0400000e-02
   1.6450000e+03   1.0000000e+00   1.9114286e-02
   1.6460000e+03   1.0000000e+00   2.1600000e-02
   1.6470000e+03   1.0000000e+00   2.1085714e-02
   1.6480000e+03   1.0000000e+00   2.1685714e-02
   1.6490000e+03   1.0000000e+00   2.0828571e-02
   1.6500000e+03   1.0000000e+00   1.9542857e-02
   1.6510000e+03   1.0000000e+00   1.9371429e-02
   1.6520000e+03   1.0000000e+00   1.9628571e-02
   1.6530000e+03   1.0000000e+00   1.9371429e-02
   1.6540000e+03   1.0000000e+00   1.8857143e-02
   1.6550000e+03   1.0000000e+00   1.8171429e-02
   1.6560000e+03   1.0000000e+00   1.6628571e-02
   1.6570000e+03   1.0000000e+00   1.7914286e-02
   1.6580000e+03   1.0000000e+00   1.8514286e-02
   1.6590000e+03   1.0000000e+00   1.8257143e-02
   1.6600000e+03   1.0000000e+00   2.0142857e-02
   1.6610000e+03   1.0000000e+00   2.2714286e-02
   1.6620000e+03   1.0000000e+00   2.4428571e-02
   1.6630000e+03   1.0000000e+00   2.4000000e-02
   1.6640000e+03   1.0000000e+00   2.3314286e-02
   1.6650000e+03   1.0000000e+00   2.2628571e-02
   1.6660000e+03   1.0000000e+00   2.1685714e-02
   1.6670000e+03   1.0000000e+00   2.0742857e-02
   1.6680000e+03   1.0000000e+00   2.6400000e-02
   1.6690000e+03   1.0000000e+00   2.9228571e-02
   1.6700000e+03   1.0000000e+00   2.8371429e-02
   1.6710000e+03   1.0000000e+00   2.6742857e-02
   1.6720000e+03   1.0000000e+00   2.5457143e-02
   1.6730000e+03   1.0000000e+00   2.3571429e-02
   1.6740000e+03   1.0000000e+00   2.2200000e-02
   1.6750000e+03   1.0000000e+00   2.0914286e-02
   1.6760000e+03   1.0000000e+00   1.9800000e-02
   1.6770000e+03   1.0000000e+00   1.9285714e-02
   1.6780000e+03   1.0000000e+00   1.8600000e-02
   1.6790000e+03   1.0000000e+00   1.8085714e-02
   1.6800000e+03   1.0000000e+00   1.7571429e-02
   1.6810000e+03   1.0000000e+00   1.6714286e-02
   1.6820000e+03   1.0000000e+00   1.5857143e-02
   1.6830000e+03   1.0000000e+00   1.5685714e-02
   1.6840000e+03   1.0000000e+00   1.5257143e-02
   1.6850000e+03   1.0000000e+00   1.4742857e-02
   1.6860000e+03   1.0000000e+00   1.4228571e-02
   1.6870000e+03   1.0000000e+00   1.3714286e-02
   1.6880000e+03   1.0000000e+00   1.3628571e-02
   1.6890000e+03   1.0000000e+00   1.3200000e-02
   1.6900000e+03   1.0000000e+00   1.3114286e-02
   1.6910000e+03   1.0000000e+00   1.3371429e-02
   1.6920000e+03   1.0000000e+00   1.4828571e-02
   1.6930000e+03   1.0000000e+00   1.6028571e-02
   1.6940000e+03   1.0000000e+00   1.6714286e-02
   1.6950000e+03   1.0000000e+00   1.7314286e-02
   1.6960000e+03   1.0000000e+00   1.7485714e-02
   1.6970000e+03   1.0000000e+00   1.7485714e-02
   1.6980000e+03   1.0000000e+00   3.0514286e-02
   1.6990000e+03   1.0000000e+00   1.4348571e-01
   1.7000000e+03   1.0000000e+00   1.2882857e-01
   1.7010000e+03   1.0000000e+00   1.4022857e-01
   1.7020000e+03   1.0000000e+00   1.3148571e-01
   1.7030000e+03   1.0000000e+00   1.0277143e-01
   1.7040000e+03   1.0000000e+00   8.4428571e-02
   1.7050000e+03   1.0000000e+00   8.9742857e-02
   1.7060000e+03   1.0000000e+00   9.3942857e-02
   1.7070000e+03   1.0000000e+00   1.6362857e-01
   1.7080000e+03   1.0000000e+00   1.6457143e-01
   1.7090000e+03   1.0000000e+00   1.9671429e-01
   1.7100000e+03   1.0000000e+00   1.4451429e-01
   1.7110000e+03   1.0000000e+00   1.5094286e-01
   1.7120000e+03   1.0000000e+00   2.0785714e-01
   1.7130000e+03   1.0000000e+00   1.4725714e-01
   1.7140000e+03   1.0000000e+00   1.1760000e-01
   1.7150000e+03   1.0000000e+00   1.0980000e-01
   1.7160000e+03   1.0000000e+00   1.3765714e-01
   1.7170000e+03   1.0000000e+00   2.6160000e-01
   1.7180000e+03   1.0000000e+00   4.4811429e-01
   1.7190000e+03   1.0000000e+00   3.0977143e-01
   1.7200000e+03   1.0000000e+00   2.0965714e-01
   1.7210000e+03   1.0000000e+00   1.7957143e-01
   1.7220000e+03   1.0000000e+00   2.5782857e-01
   1.7230000e+03   1.0000000e+00   4.0405714e-01
   1.7240000e+03   1.0000000e+00   3.9634286e-01
   1.7250000e+03   1.0000000e+00   3.0480000e-01
   1.7260000e+03   1.0000000e+00   2.1017143e-01
   1.7270000e+03   1.0000000e+00   1.7905714e-01
   1.7280000e+03   1.0000000e+00   6.2142857e-01
   1.7290000e+03   1.0000000e+00   7.3071429e-01
   1.7300000e+03   1.0000000e+00   5.5817143e-01
   1.7310000e+03   1.0000000e+00   4.4665714e-01
   1.7320000e+03   1.0000000e+00   5.8551429e-01
   1.7330000e+03   1.0000000e+00   9.5537143e-01
   1.7340000e+03   1.0000000e+00   9.1191429e-01
   1.7350000e+03   1.0000000e+00   7.5265714e-01
   1.7360000e+03   1.0000000e+00   1.3797429e+00
   1.7370000e+03   1.0000000e+00   1.7207143e+00
   1.7380000e+03   1.0000000e+00   1.9271143e+00
   1.7390000e+03   1.0000000e+00   1.9022571e+00
   1.7400000e+03   1.0000000e+00   1.6068000e+00
   1.7410000e+03   1.0000000e+00   1.4778857e+00
   1.7420000e+03   1.0000000e+00   1.2876000e+00
   1.7430000e+03   1.0000000e+00   1.4561143e+00
   1.7440000e+03   1.0000000e+00   1.2621429e+00
   1.7450000e+03   1.0000000e+00   1.0432286e+00
   1.7460000e+03   1.0000000e+00   1.1575714e+00
   1.7470000e+03   1.0000000e+00   1.3423714e+00
   1.7480000e+03   1.0000000e+00   1.7965714e+00
   1.7490000e+03   1.0000000e+00   2.0081143e+00
   1.7500000e+03   1.0000000e+00   2.1984857e+00
   1.7510000e+03   1.0000000e+00   2.3186571e+00
   1.7520000e+03   1.0000000e+00   2.0861143e+00
   1.7530000e+03   1.0000000e+00   1.7531143e+00
   1.7540000e+03   1.0000000e+00   1.4105143e+00
   1.7550000e+03   1.0000000e+00   1.1499429e+00
   1.7560000e+03   1.0000000e+00   1.2236571e+00
   1.7570000e+03   1.0000000e+00   1.4761714e+00
   1.7580000e+03   1.0000000e+00   1.7492571e+00
   1.7590000e+03   1.0000000e+00   1.6150286e+00
   1.7600000e+03   1.0000000e+00   1.6716000e+00
   1.7610000e+03   1.0000000e+00   1.6855714e+00
   1.7620000e+03   1.0000000e+00   1.4708571e+00
   1.7630000e+03   1.0000000e+00   1.2764571e+00
   1.7640000e+03   1.0000000e+00   1.2762857e+00
   1.7650000e+03   1.0000000e+00   1.2282000e+00
   1.7660000e+03   1.0000000e+00   1.1475429e+00
   1.7670000e+03   1.0000000e+00   1.0938857e+00
   1.7680000e+03   1.0000000e+00   1.0960286e+00
   1.7690000e+03   1.0000000e+00   1.0324286e+00
   1.7700000e+03   1.0000000e+00   9.5057143e-01
   1.7710000e+03   1.0000000e+00   8.2997143e-01
   1.7720000e+03   1.0000000e+00   6.7620000e-01
   1.7730000e+03   1.0000000e+00   1.0922571e+00
   1.7740000e+03   1.0000000e+00   1.6997143e+00
   1.7750000e+03   1.0000000e+00   1.5796286e+00
   1.7760000e+03   1.0000000e+00   1.4721429e+00
   1.7770000e+03   1.0000000e+00   1.1097429e+00
   1.7780000e+03   1.0000000e+00   1.0464000e+00
   1.7790000e+03   1.0000000e+00   1.1070000e+00
   1.7800000e+03   1.0000000e+00   1.1232857e+00
   1.7810000e+03   1.0000000e+00   1.0330286e+00
   1.7820000e+03   1.0000000e+00   8.0914286e-01
   1.7830000e+03   1.0000000e+00   6.7157143e-01
   1.7840000e+03   1.0000000e+00   5.9820000e-01
   1.7850000e+03   1.0000000e+00   5.8851429e-01
   1.7860000e+03   1.0000000e+00   6.1628571e-01
   1.7870000e+03   1.0000000e+00   5.4437143e-01
   1.7880000e+03   1.0000000e+00   4.5900000e-01
   1.7890000e+03   1.0000000e+00   4.0148571e-01
   1.7900000e+03   1.0000000e+00   3.8708571e-01
   1.7910000e+03   1.0000000e+00   4.2591429e-01
   1.7920000e+03   1.0000000e+00   3.8580000e-01
   1.7930000e+03   1.0000000e+00   3.3257143e-01
   1.7940000e+03   1.0000000e+00   2.9614286e-01
   1.7950000e+03   1.0000000e+00   2.6185714e-01
   1.7960000e+03   1.0000000e+00   2.3280000e-01
   1.7970000e+03   1.0000000e+00   2.1308571e-01
   1.7980000e+03   1.0000000e+00   2.0254286e-01
   1.7990000e+03   1.0000000e+00   1.8651429e-01
   1.8000000e+03   1.0000000e+00   1.6765714e-01
   1.8010000e+03   1.0000000e+00   1.5154286e-01
   1.8020000e+03   1.0000000e+00   1.3688571e-01
   1.8030000e+03   1.0000000e+00   1.2471429e-01
   1.8040000e+03   1.0000000e+00   1.1322857e-01
   1.8050000e+03   1.0000000e+00   1.0302857e-01
   1.8060000e+03   1.0000000e+00   9.4285714e-02
   1.8070000e+03   1.0000000e+00   8.6142857e-02
   1.8080000e+03   1.0000000e+00   7.9371429e-02
   1.8090000e+03   1.0000000e+00   7.3800000e-02
   1.8100000e+03   1.0000000e+00   6.7457143e-02
   1.8110000e+03   1.0000000e+00   6.3000000e-02
   1.8120000e+03   1.0000000e+00   5.8800000e-02
   1.8130000e+03   1.0000000e+00   5.5114286e-02
   1.8140000e+03   1.0000000e+00   5.1685714e-02
   1.8150000e+03   1.0000000e+00   4.8257143e-02
   1.8160000e+03   1.0000000e+00   4.6028571e-02
   1.8170000e+03   1.0000000e+00   4.3628571e-02
   1.8180000e+03   1.0000000e+00   4.1228571e-02
   1.8190000e+03   1.0000000e+00   3.9600000e-02
   1.8200000e+03   1.0000000e+00   3.7971429e-02
   1.8210000e+03   1.0000000e+00   3.6171429e-02
   1.8220000e+03   1.0000000e+00   3.4885714e-02
   1.8230000e+03   1.0000000e+00   3.4028571e-02
   1.8240000e+03   1.0000000e+00   3.2571429e-02
   1.8250000e+03   1.0000000e+00   3.1457143e-02
   1.8260000e+03   1.0000000e+00   3.0600000e-02
   1.8270000e+03   1.0000000e+00   2.9828571e-02
   1.8280000e+03   1.0000000e+00   2.8971429e-02
   1.8290000e+03   1.0000000e+00   2.8200000e-02
   1.8300000e+03   1.0000000e+00   2.7428571e-02
   1.8310000e+03   1.0000000e+00   2.6657143e-02
   1.8320000e+03   1.0000000e+00   2.5885714e-02
   1.8330000e+03   1.0000000e+00   2.5114286e-02
   1.8340000e+03   1.0000000e+00   2.4428571e-02
   1.8350000e+03   1.0000000e+00   2.3742857e-02
   1.8360000e+03   1.0000000e+00   2.3228571e-02
   1.8370000e+03   1.0000000e+00   2.3057143e-02
   1.8380000e+03   1.0000000e+00   2.2371429e-02
   1.8390000e+03   1.0000000e+00   2.1857143e-02
   1.8400000e+03   1.0000000e+00   2.1685714e-02
   1.8410000e+03   1.0000000e+00   2.1000000e-02
   1.8420000e+03   1.0000000e+00   2.0314286e-02
   1.8430000e+03   1.0000000e+00   1.9885714e-02
   1.8440000e+03   1.0000000e+00   1.9885714e-02
   1.8450000e+03   1.0000000e+00   1.9885714e-02
   1.8460000e+03   1.0000000e+00   1.9371429e-02
   1.8470000e+03   1.0000000e+00   1.9285714e-02
   1.8480000e+03   1.0000000e+00   1.9285714e-02
   1.8490000e+03   1.0000000e+00   1.9285714e-02
   1.8500000e+03   1.0000000e+00   1.9285714e-02
   1.8510000e+03   1.0000000e+00   1.9285714e-02
   1.8520000e+03   1.0000000e+00   1.9285714e-02
   1.8530000e+03   1.0000000e+00   1.8771429e-02
   1.8540000e+03   1.0000000e+00   1.8685714e-02
   1.8550000e+03   1.0000000e+00   1.8685714e-02
   1.8560000e+03   1.0000000e+00  -8.5705714e+01
