%ETP journaliere station de Djougou
%memes donnees que JV
%date	ETP
01  01  02	3.2
02  01  02	3.17
03  01  02	3.01
04  01  02	2.86
05  01  02	2.38
06  01  02	2.54
07  01  02	3.03
08  01  02	2.67
09  01  02	3.2
10  01  02	3.05
11  01  02	3.07
12  01  02	2.92
13  01  02	3.03%
14  01  02	3.17
15  01  02	3.07
16  01  02	2.98
17  01  02	3.08
18  01  02	3.37
19  01  02	3.08
20  01  02	2.75
21  01  02	3.18
22  01  02	2.87
23  01  02	3.56
24  01  02	3.36
25  01  02	3.03
26  01  02	3.17
27  01  02	3.62
28  01  02	3.43
29  01  02	3.21
30  01  02	3.19
31  01  02	3.36
01  02  02	3.3
02  02  02	3.4
03  02  02	3.34
04  02  02	3.55
05  02  02	3.25
06  02  02	2.9
07  02  02	3.16
08  02  02	3.33
09  02  02	3.28
10  02  02	3.05
11  02  02	3.41
12  02  02	3.58
13  02  02	3.61
14  02  02	3.42
15  02  02	3.49
16  02  02	3.48
17  02  02	3.45
18  02  02	3.63
19  02  02	4.04
20  02  02	3.95
21  02  02	3.3
22  02  02	3.7
23  02  02	3.3
24  02  02	3.8
25  02  02	3.74
26  02  02	3.61
27  02  02	3.33
28  02  02	3.7
01  03  02	3.74
02  03  02	3.56
03  03  02	3.98
04  03  02	3.96
05  03  02	3.81
06  03  02	4.16
07  03  02	4.04
08  03  02	2.81
09  03  02	5.08
10  03  02	1.2
11  03  02	4.75
12  03  02	3.99
13  03  02	4.24
14  03  02	4.07
15  03  02	3.96
16  03  02	4.4
17  03  02	4.38
18  03  02	4.02
19  03  02	4.61
20  03  02	3.88
21  03  02	3.94
22  03  02	3.27
23  03  02	2.62
24  03  02	2.59
25  03  02	3.45
26  03  02	3.61
27  03  02	4.05
28  03  02	3.23
29  03  02	3.01
30  03  02	4.55
31  03  02	4.96
01  04  02	4.49
02  04  02	3.81
03  04  02	2.76
04  04  02	4.05
05  04  02	4.22
06  04  02	3.33
07  04  02	-0.08
08  04  02	5.13
09  04  02	4.37
10  04  02	4.55
11  04  02	3.81
12  04  02	4.55
13  04  02	0.54
14  04  02	4.66
15  04  02	3.63
16  04  02	4.23
17  04  02	4.63
18  04  02	3.57
19  04  02	4.57
20  04  02	3.96
21  04  02	3.71
22  04  02	4.44
23  04  02	5.45
24  04  02	4.76
25  04  02	4.94
26  04  02	5.01
27  04  02	4.72
28  04  02	4.64
29  04  02	3.12
30  04  02	4.24
01  05  02	4.78
02  05  02	3.86
03  05  02	4.36
04  05  02	2.69
05  05  02	4.78
06  05  02	4.84
07  05  02	4.84
08  05  02	4.95
09  05  02	4.72
10  05  02	5.29
11  05  02	3.65
12  05  02	4.56
13  05  02	5.41
14  05  02	3.81
15  05  02	4.62
16  05  02	4.48
17  05  02	3.21
18  05  02	3.55
19  05  02	1.27
20  05  02	4.79
21  05  02	4.22
22  05  02	3.35
23  05  02	4.51
24  05  02	3.62
25  05  02	4.29
26  05  02	5.08
27  05  02	4.1
28  05  02	2.21
29  05  02	4.78
30  05  02	4.25
31  05  02	4.22
01  06  02	2.79
02  06  02	2.63
03  06  02	3.9
04  06  02	3.68
05  06  02	4.08
06  06  02	2.81
07  06  02	3.81
08  06  02	3.63
09  06  02	5.25
10  06  02	3.01
11  06  02	3.68
12  06  02	4
13  06  02	2.93
14  06  02	3.64
15  06  02	2.7
16  06  02	2.1
17  06  02	2.99
18  06  02	4.18
19  06  02	3.13
20  06  02	3.84
21  06  02	3.26
22  06  02	3.68
23  06  02	3.68
24  06  02	0.7
25  06  02	3.45
26  06  02	4.03
27  06  02	3.92
28  06  02	4.06
29  06  02	2.57
30  06  02	3.43
01  07  02	3.45
02  07  02	3.1
03  07  02	2.18
04  07  02	2.57
05  07  02	3.06
06  07  02	3.66
07  07  02	4.17
08  07  02	3.54
09  07  02	1.31
10  07  02	2.68
11  07  02	2.09
12  07  02	4.23
13  07  02	4.09
14  07  02	3.19
15  07  02	3.53
16  07  02	0.49
17  07  02	1.8
18  07  02	3.28
19  07  02	3.42
20  07  02	2.84
21  07  02	2.66
22  07  02	3.75
23  07  02	2.06
24  07  02	2.47
25  07  02	2.93
26  07  02	2.62
27  07  02	3.22
28  07  02	3.66
29  07  02	3.61
30  07  02	2.37
31  07  02	1.43
01  08  02	3.63
02  08  02	2.09
03  08  02	3.85
04  08  02	2.66
05  08  02	0.91
06  08  02	2.91
07  08  02	2.99
08  08  02	3.9
09  08  02	0.22
10  08  02	4.06
11  08  02	3.33
12  08  02	3.88
13  08  02	4.41
14  08  02	1.67
15  08  02	1.33
16  08  02	3.29
17  08  02	3.09
18  08  02	3.61
19  08  02	3.26
20  08  02	3.37
21  08  02	2.47
22  08  02	3.72
23  08  02	3.92
24  08  02	3.56
25  08  02	1.84
26  08  02	3.79
27  08  02	2.3
28  08  02	3.46
29  08  02	2.64
30  08  02	2.79
31  08  02	3.43
01  09  02	2.98
02  09  02	3.47
03  09  02	4.39
04  09  02	1.91
05  09  02	4.13
06  09  02	1.99
07  09  02	2.59
08  09  02	2.47
09  09  02	2.37
10  09  02	3.26
11  09  02	3.07
12  09  02	3.54
13  09  02	2.61
14  09  02	2.66
15  09  02	3.47
16  09  02	3.95
17  09  02	3.38
18  09  02	3.37
19  09  02	3.16
20  09  02	3.62
21  09  02	4
22  09  02	4.22
23  09  02	2.63
24  09  02	1.13
25  09  02	4.01
26  09  02	4.41
27  09  02	3.92
28  09  02	3.06
29  09  02	3.82
30  09  02	3.15
01  10  02	4.02
02  10  02	1.23
03  10  02	1.51
04  10  02	2.94
05  10  02	3.04
06  10  02	3.25
07  10  02	2.22
08  10  02	3.76
09  10  02	3.48
10  10  02	3.55
11  10  02	4.11
12  10  02	3.82
13  10  02	4.26
14  10  02	4
15  10  02	2.38
16  10  02	4.12
17  10  02	3.32
18  10  02	3.79
19  10  02	3.32
20  10  02	3.57
21  10  02	4.13
22  10  02	3.67
23  10  02	3.54
24  10  02	3.45
25  10  02	3.85
26  10  02	2.46
27  10  02	3.52
28  10  02	3.8
29  10  02	3.61
30  10  02	3.66
31  10  02	3.54
01  11  02	3.43
02  11  02	3.43
03  11  02	3.59
04  11  02	3.44
05  11  02	2.84
06  11  02	3.38
07  11  02	3.6
08  11  02	3.47
09  11  02	2.78
10  11  02	3.72
11  11  02	2.9
12  11  02	3.76
13  11  02	3.74
14  11  02	3.12
15  11  02	3.17
16  11  02	3.5
17  11  02	3.44
18  11  02	3.32
19  11  02	3.21
20  11  02	2.79
21  11  02	3.07
22  11  02	2.77
23  11  02	2.61
24  11  02	3.4
25  11  02	2.55
26  11  02	2.52
27  11  02	2.43
28  11  02	2.18
29  11  02	2.55
30  11  02	2.95
01  12  02	2.4
02  12  02	2.37
03  12  02	2.31
04  12  02	1.96
05  12  02	2.03
06  12  02	2.08
07  12  02	1.62
08  12  02	2.01
09  12  02	2.56
10  12  02	2.73
11  12  02	3.79
12  12  02	4.05
13  12  02	3.63
14  12  02	3.13
15  12  02	3.45
16  12  02	4.23
17  12  02	3.3
18  12  02	3.13
19  12  02	2.59
20  12  02	2.91
21  12  02	2.67
22  12  02	3.57
23  12  02	3.87
24  12  02	3.45
25  12  02	3.79
26  12  02	3.75
27  12  02	3.07
28  12  02	2.86
29  12  02	3.68
30  12  02	3.47
31  12  02	2.91
01  01  03	3.2
02  01  03	3.49
03  01  03	3.3
04  01  03	3.49
05  01  03	3.26
06  01  03	2.47
07  01  03	2.41
08  01  03	2.37
09  01  03	2.42
10  01  03	1.72
11  01  03	2.21
12  01  03	2.31
13  01  03	2.45
14  01  03	2.06
15  01  03	3.61
16  01  03	3.3
17  01  03	2.8
18  01  03	3.24
19  01  03	2.87
20  01  03	2.76
21  01  03	2.91
22  01  03	2.92
23  01  03	1.91
24  01  03	2.28
25  01  03	3.01
26  01  03	3.2
27  01  03	3.62
28  01  03	3.62
29  01  03	3.65
30  01  03	3.33
31  01  03	2.98
01  02  03	3.2
02  02  03	3.38
03  02  03	3.74
04  02  03	4.7
05  02  03	4.12
06  02  03	3.53
07  02  03	3.41
08  02  03	3.18
09  02  03	3.19
10  02  03	2.79
11  02  03	3.06
12  02  03	3.7
13  02  03	3.28
14  02  03	2.45
15  02  03	3.35
16  02  03	2.87
17  02  03	2.8
18  02  03	3.06
19  02  03	4.62
20  02  03	4.3
21  02  03	3.15
22  02  03	3.6
23  02  03	3.93
24  02  03	4.34
25  02  03	4.09
26  02  03	2.95
27  02  03	3.63
28  02  03	2.95
01  03  03	3.72
02  03  03	3.78
03  03  03	4.43
04  03  03	4.49
05  03  03	3.78
06  03  03	2.83
07  03  03	3.14
08  03  03	3.77
09  03  03	3.56
10  03  03	3.37
11  03  03	3.57
12  03  03	3.88
13  03  03	4.31
14  03  03	4.82
15  03  03	4.19
16  03  03	4.61
17  03  03	3.89
18  03  03	3.61
19  03  03	3.62
20  03  03	3.75
21  03  03	3.96
22  03  03	3.9
23  03  03	2.52
24  03  03	4.52
25  03  03	4.99
26  03  03	4.07
27  03  03	2.7
28  03  03	5.07
29  03  03	4.22
30  03  03	4.3
31  03  03	3.99
01  04  03	4.66
02  04  03	4.8
03  04  03	5.06
04  04  03	4.97
05  04  03	4.23
06  04  03	5.09
07  04  03	0.52
08  04  03	4.94
09  04  03	4.64
10  04  03	5.92
11  04  03	3.77
12  04  03	2.9
13  04  03	4.78
14  04  03	3.78
15  04  03	5.6
16  04  03	1.86
17  04  03	3.93
18  04  03	4.42
19  04  03	4.17
20  04  03	3.47
21  04  03	1.7
22  04  03	5.35
23  04  03	4.67
24  04  03	3.89
25  04  03	4.26
26  04  03	4.16
27  04  03	5.03
28  04  03	3.23
29  04  03	5.04
30  04  03	4.94
01  05  03	4.49
02  05  03	4.5
03  05  03	3.93
04  05  03	4.38
05  05  03	4.6
06  05  03	5.06
07  05  03	5.33
08  05  03	3.32
09  05  03	4.95
10  05  03	3.25
11  05  03	4.88
12  05  03	4.35
13  05  03	4.27
14  05  03	4.41
15  05  03	5.01
16  05  03	5.19
17  05  03	4.23
18  05  03	1.93
19  05  03	5.02
20  05  03	4.8
21  05  03	4.16
22  05  03	3.89
23  05  03	3.86
24  05  03	4.14
25  05  03	4.53
26  05  03	2.29
27  05  03	3.09
28  05  03	4.36
29  05  03	3.09
30  05  03	1.55
31  05  03	3.52
01  06  03	3
02  06  03	2.43
03  06  03	2.49
04  06  03	4.4
05  06  03	3.58
06  06  03	4
07  06  03	2.64
08  06  03	3.87
09  06  03	4.06
10  06  03	3.86
11  06  03	0.64
12  06  03	3.05
13  06  03	3.01
14  06  03	1.68
15  06  03	3.79
16  06  03	4.17
17  06  03	3.66
18  06  03	3.61
19  06  03	3.69
20  06  03	4.1
21  06  03	3.55
22  06  03	3.27
23  06  03	2.51
24  06  03	1.68
25  06  03	2.5
26  06  03	2.28
27  06  03	1.93
28  06  03	2.9
29  06  03	3.09
30  06  03	2.62
01  07  03	2.95
02  07  03	2.78
03  07  03	3.71
04  07  03	2.21
05  07  03	3.32
06  07  03	3.33
07  07  03	2.83
08  07  03	2.59
09  07  03	2.33
10  07  03	2.49
11  07  03	2.1
12  07  03	1.92
13  07  03	2.9
14  07  03	1.58
15  07  03	2.85
16  07  03	3.22
17  07  03	2.93
18  07  03	3.25
19  07  03	2.6
20  07  03	1.85
21  07  03	1.74
22  07  03	2.55
23  07  03	3.48
24  07  03	2.3
25  07  03	2.69
26  07  03	2.88
27  07  03	2.04
28  07  03	3.65
29  07  03	2.96
30  07  03	4.07
31  07  03	3.38
01  08  03	0.19
02  08  03	3.23
03  08  03	3.25
04  08  03	3.23
05  08  03	3.14
06  08  03	2.99
07  08  03	0.61
08  08  03	2.2
09  08  03	3.61
10  08  03	3.05
11  08  03	3.2
12  08  03	3.03
13  08  03	3.49
14  08  03	3.38
15  08  03	1.21
16  08  03	3.15
17  08  03	0.83
18  08  03	0.8
19  08  03	3.13
20  08  03	0.54
21  08  03	3.62
22  08  03	3.28
23  08  03	2.04
24  08  03	3.63
25  08  03	2.97
26  08  03	3.04
27  08  03	2.1
28  08  03	3.27
29  08  03	1.12
30  08  03	1.75
31  08  03	3.55
01  09  03	1.44
02  09  03	3.28
03  09  03	2.69
04  09  03	2.29
05  09  03	1.96
06  09  03	4.02
07  09  03	1.11
08  09  03	2.76
09  09  03	2.65
10  09  03	4.79
11  09  03	2.62
12  09  03	3
13  09  03	2.63
14  09  03	2.78
15  09  03	3.3
16  09  03	3.47
17  09  03	4.7
18  09  03	4.51
19  09  03	3.69
20  09  03	3.59
21  09  03	2.36
22  09  03	1.68
23  09  03	4.54
24  09  03	4.61
25  09  03	3.44
26  09  03	3.99
27  09  03	3.87
28  09  03	4.25
29  09  03	2.78
30  09  03	3.64
01  10  03	3.77
02  10  03	3.87
03  10  03	3.75
04  10  03	2.25
05  10  03	3.79
06  10  03	3.78
07  10  03	4.08
08  10  03	4.23
09  10  03	3.74
10  10  03	3.74
11  10  03	3.75
12  10  03	3.66
13  10  03	3.52
14  10  03	3.47
15  10  03	3.38
16  10  03	3.62
17  10  03	3.06
18  10  03	2.43
19  10  03	4.24
20  10  03	4.25
21  10  03	3.45
22  10  03	3.67
23  10  03	4.01
24  10  03	4.09
25  10  03	4.23
26  10  03	3.79
27  10  03	3.9
28  10  03	3.9
29  10  03	3.84
30  10  03	3.71
31  10  03	3.35
01  11  03	2.77
02  11  03	2.9
03  11  03	3.56
04  11  03	2.85
05  11  03	3.81
06  11  03	2.89
07  11  03	3.13
08  11  03	3.57
09  11  03	3.53
10  11  03	3.74
11  11  03	3.46
12  11  03	2.96
13  11  03	3.36
14  11  03	2.22
15  11  03	2.91
16  11  03	3.64
17  11  03	3.52
18  11  03	3.4
19  11  03	3.28
20  11  03	2.98
21  11  03	3.21
22  11  03	3.6
23  11  03	3.6
24  11  03	3.06
25  11  03	2.86
26  11  03	2.86
27  11  03	3.25
28  11  03	2.98
29  11  03	2.77
30  11  03	2.84
01  12  03	3.13
02  12  03	2.63
03  12  03	2.42
04  12  03	2.19
05  12  03	2.42
06  12  03	3.11
07  12  03	2.99
08  12  03	4.03
09  12  03	3.57
10  12  03	2.93
11  12  03	2.3
12  12  03	2.42
13  12  03	2.37
14  12  03	2.49
15  12  03	2.52
16  12  03	2.9
17  12  03	2.7
18  12  03	2.64
19  12  03	3.23
20  12  03	4.16
21  12  03	3.12
22  12  03	3.62
23  12  03	2.98
24  12  03	2.64
25  12  03	2.72
26  12  03	3.71
27  12  03	3.81
28  12  03	3.56
29  12  03	3.3
30  12  03	3.83
31  12  03	2.53
01  01  04	3.2
02  01  04	2.09
03  01  04	2.5
04  01  04	1.96
05  01  04	2.22
06  01  04	2.83
07  01  04	3.12
08  01  04	3.46
09  01  04	3.7
10  01  04	3.68
11  01  04	3.44
12  01  04	3.56
13  01  04	3.27
14  01  04	3.32
15  01  04	2.99
16  01  04	2.68
17  01  04	3.28
18  01  04	3.47
19  01  04	2.09
20  01  04	1.78
21  01  04	2.62
22  01  04	0.87
23  01  04	4
24  01  04	3.47
25  01  04	3.39
26  01  04	3.48
27  01  04	4.39
28  01  04	4.59
29  01  04	4.44
30  01  04	3.51
31  01  04	3.25
01  02  04	2.99
02  02  04	2.92
03  02  04	4.59
04  02  04	4.96
05  02  04	4.32
06  02  04	3.7
07  02  04	3.75
08  02  04	3.4
09  02  04	3.25
10  02  04	2.73
11  02  04	3.23
12  02  04	3.48
13  02  04	3.92
14  02  04	2.56
15  02  04	2.85
16  02  04	3.78
17  02  04	3.47
18  02  04	3.39
19  02  04	3.75
20  02  04	3.64
21  02  04	2.98
22  02  04	3.25
23  02  04	3.23
24  02  04	3.36
25  02  04	3.2
26  02  04	3.29
27  02  04	3.27
28  02  04	3.43
29  02  04	3.8
01  03  04	3.88
02  03  04	2.94
03  03  04	2.49
04  03  04	3.72
05  03  04	5.03
06  03  04	4.51
07  03  04	4.97
08  03  04	4.44
09  03  04	4.23
10  03  04	3.19
11  03  04	3.33
12  03  04	2.62
13  03  04	3.19
14  03  04	3.36
15  03  04	3.44
16  03  04	3.92
17  03  04	3.44
18  03  04	3.83
19  03  04	3.57
20  03  04	3.87
21  03  04	3.36
22  03  04	3.1
23  03  04	3.28
24  03  04	3.42
25  03  04	3.61
26  03  04	3.41
27  03  04	4.22
28  03  04	3.57
29  03  04	3.56
30  03  04	3.99
31  03  04	4.33
01  04  04	3.98
02  04  04	4.91
03  04  04	4.3
04  04  04	5.05
05  04  04	5.05
06  04  04	4.3
07  04  04	3.83
08  04  04	2.91
09  04  04	4.46
10  04  04	4.38
11  04  04	5
12  04  04	4.39
13  04  04	5.45
14  04  04	4.44
15  04  04	5.28
16  04  04	4.47
17  04  04	4
18  04  04	5.18
19  04  04	4.39
20  04  04	3.68
21  04  04	4.39
22  04  04	3.87
23  04  04	3.36
24  04  04	3.02
25  04  04	4.91
26  04  04	4.26
27  04  04	4.6
28  04  04	3.86
29  04  04	5.46
30  04  04	4.55
01  05  04	4.55
02  05  04	4.41
03  05  04	4.96
04  05  04	4.17
05  05  04	4.49
06  05  04	4.15
07  05  04	2.44
08  05  04	4.82
09  05  04	4.21
10  05  04	4.37
11  05  04	4.19
12  05  04	2.84
13  05  04	3.97
14  05  04	4.21
15  05  04	5.18
16  05  04	2.64
17  05  04	4.48
18  05  04	4.67
19  05  04	3.64
20  05  04	2.68
21  05  04	2.96
22  05  04	3.57
23  05  04	4.23
24  05  04	2.21
25  05  04	3.96
26  05  04	2.76
27  05  04	1.91
28  05  04	4.16
29  05  04	2.67
30  05  04	4.2
31  05  04	3.48
01  06  04	3.09
02  06  04	4.46
03  06  04	3.39
04  06  04	3.91
05  06  04	3.03
06  06  04	3.59
07  06  04	2.48
08  06  04	2.09
09  06  04	4.51
10  06  04	2.99
11  06  04	4.03
12  06  04	3.28
13  06  04	1.38
14  06  04	3.23
15  06  04	4.11
16  06  04	0.74
17  06  04	3.93
18  06  04	2.45
19  06  04	3.52
20  06  04	3.96
21  06  04	4.62
22  06  04	2.77
23  06  04	3.86
24  06  04	3.41
25  06  04	1.17
26  06  04	1.71
27  06  04	3.58
28  06  04	4.1
29  06  04	1.63
30  06  04	2.76
01  07  04	2.02
02  07  04	4
03  07  04	3.39
04  07  04	1.47
05  07  04	1.84
06  07  04	4.49
07  07  04	3.29
08  07  04	2.15
09  07  04	3.02
10  07  04	2.27
11  07  04	4.4
12  07  04	3.2
13  07  04	3.95
14  07  04	4.36
15  07  04	4.35
16  07  04	3.98
17  07  04	3.9
18  07  04	1.74
19  07  04	2.9
20  07  04	2.16
21  07  04	2.71
22  07  04	3.69
23  07  04	3.59
24  07  04	3.31
25  07  04	4.47
26  07  04	2.06
27  07  04	1.86
28  07  04	2.46
29  07  04	0.43
30  07  04	2.6
31  07  04	2.64
01  08  04	2.47
02  08  04	3.68
03  08  04	3.06
04  08  04	3.16
05  08  04	3.05
06  08  04	1.62
07  08  04	2.23
08  08  04	4.11
09  08  04	2.36
10  08  04	2.6
11  08  04	4.14
12  08  04	0.77
13  08  04	3.79
14  08  04	3.34
15  08  04	2.4
16  08  04	2.37
17  08  04	3.56
18  08  04	2.21
19  08  04	3.34
20  08  04	2.89
21  08  04	3.01
22  08  04	1.56
23  08  04	1.06
24  08  04	2.73
25  08  04	2.72
26  08  04	3.21
27  08  04	2.32
28  08  04	2.98
29  08  04	4.28
30  08  04	4.39
31  08  04	2.63
01  09  04	4.13
02  09  04	3.45
03  09  04	2.33
04  09  04	3.7
05  09  04	3.59
06  09  04	4.41
07  09  04	2.19
08  09  04	3.83
09  09  04	3.65
10  09  04	4.48
11  09  04	4.39
12  09  04	3.46
13  09  04	3.29
14  09  04	2.91
15  09  04	3.48
16  09  04	4.43
17  09  04	2.32
18  09  04	4.57
19  09  04	4.96
20  09  04	1.98
21  09  04	3.2
22  09  04	3.74
23  09  04	4.01
24  09  04	2.66
25  09  04	4.47
26  09  04	4.39
27  09  04	3.1
28  09  04	3.78
29  09  04	4.02
30  09  04	3.51
01  10  04	2.83
02  10  04	2.67
03  10  04	4.55
04  10  04	4.64
05  10  04	2.69
06  10  04	2.93
07  10  04	3.85
08  10  04	4.3
09  10  04	4.03
10  10  04	4.03
11  10  04	3.39
12  10  04	3.64
13  10  04	4.65
14  10  04	2.31
15  10  04	4.63
16  10  04	4.14
17  10  04	4.07
18  10  04	4.33
19  10  04	4.39
20  10  04	4.5
21  10  04	3.92
22  10  04	3.84
23  10  04	3.72
24  10  04	3.76
25  10  04	3.63
26  10  04	2.64
27  10  04	3.83
28  10  04	3.5
29  10  04	3.52
30  10  04	4.22
31  10  04	3.62
01  11  04	3.49
02  11  04	4.12
03  11  04	3.92
04  11  04	3.23
05  11  04	3.96
06  11  04	3.57
07  11  04	3.92
08  11  04	4.12
09  11  04	3.78
10  11  04	3.41
11  11  04	2.71
12  11  04	2.89
13  11  04	3.11
14  11  04	3.07
15  11  04	4.5
16  11  04	3.77
17  11  04	3.66
18  11  04	3.38
19  11  04	3
20  11  04	2.85
21  11  04	3.3
22  11  04	3.19
23  11  04	2.97
24  11  04	3.34
25  11  04	2.88
26  11  04	2.5
27  11  04	2.6
28  11  04	2.8
29  11  04	2.74
30  11  04	2.28
01  12  04	2.13
02  12  04	2.3
03  12  04	3.17
04  12  04	3.03
05  12  04	2.49
06  12  04	2.54
07  12  04	2.62
08  12  04	2.27
09  12  04	3.06
10  12  04	2.32
11  12  04	2.55
12  12  04	2.1
13  12  04	2.5
14  12  04	2.58
15  12  04	2.49
16  12  04	2.54
17  12  04	2.74
18  12  04	2.53
19  12  04	2.13
20  12  04	2.06
21  12  04	2.31
22  12  04	1.65
23  12  04	1.88
24  12  04	1.8
25  12  04	2.57
26  12  04	2.99
27  12  04	2.05
28  12  04	2.13
29  12  04	2.33
30  12  04	3
31  12  04	1.95
01  01  05	3.2
02  01  05	3.11
03  01  05	3.1
04  01  05	2.91
05  01  05	2.72
06  01  05	3.77
07  01  05	4.72
08  01  05	4.04
09  01  05	4.64
10  01  05	4.26
11  01  05	3.88
12  01  05	2.39
13  01  05	2.95
14  01  05	2.73
15  01  05	2.33
16  01  05	2.4
17  01  05	3.28
18  01  05	3.69
19  01  05	4.42
20  01  05	2.75
21  01  05	3.18
22  01  05	2.87
23  01  05	3.56
24  01  05	3.36
25  01  05	3.03
26  01  05	3.17
27  01  05	3.62
28  01  05	3.43
29  01  05	1.53
30  01  05	2.83
31  01  05	4.05
01  02  05	3.97
02  02  05	4.85
03  02  05	2.83
04  02  05	2.39
05  02  05	2.31
06  02  05	2.62
07  02  05	2.27
08  02  05	3.17
09  02  05	2.81
10  02  05	3.09
11  02  05	3.32
12  02  05	3.73
13  02  05	4.1
14  02  05	3.61
15  02  05	3.44
16  02  05	3.35
17  02  05	2.06
18  02  05	2.8
19  02  05	3.26
20  02  05	3.5
21  02  05	3.47
22  02  05	4.53
23  02  05	3.3
24  02  05	5.34
25  02  05	4.23
26  02  05	5.13
27  02  05	1.85
28  02  05	3.31
01  03  05	3.89
02  03  05	3.82
03  03  05	3.98
04  03  05	4.04
05  03  05	1.58
06  03  05	3.11
07  03  05	3.88
08  03  05	4.51
09  03  05	4.57
10  03  05	4.14
11  03  05	4.02
12  03  05	3.98
13  03  05	2.85
14  03  05	4.43
15  03  05	2.76
16  03  05	4.34
17  03  05	4.66
18  03  05	4.52
19  03  05	4.72
20  03  05	4.47
21  03  05	4.45
22  03  05	4.96
23  03  05	5.09
24  03  05	5.09
25  03  05	4.15
26  03  05	3.8
27  03  05	4.51
28  03  05	4.24
29  03  05	4.58
30  03  05	4.68
31  03  05	4.67
01  04  05	5.15
02  04  05	4.28
03  04  05	4.13
04  04  05	4.56
05  04  05	4.56
06  04  05	4.33
07  04  05	4.19
08  04  05	4.64
09  04  05	4.57
10  04  05	4.26
11  04  05	4.32
12  04  05	4.16
13  04  05	4.08
14  04  05	4.62
15  04  05	4.97
16  04  05	3.83
17  04  05	5.02
18  04  05	4.31
19  04  05	4.14
20  04  05	2.96
21  04  05	3.68
22  04  05	5.38
23  04  05	4.68
24  04  05	4.1
25  04  05	3.88
26  04  05	4.72
27  04  05	4.15
28  04  05	4.36
29  04  05	3.93
30  04  05	1.23
01  05  05	5.04
02  05  05	4.34
03  05  05	4.34
04  05  05	4.1
05  05  05	4.61
06  05  05	3.63
07  05  05	4.55
08  05  05	4.35
09  05  05	2.86
10  05  05	3.31
11  05  05	4.41
12  05  05	3.84
13  05  05	5.04
14  05  05	4.48
15  05  05	4.14
16  05  05	4.17
17  05  05	2.92
18  05  05	4.19
19  05  05	4.44
20  05  05	4.63
21  05  05	3.56
22  05  05	4.02
23  05  05	3.32
24  05  05	4.72
25  05  05	4.79
26  05  05	4.73
27  05  05	3.58
28  05  05	2.43
29  05  05	4.58
30  05  05	3.94
31  05  05	0.87
01  06  05	2.87
02  06  05	3.26
03  06  05	3.47
04  06  05	3.98
05  06  05	2.8
06  06  05	4.34
07  06  05	4.31
08  06  05	3.68
09  06  05	4.14
10  06  05	3.87
11  06  05	3.62
12  06  05	1.95
13  06  05	2.69
14  06  05	3.47
15  06  05	3.84
16  06  05	3.25
17  06  05	4.31
18  06  05	2.96
19  06  05	3.21
20  06  05	2.76
21  06  05	1.98
22  06  05	4.1
23  06  05	2.7
24  06  05	2.5
25  06  05	2.67
26  06  05	2.89
27  06  05	2.7
28  06  05	3.72
29  06  05	3.84
30  06  05	3.76
01  07  05	3.84
02  07  05	2.82
03  07  05	2.16
04  07  05	3.01
05  07  05	3.59
06  07  05	1.89
07  07  05	3.52
08  07  05	2.34
09  07  05	3.51
10  07  05	2.78
11  07  05	1.17
12  07  05	3.38
13  07  05	4.1
14  07  05	1.84
15  07  05	3.64
16  07  05	3.87
17  07  05	4.91
18  07  05	2.44
19  07  05	4.16
20  07  05	3.56
21  07  05	4.43
22  07  05	3
23  07  05	3.72
24  07  05	4.39
25  07  05	4.25
26  07  05	3.69
27  07  05	3.33
28  07  05	4.44
29  07  05	1.55
30  07  05	2.85
31  07  05	1.04
01  08  05	3.85
02  08  05	3.02
03  08  05	3.46
04  08  05	2.44
05  08  05	2.88
06  08  05	4.07
07  08  05	3.37
08  08  05	3.39
09  08  05	3.04
10  08  05	3.25
11  08  05	2.26
12  08  05	2.77
13  08  05	1.01
14  08  05	3.03
15  08  05	2.86
16  08  05	3.48
17  08  05	0.75
18  08  05	2.24
19  08  05	3.61
20  08  05	2.74
21  08  05	1.9
22  08  05	3.2
23  08  05	3.22
24  08  05	1.07
25  08  05	3.38
26  08  05	3.73
27  08  05	2.67
28  08  05	3.34
29  08  05	4.08
30  08  05	0.88
31  08  05	2.65
01  09  05	2.73
02  09  05	0.74
03  09  05	3.15
04  09  05	3.58
05  09  05	2.98
06  09  05	2.18
07  09  05	3.18
08  09  05	3.17
09  09  05	2.38
10  09  05	3.67
11  09  05	3.98
12  09  05	3.99
13  09  05	4.22
14  09  05	3.95
15  09  05	4.2
16  09  05	2.99
17  09  05	5.16
18  09  05	4.4
19  09  05	4.24
20  09  05	4.32
21  09  05	2.26
22  09  05	1.06
23  09  05	4.32
24  09  05	4.78
25  09  05	1.04
26  09  05	3.09
27  09  05	3.71
28  09  05	2.78
29  09  05	3.98
30  09  05	4.49
01  10  05	4.09
02  10  05	3.73
03  10  05	3.36
04  10  05	3.55
05  10  05	2.96
06  10  05	3.23
07  10  05	3.63
08  10  05	4.08
09  10  05	4.16
10  10  05	4.47
11  10  05	2.03
12  10  05	3.69
13  10  05	4.36
14  10  05	4.54
15  10  05	4.06
16  10  05	3.49
17  10  05	4.53
18  10  05	4.33
19  10  05	3.71
20  10  05	3.42
21  10  05	2.7
22  10  05	4.17
23  10  05	4.35
24  10  05	3.75
25  10  05	4.48
26  10  05	3.79
27  10  05	4.27
28  10  05	4.05
29  10  05	4.19
30  10  05	3.73
31  10  05	4.23
01  11  05	3.93
02  11  05	3.66
03  11  05	2.56
04  11  05	3.79
05  11  05	2.92
06  11  05	3.67
07  11  05	3.98
08  11  05	4.46
09  11  05	4.2
10  11  05	3.99
11  11  05	3.66
12  11  05	3.65
13  11  05	3.27
14  11  05	3.63
15  11  05	3.45
16  11  05	3.81
17  11  05	3.44
18  11  05	3.44
19  11  05	2.97
20  11  05	3.19
21  11  05	3.15
22  11  05	3.51
23  11  05	2.71
24  11  05	3.15
25  11  05	3.14
26  11  05	2.59
27  11  05	2.94
28  11  05	3.12
29  11  05	3.53
30  11  05	3.5
01  12  05	3.09
02  12  05	3.04
03  12  05	2.87
04  12  05	3.19
05  12  05	2.85
06  12  05	2.87
07  12  05	2.36
08  12  05	2.71
09  12  05	2.55
10  12  05	2.36
11  12  05	2.03
12  12  05	2.38
13  12  05	2.49
14  12  05	3.09
15  12  05	3.61
16  12  05	3.32
17  12  05	2.73
18  12  05	2.81
19  12  05	3.26
20  12  05	3.3
21  12  05	2.54
22  12  05	2.59
23  12  05	2
24  12  05	3.17
25  12  05	2.69
26  12  05	2.57
27  12  05	2.89
28  12  05	3.11
29  12  05	2.52
30  12  05	1.95
31  12  05	2.63
01  01  06	3.39
02  01  06	2.57
03  01  06	2.57
04  01  06	2.65
05  01  06	2
06  01  06	1.93
07  01  06	1.93
08  01  06	2.21
09  01  06	2.24
10  01  06	2.42
11  01  06	2.87
12  01  06	2.02
13  01  06	2.8
14  01  06	2.86
15  01  06	2.91
16  01  06	2.73
17  01  06	2.91
18  01  06	1.75
19  01  06	2
20  01  06	2.47
21  01  06	3.64
22  01  06	2.81
23  01  06	3.35
24  01  06	3.21
25  01  06	2.35
26  01  06	2.53
27  01  06	2.52
28  01  06	1.52
29  01  06	2.68
30  01  06	2.59
31  01  06	2.51
01  02  06	2.43
02  02  06	2.99
03  02  06	2.73
04  02  06	3.13
05  02  06	2.83
06  02  06	2.77
07  02  06	2.51
08  02  06	2.63
09  02  06	3.54
10  02  06	3.71
11  02  06	3.08
12  02  06	2.54
13  02  06	2.18
14  02  06	3.01
15  02  06	3.26
16  02  06	3.43
17  02  06	4.31
18  02  06	3.48
19  02  06	3.6
20  02  06	3.91
21  02  06	3.22
22  02  06	3.98
23  02  06	3.38
24  02  06	2.97
25  02  06	4.09
26  02  06	3.72
27  02  06	3.8
28  02  06	4.26
01  03  06	3.78
02  03  06	4.28
03  03  06	4.28
04  03  06	4.48
05  03  06	4.26
06  03  06	4.65
07  03  06	4.77
08  03  06	3.86
09  03  06	3.22
10  03  06	3.33
11  03  06	3.72
12  03  06	3.38
13  03  06	3.07
14  03  06	2.94
15  03  06	3.46
16  03  06	3.32
17  03  06	3.72
18  03  06	3.6
19  03  06	3.94
20  03  06	3.73
21  03  06	3.45
22  03  06	3.2
23  03  06	2.52
24  03  06	4.05
25  03  06	4.77
26  03  06	4.77
27  03  06	4.28
28  03  06	4.18
29  03  06	2.98
30  03  06	2.96
31  03  06	4.2
01  04  06	3.71
02  04  06	4.08
03  04  06	4.22
04  04  06	3.47
05  04  06	3.49
06  04  06	4.28
07  04  06	3.93
08  04  06	3.4
09  04  06	4.02
10  04  06	4.34
11  04  06	4.26
12  04  06	4.1
13  04  06	4.84
14  04  06	4.05
15  04  06	4.89
16  04  06	4.18
17  04  06	4.01
18  04  06	3.42
19  04  06	4.13
20  04  06	3.87
21  04  06	4.14
22  04  06	4.34
23  04  06	4.85
24  04  06	5.27
25  04  06	4.41
26  04  06	2.97
27  04  06	5.4
28  04  06	5.15
29  04  06	4.91
30  04  06	5.01
01  05  06	4.98
02  05  06	4.06
03  05  06	5.03
04  05  06	4.6
05  05  06	5.49
06  05  06	4.39
07  05  06	4.84
08  05  06	5.2
09  05  06	3.57
10  05  06	4.49
11  05  06	3.64
12  05  06	3.32
13  05  06	4.61
14  05  06	3.33
15  05  06	3.8
16  05  06	5
17  05  06	2.64
18  05  06	2.63
19  05  06	1.09
20  05  06	3.54
21  05  06	2.94
22  05  06	2.52
23  05  06	4.77
24  05  06	3.15
25  05  06	4.51
26  05  06	4.1
27  05  06	2.57
28  05  06	4.41
29  05  06	3.67
30  05  06	4.43
31  05  06	4.37
01  06  06	4.31
02  06  06	4.16
03  06  06	4.03
04  06  06	3.4
05  06  06	4.66
06  06  06	3.55
07  06  06	4.32
08  06  06	4.7
09  06  06	3.64
10  06  06	1.51
11  06  06	4.25
12  06  06	3.21
13  06  06	4.09
14  06  06	4.17
15  06  06	4.28
16  06  06	1.42
17  06  06	4.73
18  06  06	2.92
19  06  06	0.71
20  06  06	3.79
21  06  06	3.33
22  06  06	4.34
23  06  06	2.95
24  06  06	1.62
25  06  06	3.97
26  06  06	3.83
27  06  06	3.21
28  06  06	3.47
29  06  06	3.91
30  06  06	3.74
01  07  06	2.22
02  07  06	3.53
03  07  06	3.38
04  07  06	2.63
05  07  06	3.75
06  07  06	4.01
07  07  06	2.79
08  07  06	3.43
09  07  06	3.38
10  07  06	2.53
11  07  06	2.94
12  07  06	3.41
13  07  06	3.66
14  07  06	3.05
15  07  06	2.9
16  07  06	1.54
17  07  06	4.46
18  07  06	0.54
19  07  06	3.67
20  07  06	2.68
21  07  06	0.97
22  07  06	3.19
23  07  06	0.07
24  07  06	3.95
25  07  06	2.58
26  07  06	1.55
27  07  06	2.83
28  07  06	3.78
29  07  06	3.11
30  07  06	4.09
31  07  06	3.13
01  08  06	2.4
02  08  06	4.05
03  08  06	3.05
04  08  06	1.9
05  08  06	1.39
06  08  06	3.36
07  08  06	1.94
08  08  06	2.49
09  08  06	2.87
10  08  06	3.1
11  08  06	2.79
12  08  06	2.43
13  08  06	2.4
14  08  06	2.09
15  08  06	2.94
16  08  06	2.02
17  08  06	3.2
18  08  06	1.77
19  08  06	3.18
20  08  06	3.97
21  08  06	3.99
22  08  06	3.69
23  08  06	3.71
24  08  06	1.4
25  08  06	2.09
26  08  06	4.01
27  08  06	2.66
28  08  06	3.63
29  08  06	1.87
30  08  06	3.54
31  08  06	1.1
01  09  06	1.22
02  09  06	3.1
03  09  06	4.11
04  09  06	1.23
05  09  06	2.87
06  09  06	2.76
07  09  06	3.69
08  09  06	3.84
09  09  06	1.64
10  09  06	2.98
11  09  06	4.22
12  09  06	3.7
13  09  06	2.8
14  09  06	2.07
15  09  06	3.67
16  09  06	1.99
17  09  06	4.11
18  09  06	2.59
19  09  06	4.94
20  09  06	4.04
21  09  06	2.95
22  09  06	4.9
23  09  06	2.4
24  09  06	4.33
25  09  06	2.03
26  09  06	4.31
27  09  06	3.57
28  09  06	3.65
29  09  06	2.92
30  09  06	3.38
01  10  06	1.63
02  10  06	2.98
03  10  06	3.91
04  10  06	2.95
05  10  06	3.96
06  10  06	4.59
07  10  06	3.02
08  10  06	4.16
09  10  06	1.28
10  10  06	4.02
11  10  06	3.26
12  10  06	4.56
13  10  06	3.97
14  10  06	4.17
15  10  06	4.56
16  10  06	3.99
17  10  06	4.19
18  10  06	4.27
19  10  06	4.81
20  10  06	2.8
21  10  06	3.18
22  10  06	4.36
23  10  06	2.58
24  10  06	3.29
25  10  06	2.43
26  10  06	4.02
27  10  06	4.34
28  10  06	3.65
29  10  06	4.04
30  10  06	3.84
31  10  06	3.6
01  11  06	4.02
02  11  06	4.03
03  11  06	3.41
04  11  06	4.4
05  11  06	3.11
06  11  06	4.04
07  11  06	3.91
08  11  06	3.76
09  11  06	3.71
10  11  06	3.87
11  11  06	4.22
12  11  06	3.62
13  11  06	3.48
14  11  06	3.57
15  11  06	3.45
16  11  06	3.48
17  11  06	4.38
18  11  06	4.14
19  11  06	4.23
20  11  06	4.01
21  11  06	3.16
22  11  06	2.84
23  11  06	2.87
24  11  06	2.89
25  11  06	3.14
26  11  06	3.46
27  11  06	3.47
28  11  06	3.45
29  11  06	3.14
30  11  06	3.19
01  12  06	3.19
02  12  06	2.86
03  12  06	3.43
04  12  06	3.68
05  12  06	4.08
06  12  06	3.85
07  12  06	2.96
08  12  06	2.98
09  12  06	3.67
10  12  06	3.01
11  12  06	3.35
12  12  06	2.78
13  12  06	2.81
14  12  06	2.22
15  12  06	2.62
16  12  06	2.79
17  12  06	2.47
18  12  06	2.83
19  12  06	2.58
20  12  06	2.42
21  12  06	2.85
22  12  06	3.57
23  12  06	3.31
24  12  06	2.71
25  12  06	2.65
26  12  06	2.35
27  12  06	2.75
28  12  06	3.15
29  12  06	2.82
30  12  06	3.17
31  12  06	3.2
01  01  07	2.97
02  01  07	4.02
03  01  07	3.33
04  01  07	3.02
05  01  07	2.39
06  01  07	2.65
07  01  07	3.66
08  01  07	2.51
09  01  07	3.63
10  01  07	3.63
11  01  07	4.01
12  01  07	3.91
13  01  07	4.53
14  01  07	4.51
15  01  07	3.86
16  01  07	3.62
17  01  07	3.54
18  01  07	3.83
19  01  07	4.02
20  01  07	3.86
21  01  07	2.73
22  01  07	3.2
23  01  07	2.94
24  01  07	3.32
25  01  07	2.73
26  01  07	3.65
27  01  07	2.91
28  01  07	3.36
29  01  07	2.43
30  01  07	3.14
31  01  07	3.57
01  02  07	3.14
02  02  07	3.39
03  02  07	3.39
04  02  07	3.76
05  02  07	2.98
06  02  07	2.69
07  02  07	3.33
08  02  07	3.66
09  02  07	3.08
10  02  07	2.47
11  02  07	3.22
12  02  07	3.4
13  02  07	4.62
14  02  07	4.82
15  02  07	4.66
16  02  07	3.96
17  02  07	3.57
18  02  07	3.27
19  02  07	3.7
20  02  07	3.28
21  02  07	3
22  02  07	3.04
23  02  07	3.13
24  02  07	3.33
25  02  07	3.22
26  02  07	3.29
27  02  07	4.11
28  02  07	4.39
01  03  07	4.69
02  03  07	5.39
03  03  07	5.77
04  03  07	4.56
05  03  07	4.41
06  03  07	4.85
07  03  07	5.11
08  03  07	4.32
09  03  07	3.86
10  03  07	3.66
11  03  07	3.94
12  03  07	2.84
13  03  07	3.85
14  03  07	2.77
15  03  07	3.14
16  03  07	3.31
17  03  07	2.87
18  03  07	3.14
19  03  07	3.4
20  03  07	3.46
21  03  07	3.98
22  03  07	4.16
23  03  07	4.47
24  03  07	4.05
25  03  07	2.52
26  03  07	4.43
27  03  07	3.92
28  03  07	4.84
29  03  07	4.05
30  03  07	4.19
31  03  07	4.05
01  04  07	5.19
02  04  07	4.2
03  04  07	3.13
04  04  07	4.7
05  04  07	4.9
06  04  07	1.65
07  04  07	4.98
08  04  07	1.46
09  04  07	5.24
10  04  07	5.25
11  04  07	4.87
12  04  07	4.13
13  04  07	4.37
14  04  07	3.15
15  04  07	4.81
16  04  07	4.96
17  04  07	4.56
18  04  07	5.64
19  04  07	4.1
20  04  07	4.83
21  04  07	5.21
22  04  07	4.15
23  04  07	4.45
24  04  07	3.3
25  04  07	5.6
26  04  07	4.43
27  04  07	4.61
28  04  07	2.43
29  04  07	3.81
30  04  07	4.31
01  05  07	4.8
02  05  07	4.34
03  05  07	4.53
04  05  07	3.89
05  05  07	4.66
06  05  07	4.04
07  05  07	4.49
08  05  07	4.13
09  05  07	4.01
10  05  07	4.06
11  05  07	4.22
12  05  07	4.15
13  05  07	4.53
14  05  07	4.21
15  05  07	4.12
16  05  07	4.58
17  05  07	3.61
18  05  07	3.38
19  05  07	3.53
20  05  07	3.8
21  05  07	3.85
22  05  07	3.75
23  05  07	4.25
24  05  07	4.02
25  05  07	4.26
26  05  07	4.2
27  05  07	3.25
28  05  07	3.4
29  05  07	4.17
30  05  07	3.7
31  05  07	3.64
01  06  07	3.33
02  06  07	3.33
03  06  07	3.94
04  06  07	3.9
05  06  07	3.27
06  06  07	3.65
07  06  07	3.8
08  06  07	3.85
09  06  07	4.17
10  06  07	3.55
11  06  07	2.87
12  06  07	3.32
13  06  07	3.39
14  06  07	2.96
15  06  07	3.32
16  06  07	3.38
17  06  07	3.37
18  06  07	3.57
19  06  07	3.04
20  06  07	3.36
21  06  07	3.51
22  06  07	3.14
23  06  07	3.5
24  06  07	3.92
25  06  07	3.39
26  06  07	4.17
27  06  07	4.34
28  06  07	3.56
29  06  07	2.29
30  06  07	3.53
01  07  07	2.98
02  07  07	1.35
03  07  07	2.65
04  07  07	4.39
05  07  07	2.96
06  07  07	3.35
07  07  07	3.62
08  07  07	3.72
09  07  07	2.72
10  07  07	2.52
11  07  07	3.19
12  07  07	3.39
13  07  07	2.99
14  07  07	2.85
15  07  07	1.13
16  07  07	1.93
17  07  07	1.65
18  07  07	3.53
19  07  07	3.14
20  07  07	3.34
21  07  07	1.62
22  07  07	3.75
23  07  07	2.09
24  07  07	2.78
25  07  07	4.15
26  07  07	0.77
27  07  07	3.6
28  07  07	1.6
29  07  07	3.03
30  07  07	4.98
31  07  07	3.78
01  08  07	1.54
02  08  07	2.04
03  08  07	0.88
04  08  07	4.36
05  08  07	3.05
06  08  07	2.13
07  08  07	1.89
08  08  07	3.83
09  08  07	1.33
10  08  07	3.96
11  08  07	1.92
12  08  07	0.82
13  08  07	4.31
14  08  07	0.65
15  08  07	2.77
16  08  07	2.2
17  08  07	4.21
18  08  07	1.71
19  08  07	2.99
20  08  07	3.06
21  08  07	0.4
22  08  07	3.01
23  08  07	2.99
24  08  07	1.63
25  08  07	2.71
26  08  07	2.56
27  08  07	2.12
28  08  07	0.82
29  08  07	3.76
30  08  07	3.87
31  08  07	3.05
01  09  07	3.18
02  09  07	2.16
03  09  07	3.33
04  09  07	1.73
05  09  07	3.93
06  09  07	2.47
07  09  07	1.64
08  09  07	4.01
09  09  07	4.29
10  09  07	2.89
11  09  07	2.49
12  09  07	4.37
13  09  07	4.23
14  09  07	3.48
15  09  07	3.26
16  09  07	4.09
17  09  07	3.87
18  09  07	2.44
19  09  07	2.71
20  09  07	4.75
21  09  07	3.13
22  09  07	4.35
23  09  07	3.94
24  09  07	2.91
25  09  07	4.84
26  09  07	4.13
27  09  07	4.03
28  09  07	4.05
29  09  07	4.59
30  09  07	3.23
01  10  07	4.65
02  10  07	4.93
03  10  07	3.64
04  10  07	3.53
05  10  07	3.78
06  10  07	3.86
07  10  07	4.24
08  10  07	3.66
09  10  07	3.55
10  10  07	3.4
11  10  07	3.86
12  10  07	3.89
13  10  07	3.87
14  10  07	4.46
15  10  07	2.11
16  10  07	3.94
17  10  07	4.06
18  10  07	3.9
19  10  07	4.19
20  10  07	3.61
21  10  07	2.81
22  10  07	2.65
23  10  07	4.41
24  10  07	3.67
25  10  07	3.27
26  10  07	3.78
27  10  07	3.71
28  10  07	3.35
29  10  07	3.99
30  10  07	3.77
31  10  07	3.93
01  11  07	3.66
02  11  07	4.29
03  11  07	3.67
04  11  07	3.5
05  11  07	3.84
06  11  07	3.59
07  11  07	3.11
08  11  07	3.91
09  11  07	2.45
10  11  07	4
11  11  07	1.85
12  11  07	4.11
13  11  07	3.26
14  11  07	3.48
15  11  07	2.77
16  11  07	2.46
17  11  07	2.83
18  11  07	3.69
19  11  07	3.89
20  11  07	3.33
21  11  07	3.71
22  11  07	3.54
23  11  07	3.33
24  11  07	3.46
25  11  07	3.28
26  11  07	2.86
27  11  07	2.83
28  11  07	2.56
29  11  07	2.19
30  11  07	2.83
01  12  07	2.98
02  12  07	3.06
03  12  07	2.31
04  12  07	1.55
05  12  07	1.47
06  12  07	2.86
07  12  07	2.38
08  12  07	2.76
09  12  07	1.87
10  12  07	2.26
11  12  07	2.77
12  12  07	3.84
13  12  07	3.17
14  12  07	2.63
15  12  07	2.8
16  12  07	2.63
17  12  07	1.97
18  12  07	2.34
19  12  07	2.09
20  12  07	2.84
21  12  07	3.91
22  12  07	3.27
23  12  07	3.34
24  12  07	3.15
25  12  07	2.42
26  12  07	2.1
27  12  07	2.4
28  12  07	2.22
29  12  07	2.46
30  12  07	1.59
31  12  07	2.32
01  01  08	3.2
02  01  08	2.63
03  01  08	2.78
04  01  08	3.14
05  01  08	2.07
06  01  08	1.99
07  01  08	2.56
08  01  08	2.07
09  01  08	2.94
10  01  08	3.19
11  01  08	2.65
12  01  08	3.61
13  01  08	2.75
14  01  08	2.65
15  01  08	2.37
16  01  08	2.87
17  01  08	3.1
18  01  08	4.17
19  01  08	3.67
20  01  08	3.15
21  01  08	4.34
22  01  08	4.41
23  01  08	4.15
24  01  08	3.85
25  01  08	3.52
26  01  08	3.82
27  01  08	4.68
28  01  08	4.8
29  01  08	4.87
30  01  08	4.23
31  01  08	4.04
01  02  08	4.59
02  02  08	3.43
03  02  08	3.12
04  02  08	3.18
05  02  08	3.07
06  02  08	2.44
07  02  08	3.32
08  02  08	3.79
09  02  08	3.44
10  02  08	3.08
11  02  08	4.69
12  02  08	4.83
13  02  08	4.79
14  02  08	5.05
15  02  08	4.13
16  02  08	4.11
17  02  08	4.72
18  02  08	5.27
19  02  08	5.31
20  02  08	5.38
21  02  08	4.38
22  02  08	4.07
23  02  08	3.5
24  02  08	3.76
25  02  08	3.93
26  02  08	3.09
27  02  08	3.67
28  02  08	3.92
29  02  08	2.98
01  03  08	3.3
02  03  08	3.93
03  03  08	4.12
04  03  08	3.82
05  03  08	4.07
06  03  08	3.9
07  03  08	3.6
08  03  08	3.86
09  03  08	3.53
10  03  08	3.87
11  03  08	4.15
12  03  08	3.92
13  03  08	2.44
14  03  08	3.24
15  03  08	5.27
16  03  08	4.31
17  03  08	3.05
18  03  08	4.25
19  03  08	4.38
20  03  08	4.5
21  03  08	4.85
22  03  08	4.37
23  03  08	4.19
24  03  08	4.05
25  03  08	5.11
26  03  08	4.81
27  03  08	5.7
28  03  08	4.75
29  03  08	4.65
30  03  08	5.01
31  03  08	4.76
01  04  08	4.08
02  04  08	5.36
03  04  08	4.87
04  04  08	3.88
05  04  08	2.51
06  04  08	4.64
07  04  08	4.91
08  04  08	4.64
09  04  08	2.72
10  04  08	4.05
11  04  08	4.14
12  04  08	4.3
13  04  08	4.62
14  04  08	4.62
15  04  08	4.51
16  04  08	4.89
17  04  08	4.91
18  04  08	4.66
19  04  08	3.93
20  04  08	4.6
21  04  08	5.04
22  04  08	5.37
23  04  08	5.05
24  04  08	3.79
25  04  08	5.98
26  04  08	3.6
27  04  08	5.24
28  04  08	1.31
29  04  08	4.24
30  04  08	4.81
01  05  08	4.13
02  05  08	4.84
03  05  08	4.11
04  05  08	4.53
05  05  08	2.45
06  05  08	3.73
07  05  08	3.69
08  05  08	3.54
09  05  08	5.01
10  05  08	4.16
11  05  08	4.25
12  05  08	4.43
13  05  08	5.03
14  05  08	2.29
15  05  08	3.83
16  05  08	4.81
17  05  08	3.47
18  05  08	3.59
19  05  08	0.56
20  05  08	4.44
21  05  08	4.77
22  05  08	4.79
23  05  08	4.16
24  05  08	4.36
25  05  08	4.44
26  05  08	2.32
27  05  08	3.44
28  05  08	4.63
29  05  08	4.74
30  05  08	4.29
31  05  08	2.29
01  06  08	2.77
02  06  08	5.13
03  06  08	4.48
04  06  08	2.11
05  06  08	3.75
06  06  08	4.59
07  06  08	3.79
08  06  08	4.92
09  06  08	3.67
10  06  08	2.42
11  06  08	3.53
12  06  08	3.7
13  06  08	3.18
14  06  08	1.67
15  06  08	4.44
16  06  08	4.55
17  06  08	3.68
18  06  08	4.33
19  06  08	2.11
20  06  08	4.7
21  06  08	4.81
22  06  08	4.23
23  06  08	3.1
24  06  08	3.33
25  06  08	2.23
26  06  08	2.08
27  06  08	3.55
28  06  08	3.96
29  06  08	2.96
30  06  08	3.18
01  07  08	0.53
02  07  08	2.3
03  07  08	4.78
04  07  08	3.8
05  07  08	3.18
06  07  08	3.93
07  07  08	-0.11
08  07  08	2.9
09  07  08	2.91
10  07  08	3.05
11  07  08	3.57
12  07  08	3.53
13  07  08	3.71
14  07  08	3.83
15  07  08	3.65
16  07  08	2.43
17  07  08	3.24
18  07  08	3.58
19  07  08	1.93
20  07  08	0.92
21  07  08	3.04
22  07  08	2.32
23  07  08	2.28
24  07  08	3.83
25  07  08	2.96
26  07  08	3.99
27  07  08	2.9
28  07  08	1.17
29  07  08	3.31
30  07  08	3.55
31  07  08	4.27
01  08  08	3.16
02  08  08	2.95
03  08  08	4.23
04  08  08	0.95
05  08  08	2.22
06  08  08	3.08
07  08  08	3.68
08  08  08	2.22
09  08  08	3.48
10  08  08	2.36
11  08  08	4.8
12  08  08	3.28
13  08  08	1.24
14  08  08	2.81
15  08  08	3.4
16  08  08	2.92
17  08  08	2.79
18  08  08	2.28
19  08  08	1.65
20  08  08	2.7
21  08  08	2.23
22  08  08	2.42
23  08  08	2.83
24  08  08	3.92
25  08  08	3.92
26  08  08	1.31
27  08  08	3.67
28  08  08	2.07
29  08  08	2.58
30  08  08	3.13
31  08  08	3.81
01  09  08	2.4
02  09  08	4.47
03  09  08	4.33
04  09  08	4.23
05  09  08	1.1
06  09  08	2.4
07  09  08	2.23
08  09  08	4.83
09  09  08	3.79
10  09  08	2.95
11  09  08	3.29
12  09  08	3.41
13  09  08	3.56
14  09  08	4.8
15  09  08	0.94
16  09  08	0.56
17  09  08	2.13
18  09  08	4.62
19  09  08	4.41
20  09  08	3.86
21  09  08	4.03
22  09  08	5.75
23  09  08	4
24  09  08	2.77
25  09  08	4.48
26  09  08	3.02
27  09  08	3.62
28  09  08	5.1
29  09  08	3.51
30  09  08	4.51
01  10  08	3.4
02  10  08	4.76
03  10  08	5.08
04  10  08	2.56
05  10  08	3.83
06  10  08	3.36
07  10  08	4.22
08  10  08	4.8
09  10  08	4.57
10  10  08	3.75
11  10  08	4.5
12  10  08	4.11
13  10  08	4.19
14  10  08	5.07
15  10  08	4.77
16  10  08	4.54
17  10  08	4.18
18  10  08	5.16
19  10  08	4.5
20  10  08	5
21  10  08	4.82
22  10  08	4.71
23  10  08	5.01
24  10  08	4.74
25  10  08	4.56
26  10  08	4.07
27  10  08	3.95
28  10  08	3.57
29  10  08	4.25
30  10  08	4.25
31  10  08	3.72
01  11  08	3.56
02  11  08	2.84
03  11  08	3.57
04  11  08	3.41
05  11  08	2.9
06  11  08	3.69
07  11  08	3.47
08  11  08	3.56
09  11  08	3.67
10  11  08	3.55
11  11  08	2.51
12  11  08	3.77
13  11  08	3.62
14  11  08	3.72
15  11  08	3.45
16  11  08	3.36
17  11  08	2.62
18  11  08	3.59
19  11  08	2.72
20  11  08	2.84
21  11  08	2.19
22  11  08	3.49
23  11  08	3.55
24  11  08	3.56
25  11  08	3.26
26  11  08	3.27
27  11  08	2.98
28  11  08	3.15
29  11  08	3.39
30  11  08	2.8
01  12  08	3.19
02  12  08	3
03  12  08	2.75
04  12  08	3.52
05  12  08	2.84
06  12  08	3.32
07  12  08	3.23
08  12  08	3.04
09  12  08	3.16
10  12  08	2.93
11  12  08	2.72
12  12  08	2.77
13  12  08	2.8
14  12  08	2.73
15  12  08	2.63
16  12  08	3.17
17  12  08	2.09
18  12  08	1.94
19  12  08	3.19
20  12  08	3.38
21  12  08	3.31
22  12  08	3.8
23  12  08	3.9
24  12  08	4.17
25  12  08	3.81
26  12  08	2.6
27  12  08	2.81
28  12  08	2.87
29  12  08	2.52
30  12  08	3.38
31  12  08	3.07
