   1.0700000e+00
   1.0000000e+00
   9.6000000e-01
   9.3000000e-01
   9.0000000e-01
   8.8000000e-01
   8.3000000e-01
   8.0000000e-01
   7.7000000e-01
   7.6000000e-01
   5.3000000e-01
   0.0000000e+00
   0.0000000e+00
   0.0000000e+00
   0.0000000e+00
   0.0000000e+00
   0.0000000e+00
   0.0000000e+00
   0.0000000e+00
   0.0000000e+00
   0.0000000e+00
   0.0000000e+00
   0.0000000e+00
   0.0000000e+00
   0.0000000e+00
   0.0000000e+00
   0.0000000e+00
   0.0000000e+00
   0.0000000e+00
   0.0000000e+00
   0.0000000e+00
   0.0000000e+00
   0.0000000e+00
   0.0000000e+00
   0.0000000e+00
   0.0000000e+00
   0.0000000e+00
   0.0000000e+00
   0.0000000e+00
   0.0000000e+00
   0.0000000e+00
   0.0000000e+00
   0.0000000e+00
   0.0000000e+00
   0.0000000e+00
   0.0000000e+00
   0.0000000e+00
   0.0000000e+00
   0.0000000e+00
   0.0000000e+00
   0.0000000e+00
   0.0000000e+00
   0.0000000e+00
   0.0000000e+00
   0.0000000e+00
   0.0000000e+00
   0.0000000e+00
   0.0000000e+00
   0.0000000e+00
   0.0000000e+00
   0.0000000e+00
   0.0000000e+00
   0.0000000e+00
   0.0000000e+00
   0.0000000e+00
   0.0000000e+00
   0.0000000e+00
   0.0000000e+00
   0.0000000e+00
   0.0000000e+00
   0.0000000e+00
   0.0000000e+00
   0.0000000e+00
   0.0000000e+00
   0.0000000e+00
   0.0000000e+00
   0.0000000e+00
   0.0000000e+00
   0.0000000e+00
   0.0000000e+00
   0.0000000e+00
   0.0000000e+00
   0.0000000e+00
   0.0000000e+00
   0.0000000e+00
   0.0000000e+00
   0.0000000e+00
   0.0000000e+00
   0.0000000e+00
   0.0000000e+00
   0.0000000e+00
   0.0000000e+00
   0.0000000e+00
   0.0000000e+00
   0.0000000e+00
   0.0000000e+00
   0.0000000e+00
   0.0000000e+00
   0.0000000e+00
   0.0000000e+00
   0.0000000e+00
   0.0000000e+00
   0.0000000e+00
   0.0000000e+00
   0.0000000e+00
   0.0000000e+00
   0.0000000e+00
   0.0000000e+00
   0.0000000e+00
   0.0000000e+00
   0.0000000e+00
   0.0000000e+00
   0.0000000e+00
   0.0000000e+00
   0.0000000e+00
   0.0000000e+00
   0.0000000e+00
   0.0000000e+00
   0.0000000e+00
   0.0000000e+00
   0.0000000e+00
   0.0000000e+00
   0.0000000e+00
   0.0000000e+00
   0.0000000e+00
   0.0000000e+00
   0.0000000e+00
   0.0000000e+00
   0.0000000e+00
   0.0000000e+00
   0.0000000e+00
   0.0000000e+00
   0.0000000e+00
   0.0000000e+00
   0.0000000e+00
   0.0000000e+00
   0.0000000e+00
   0.0000000e+00
   0.0000000e+00
   0.0000000e+00
   0.0000000e+00
   0.0000000e+00
   0.0000000e+00
   0.0000000e+00
   0.0000000e+00
   0.0000000e+00
   0.0000000e+00
   0.0000000e+00
   0.0000000e+00
   0.0000000e+00
   0.0000000e+00
   0.0000000e+00
   0.0000000e+00
   0.0000000e+00
   0.0000000e+00
   0.0000000e+00
   0.0000000e+00
   0.0000000e+00
   0.0000000e+00
   0.0000000e+00
   0.0000000e+00
   0.0000000e+00
   2.0000000e-01
   1.8900000e+00
   2.0900000e+00
   2.1100000e+00
   2.1100000e+00
   2.1600000e+00
   2.1600000e+00
   2.1100000e+00
   2.1100000e+00
   2.0500000e+00
   1.9800000e+00
   1.9700000e+00
   1.8800000e+00
   1.7400000e+00
   1.6900000e+00
   1.6500000e+00
   1.8100000e+00
   2.5700000e+00
   3.4700000e+00
   4.0400000e+00
   6.3900000e+00
   8.4200000e+00
   5.7600000e+00
   4.7300000e+00
   3.8000000e+00
   4.6500000e+00
   8.0400000e+00
   8.1000000e+00
   6.6300000e+00
   5.3000000e+00
   4.8100000e+00
   4.4900000e+00
   4.2900000e+00
   5.0300000e+00
   6.1200000e+00
   7.6200000e+00
   7.7100000e+00
   6.5200000e+00
   5.6500000e+00
   6.6100000e+00
   1.0110000e+01
   9.0200000e+00
   8.6900000e+00
   8.7100000e+00
   7.9700000e+00
   7.5600000e+00
   6.4300000e+00
   5.4500000e+00
   4.7600000e+00
   4.3800000e+00
   4.3400000e+00
   1.5050000e+01
   2.7030000e+01
   2.0540000e+01
   1.5930000e+01
   2.1930000e+01
   7.3350000e+01
   3.8040000e+01
   2.4600000e+01
   2.5200000e+01
   3.1880000e+01
   4.5750000e+01
   5.6240000e+01
   5.6320000e+01
   9.5810000e+01
   9.5350000e+01
   9.0990000e+01
   1.2119000e+02
   9.6180000e+01
   1.0163000e+02
   1.1062000e+02
   9.0230000e+01
   9.6600000e+01
   1.1020000e+02
   1.1387000e+02
   8.5000000e+01
   7.6090000e+01
   6.6600000e+01
   6.4380000e+01
   7.2520000e+01
   9.9810000e+01
   1.4125000e+02
   1.3822000e+02
   1.1369000e+02
   1.0273000e+02
   8.9340000e+01
   1.2189000e+02
   1.9900000e+02
   2.5432000e+02
   2.2763000e+02
   1.8998000e+02
   1.5740000e+02
   1.3512000e+02
   1.2044000e+02
   1.2976000e+02
   1.7406000e+02
   2.7023000e+02
   2.9814000e+02
   2.8894000e+02
   3.1849000e+02
   3.0762000e+02
   2.9153000e+02
   2.7732000e+02
   2.6058000e+02
   2.2788000e+02
   2.1175000e+02
   2.1257000e+02
   1.8816000e+02
   1.6885000e+02
   1.3999000e+02
   1.1813000e+02
   1.1256000e+02
   1.3233000e+02
   1.6454000e+02
   2.1098000e+02
   1.9917000e+02
   1.7445000e+02
   1.5395000e+02
   1.7485000e+02
   1.9806000e+02
   1.9850000e+02
   1.9058000e+02
   1.5681000e+02
   1.3316000e+02
   1.2302000e+02
   1.0760000e+02
   9.8540000e+01
   1.1725000e+02
   1.1340000e+02
   8.9730000e+01
   7.5680000e+01
   6.6150000e+01
   5.8740000e+01
   5.2060000e+01
   4.5600000e+01
   4.0380000e+01
   3.6530000e+01
   3.4240000e+01
   3.1410000e+01
   2.8820000e+01
   2.6480000e+01
   2.4430000e+01
   2.2530000e+01
   2.0460000e+01
   1.8570000e+01
   1.6870000e+01
   1.5520000e+01
   1.4440000e+01
   1.4340000e+01
   1.3310000e+01
   1.2000000e+01
   1.1070000e+01
   1.0430000e+01
   9.7400000e+00
   9.0600000e+00
   8.4400000e+00
   7.7400000e+00
   7.2200000e+00
   6.7000000e+00
   6.3600000e+00
   5.9800000e+00
   5.6800000e+00
   5.3400000e+00
   4.9900000e+00
   4.7400000e+00
   4.5600000e+00
   4.3700000e+00
   4.1800000e+00
   4.0000000e+00
   3.8200000e+00
   3.6400000e+00
   3.4600000e+00
   3.3400000e+00
   3.2000000e+00
   3.0600000e+00
   2.9200000e+00
   2.8100000e+00
   2.7900000e+00
   2.7800000e+00
   2.6900000e+00
   2.5600000e+00
   2.4800000e+00
   2.4100000e+00
   2.3300000e+00
   2.2600000e+00
   2.1900000e+00
   2.1800000e+00
   2.1200000e+00
   2.0300000e+00
   1.9100000e+00
   1.8500000e+00
   1.8300000e+00
  -9.9990000e+03
  -9.9990000e+03
  -9.9990000e+03
  -9.9990000e+03
  -9.9990000e+03
  -9.9990000e+03
  -9.9990000e+03
  -9.9990000e+03
  -9.9990000e+03
  -9.9990000e+03
  -9.9990000e+03
  -9.9990000e+03
  -9.9990000e+03
  -9.9990000e+03
  -9.9990000e+03
  -9.9990000e+03
  -9.9990000e+03
  -9.9990000e+03
  -9.9990000e+03
  -9.9990000e+03
  -9.9990000e+03
  -9.9990000e+03
  -9.9990000e+03
  -9.9990000e+03
  -9.9990000e+03
  -9.9990000e+03
  -9.9990000e+03
  -9.9990000e+03
  -9.9990000e+03
  -9.9990000e+03
  -9.9990000e+03
  -9.9990000e+03
  -9.9990000e+03
  -9.9990000e+03
  -9.9990000e+03
  -9.9990000e+03
  -9.9990000e+03
  -9.9990000e+03
  -9.9990000e+03
  -9.9990000e+03
  -9.9990000e+03
  -9.9990000e+03
  -9.9990000e+03
  -9.9990000e+03
  -9.9990000e+03
  -9.9990000e+03
  -9.9990000e+03
  -9.9990000e+03
  -9.9990000e+03
  -9.9990000e+03
  -9.9990000e+03
  -9.9990000e+03
  -9.9990000e+03
  -9.9990000e+03
  -9.9990000e+03
  -9.9990000e+03
  -9.9990000e+03
  -9.9990000e+03
  -9.9990000e+03
  -9.9990000e+03
  -9.9990000e+03
  -9.9990000e+03
  -9.9990000e+03
  -9.9990000e+03
  -9.9990000e+03
  -9.9990000e+03
  -9.9990000e+03
  -9.9990000e+03
  -9.9990000e+03
  -9.9990000e+03
  -9.9990000e+03
  -9.9990000e+03
  -9.9990000e+03
  -9.9990000e+03
  -9.9990000e+03
  -9.9990000e+03
  -9.9990000e+03
  -9.9990000e+03
  -9.9990000e+03
  -9.9990000e+03
  -9.9990000e+03
  -9.9990000e+03
  -9.9990000e+03
  -9.9990000e+03
  -9.9990000e+03
  -9.9990000e+03
  -9.9990000e+03
  -9.9990000e+03
  -9.9990000e+03
  -9.9990000e+03
  -9.9990000e+03
  -9.9990000e+03
  -9.9990000e+03
  -9.9990000e+03
  -9.9990000e+03
  -9.9990000e+03
  -9.9990000e+03
  -9.9990000e+03
  -9.9990000e+03
  -9.9990000e+03
  -9.9990000e+03
  -9.9990000e+03
  -9.9990000e+03
  -9.9990000e+03
  -9.9990000e+03
  -9.9990000e+03
  -9.9990000e+03
  -9.9990000e+03
  -9.9990000e+03
  -9.9990000e+03
  -9.9990000e+03
  -9.9990000e+03
  -9.9990000e+03
  -9.9990000e+03
  -9.9990000e+03
  -9.9990000e+03
  -9.9990000e+03
  -9.9990000e+03
  -9.9990000e+03
  -9.9990000e+03
  -9.9990000e+03
  -9.9990000e+03
  -9.9990000e+03
  -9.9990000e+03
  -9.9990000e+03
  -9.9990000e+03
  -9.9990000e+03
  -9.9990000e+03
  -9.9990000e+03
  -9.9990000e+03
  -9.9990000e+03
  -9.9990000e+03
   2.1100000e+00
   1.6500000e+00
   1.3300000e+00
   1.1000000e+00
   9.5000000e-01
   8.3000000e-01
   7.7000000e-01
   7.6000000e-01
   7.6000000e-01
   7.3000000e-01
   1.9000000e-01
   0.0000000e+00
   0.0000000e+00
   0.0000000e+00
   0.0000000e+00
   0.0000000e+00
   0.0000000e+00
   0.0000000e+00
   0.0000000e+00
   0.0000000e+00
   0.0000000e+00
   0.0000000e+00
   0.0000000e+00
   0.0000000e+00
   0.0000000e+00
   0.0000000e+00
   0.0000000e+00
   0.0000000e+00
   0.0000000e+00
   0.0000000e+00
   0.0000000e+00
   0.0000000e+00
   2.0000000e-02
   6.6100000e+00
   1.4050000e+01
   2.0310000e+01
   1.7490000e+01
   1.2170000e+01
   9.7200000e+00
   8.1400000e+00
   7.2000000e+00
   7.7100000e+00
   1.2350000e+01
   2.4620000e+01
   3.1870000e+01
   3.1370000e+01
   3.4330000e+01
   2.3410000e+01
   1.6640000e+01
   1.3840000e+01
   1.1770000e+01
   1.0040000e+01
   9.1300000e+00
   1.1720000e+01
   1.2380000e+01
   1.1430000e+01
   1.4280000e+01
   2.8960000e+01
   7.4970000e+01
   9.4090000e+01
   5.6590000e+01
   5.2610000e+01
   4.0230000e+01
   3.0170000e+01
   6.0110000e+01
   4.2590000e+01
   3.2790000e+01
   2.5450000e+01
   2.0010000e+01
   1.8050000e+01
   3.6940000e+01
   4.1750000e+01
   2.7690000e+01
   2.4980000e+01
   2.0910000e+01
   1.8090000e+01
   2.1960000e+01
   3.5970000e+01
   3.4660000e+01
   5.6360000e+01
   5.9620000e+01
   4.4990000e+01
   5.0910000e+01
   6.1340000e+01
   6.3510000e+01
   6.2540000e+01
   6.8340000e+01
   6.4050000e+01
   4.1090000e+01
   3.3630000e+01
   4.5170000e+01
   1.2972000e+02
   1.4168000e+02
   1.6036000e+02
   1.9576000e+02
   2.1243000e+02
   2.1696000e+02
   2.3966000e+02
   2.3666000e+02
   2.2120000e+02
   2.0773000e+02
   1.9905000e+02
   1.6516000e+02
   1.7783000e+02
   2.5039000e+02
   2.8319000e+02
   3.0413000e+02
   3.0816000e+02
   3.2845000e+02
   3.2283000e+02
   3.7567000e+02
   4.1360000e+02
   4.0150000e+02
   3.6683000e+02
   3.4251000e+02
   3.2345000e+02
   3.0208000e+02
   2.7610000e+02
   2.8293000e+02
   2.5155000e+02
   2.6177000e+02
   3.1087000e+02
   3.4760000e+02
   3.6261000e+02
   3.5144000e+02
   3.4383000e+02
   3.5187000e+02
   3.6744000e+02
   3.8200000e+02
   3.8143000e+02
   3.3796000e+02
   3.0614000e+02
   2.9847000e+02
   2.9170000e+02
   2.7205000e+02
   2.3539000e+02
   2.1595000e+02
   2.0415000e+02
   2.0231000e+02
   1.9926000e+02
   2.0153000e+02
   2.6297000e+02
   2.4031000e+02
   2.2105000e+02
   2.3548000e+02
   2.5916000e+02
   2.7774000e+02
   2.7950000e+02
   2.7420000e+02
   2.6798000e+02
   2.6175000e+02
   2.5553000e+02
   2.4931000e+02
   2.4015000e+02
   2.3800000e+02
   2.5196000e+02
   2.1959000e+02
   2.0661000e+02
   2.0321000e+02
   1.9205000e+02
   1.7356000e+02
   1.6635000e+02
   1.5543000e+02
   1.3475000e+02
   1.1120000e+02
   1.0058000e+02
   1.0212000e+02
   1.4693000e+02
   1.4636000e+02
   1.4643000e+02
   1.5222000e+02
   1.2040000e+02
   1.0540000e+02
   8.3590000e+01
  -9.9990000e+03
  -9.9990000e+03
   6.3160000e+01
   5.8010000e+01
   5.3010000e+01
   4.7100000e+01
   4.1970000e+01
   3.9050000e+01
   3.4450000e+01
   3.1640000e+01
   2.9370000e+01
   2.8670000e+01
   2.7290000e+01
   2.1900000e+01
   2.0700000e+01
   2.0090000e+01
   1.9240000e+01
   1.7530000e+01
   1.6990000e+01
   1.6450000e+01
   1.5890000e+01
  -9.9990000e+03
  -9.9990000e+03
   1.2100000e+01
   1.1500000e+01
   1.1060000e+01
   1.0020000e+01
   8.5100000e+00
   7.8500000e+00
   7.6200000e+00
   7.3100000e+00
   7.0600000e+00
  -9.9990000e+03
  -9.9990000e+03
   5.9500000e+00
   5.8200000e+00
   5.6700000e+00
   5.2800000e+00
   4.6200000e+00
   4.5100000e+00
   4.4000000e+00
   4.2900000e+00
   4.1800000e+00
   4.0700000e+00
   3.9400000e+00
   3.6700000e+00
   3.4000000e+00
   3.2900000e+00
   3.2100000e+00
   3.1100000e+00
   3.0500000e+00
   2.9800000e+00
   2.8900000e+00
   2.7900000e+00
   2.6900000e+00
   2.6100000e+00
   2.4600000e+00
   2.3700000e+00
   2.3200000e+00
   2.2600000e+00
   2.2300000e+00
   2.1600000e+00
   2.1100000e+00
   2.0500000e+00
   2.0400000e+00
   2.0200000e+00
   1.9500000e+00
   1.8800000e+00
   1.8000000e+00
   1.7100000e+00
   1.7100000e+00
   1.5600000e+00
   1.5400000e+00
   1.5900000e+00
   1.5900000e+00
   1.5700000e+00
   1.5100000e+00
   1.4600000e+00
   1.4200000e+00
   1.4000000e+00
  -9.9990000e+03
  -9.9990000e+03
   1.2900000e+00
   1.2400000e+00
   1.2000000e+00
   1.1500000e+00
   1.1000000e+00
   1.0600000e+00
   1.0500000e+00
   1.0100000e+00
   1.0800000e+00
   1.4000000e+00
   1.3500000e+00
   1.2800000e+00
   1.7100000e+00
   3.2400000e+00
   3.3600000e+00
   3.0400000e+00
   2.7800000e+00
   2.3900000e+00
   2.3700000e+00
   2.3000000e+00
   2.1600000e+00
   1.8600000e+00
   1.7400000e+00
   1.6300000e+00
   1.5700000e+00
   1.6500000e+00
   1.7700000e+00
   1.7700000e+00
   1.7300000e+00
   1.6300000e+00
   1.5700000e+00
   1.5100000e+00
   1.4600000e+00
   1.4000000e+00
   1.3600000e+00
   1.3500000e+00
   1.2900000e+00
   1.2400000e+00
   1.1900000e+00
   1.1500000e+00
   1.1100000e+00
   1.0700000e+00
   1.0500000e+00
   1.0000000e+00
   9.6000000e-01
   9.3000000e-01
   9.3000000e-01
  -9.9990000e+03
   8.9000000e-01
   8.8000000e-01
   8.4000000e-01
   8.4000000e-01
   8.4000000e-01
  -9.9990000e+03
  -9.9990000e+03
   7.7000000e-01
   5.7000000e-01
   0.0000000e+00
   0.0000000e+00
   0.0000000e+00
   0.0000000e+00
   0.0000000e+00
   0.0000000e+00
   0.0000000e+00
   0.0000000e+00
   0.0000000e+00
   0.0000000e+00
   0.0000000e+00
   0.0000000e+00
   0.0000000e+00
   0.0000000e+00
   0.0000000e+00
   0.0000000e+00
   0.0000000e+00
   0.0000000e+00
   0.0000000e+00
   0.0000000e+00
  -9.9990000e+03
  -9.9990000e+03
   0.0000000e+00
   0.0000000e+00
   0.0000000e+00
   0.0000000e+00
   0.0000000e+00
   0.0000000e+00
   0.0000000e+00
   0.0000000e+00
   0.0000000e+00
   0.0000000e+00
  -9.9990000e+03
  -9.9990000e+03
   0.0000000e+00
   0.0000000e+00
   0.0000000e+00
   0.0000000e+00
   0.0000000e+00
   0.0000000e+00
   0.0000000e+00
   0.0000000e+00
   0.0000000e+00
   0.0000000e+00
   0.0000000e+00
   0.0000000e+00
   0.0000000e+00
   0.0000000e+00
   0.0000000e+00
   0.0000000e+00
   0.0000000e+00
   0.0000000e+00
   0.0000000e+00
   0.0000000e+00
   0.0000000e+00
   0.0000000e+00
   0.0000000e+00
   0.0000000e+00
   0.0000000e+00
   0.0000000e+00
   0.0000000e+00
   0.0000000e+00
   0.0000000e+00
   0.0000000e+00
   0.0000000e+00
   0.0000000e+00
   0.0000000e+00
   0.0000000e+00
   0.0000000e+00
   0.0000000e+00
   0.0000000e+00
   0.0000000e+00
   0.0000000e+00
   0.0000000e+00
   0.0000000e+00
   0.0000000e+00
   0.0000000e+00
   0.0000000e+00
   0.0000000e+00
   0.0000000e+00
   0.0000000e+00
   0.0000000e+00
   0.0000000e+00
   0.0000000e+00
   0.0000000e+00
   0.0000000e+00
   0.0000000e+00
   0.0000000e+00
   0.0000000e+00
   0.0000000e+00
   0.0000000e+00
   0.0000000e+00
   0.0000000e+00
   0.0000000e+00
   0.0000000e+00
   0.0000000e+00
   3.9000000e-01
   7.6600000e+00
   1.4310000e+01
   1.4810000e+01
   1.5970000e+01
   1.8970000e+01
   1.7300000e+01
   1.3370000e+01
   1.1970000e+01
   3.0970000e+01
   1.9600000e+01
   1.3920000e+01
   1.1800000e+01
  -9.9990000e+03
  -9.9990000e+03
  -9.9990000e+03
  -9.9990000e+03
  -9.9990000e+03
  -9.9990000e+03
  -9.9990000e+03
  -9.9990000e+03
  -9.9990000e+03
  -9.9990000e+03
  -9.9990000e+03
  -9.9990000e+03
  -9.9990000e+03
   3.0390000e+01
   2.8160000e+01
   3.9810000e+01
   5.7850000e+01
   5.1590000e+01
   4.3260000e+01
   3.8440000e+01
   4.9760000e+01
   6.1060000e+01
   6.9040000e+01
   7.0020000e+01
   6.4750000e+01
   5.5940000e+01
   1.1049000e+02
   1.6537000e+02
   1.7495000e+02
   2.2655000e+02
   2.6853000e+02
   2.4532000e+02
   2.2412000e+02
   2.1299000e+02
   1.9276000e+02
   1.9665000e+02
   2.3556000e+02
   2.3490000e+02
   1.8099000e+02
   1.3738000e+02
   1.3692000e+02
   1.3365000e+02
   1.3334000e+02
   1.1710000e+02
   1.0324000e+02
   9.0290000e+01
   1.2384000e+02
   1.5233000e+02
   1.4241000e+02
   1.3133000e+02
   1.3791000e+02
   1.3510000e+02
   1.3692000e+02
   1.1779000e+02
   1.1966000e+02
   1.6239000e+02
   2.6760000e+02
   3.2462000e+02
   3.4397000e+02
   3.5516000e+02
   3.7603000e+02
   3.7561000e+02
   3.7884000e+02
   3.7818000e+02
   3.6185000e+02
   3.5105000e+02
   3.3928000e+02
   3.2182000e+02
   2.8803000e+02
   2.6699000e+02
   2.7780000e+02
   2.9940000e+02
   3.0215000e+02
   3.0366000e+02
   2.9865000e+02
   2.8448000e+02
   2.6961000e+02
   2.5210000e+02
   2.4416000e+02
   2.2683000e+02
   2.0059000e+02
   1.7440000e+02
   1.7483000e+02
   1.8797000e+02
   1.9275000e+02
   2.0241000e+02
   2.0879000e+02
   2.1953000e+02
   2.1267000e+02
   2.0783000e+02
   2.3912000e+02
   2.5694000e+02
   2.7582000e+02
   2.8109000e+02
   2.7197000e+02
   2.5680000e+02
   2.5444000e+02
   2.5390000e+02
   2.3792000e+02
   2.1929000e+02
   2.0729000e+02
   1.9066000e+02
   1.7340000e+02
   1.5347000e+02
   1.3564000e+02
   1.1876000e+02
   1.0557000e+02
   9.4030000e+01
   8.3460000e+01
   7.4280000e+01
   6.6230000e+01
   5.9720000e+01
   5.3760000e+01
   4.9070000e+01
   4.4730000e+01
   4.0610000e+01
   3.7090000e+01
   3.4110000e+01
   3.1790000e+01
   2.9660000e+01
   2.7370000e+01
   2.5210000e+01
   2.3850000e+01
   2.2290000e+01
   2.0370000e+01
   1.8790000e+01
   1.7560000e+01
   1.6610000e+01
   1.6060000e+01
   1.6060000e+01
   1.6180000e+01
   1.7960000e+01
   1.8360000e+01
   1.8220000e+01
   1.6570000e+01
   1.4160000e+01
   1.2460000e+01
   1.1370000e+01
   1.0660000e+01
  -9.9990000e+03
  -9.9990000e+03
  -9.9990000e+03
  -9.9990000e+03
  -9.9990000e+03
  -9.9990000e+03
   8.5400000e+00
   8.0600000e+00
   7.4700000e+00
   6.9000000e+00
   6.4200000e+00
   6.0700000e+00
   5.7000000e+00
   5.4600000e+00
   5.2200000e+00
   5.0100000e+00
   4.8500000e+00
   4.6700000e+00
   4.4800000e+00
   4.3100000e+00
   4.1200000e+00
   4.0200000e+00
   3.9200000e+00
   3.9000000e+00
   3.9000000e+00
   3.9000000e+00
   3.9000000e+00
   3.8900000e+00
   3.8200000e+00
   3.8000000e+00
   3.8000000e+00
   3.8000000e+00
   3.8000000e+00
   3.8000000e+00
   3.8000000e+00
   3.8000000e+00
   3.8000000e+00
   3.8000000e+00
   3.8000000e+00
   3.8000000e+00
   3.8000000e+00
   3.8000000e+00
   3.8000000e+00
   3.8000000e+00
   3.8000000e+00
   3.8000000e+00
   3.8000000e+00
   3.7000000e+00
   2.0300000e+00
   1.4000000e+00
   1.3900000e+00
   1.3800000e+00
   1.3600000e+00
   1.3500000e+00
   1.3400000e+00
   1.3200000e+00
   1.3100000e+00
   1.3000000e+00
   1.2800000e+00
   1.2700000e+00
   1.2500000e+00
   1.2400000e+00
   1.2300000e+00
   1.2100000e+00
   1.2000000e+00
   1.1900000e+00
   1.1700000e+00
   1.1500000e+00
   1.1100000e+00
   1.1100000e+00
   1.1100000e+00
   1.1100000e+00
   1.1100000e+00
   1.1100000e+00
   1.1100000e+00
   1.1100000e+00
   1.1100000e+00
   1.1100000e+00
   1.1100000e+00
   1.1100000e+00
   1.1100000e+00
   1.1100000e+00
   1.1100000e+00
   1.1100000e+00
   1.1100000e+00
   1.1100000e+00
   1.1100000e+00
   1.1100000e+00
   1.1100000e+00
   1.1100000e+00
   1.1100000e+00
   1.1100000e+00
   1.1100000e+00
   1.1100000e+00
   1.1100000e+00
   1.1100000e+00
   1.1100000e+00
   1.1100000e+00
   1.1100000e+00
   1.1100000e+00
   1.1100000e+00
   1.1100000e+00
   1.1100000e+00
   1.1100000e+00
   1.1100000e+00
   1.1100000e+00
   1.1100000e+00
   1.1100000e+00
   1.1100000e+00
   1.1100000e+00
   1.1100000e+00
   1.1100000e+00
   1.1100000e+00
   1.1100000e+00
   1.1100000e+00
   1.1100000e+00
   1.1100000e+00
   1.1100000e+00
   1.1100000e+00
   1.1100000e+00
   1.1100000e+00
   1.1100000e+00
   1.1100000e+00
   1.1100000e+00
   1.1100000e+00
   1.1100000e+00
   1.1100000e+00
   1.1100000e+00
   1.1100000e+00
   1.1100000e+00
   1.1100000e+00
   1.1100000e+00
   1.1100000e+00
   1.1100000e+00
   1.1100000e+00
   1.1100000e+00
   1.1100000e+00
   1.1100000e+00
   1.1100000e+00
   1.1100000e+00
   1.1100000e+00
   1.1100000e+00
   1.1100000e+00
   1.1100000e+00
   1.1100000e+00
   1.1100000e+00
   1.1100000e+00
   1.1100000e+00
   1.1100000e+00
   1.1100000e+00
   1.1100000e+00
   1.1100000e+00
   1.1100000e+00
   1.1100000e+00
   1.1100000e+00
   1.1100000e+00
   1.1100000e+00
   1.1100000e+00
   1.1100000e+00
   1.1100000e+00
   1.1100000e+00
   1.1100000e+00
   1.1100000e+00
   1.1100000e+00
   1.1100000e+00
   1.1100000e+00
   1.1000000e+00
   1.0900000e+00
   1.0800000e+00
   1.0700000e+00
   1.0600000e+00
   1.0500000e+00
   1.0400000e+00
   1.0300000e+00
   1.0200000e+00
   1.0100000e+00
   1.0000000e+00
   9.9000000e-01
   9.8000000e-01
   9.7000000e-01
   9.6000000e-01
   9.5000000e-01
   9.4000000e-01
   9.3000000e-01
   9.2000000e-01
   9.1000000e-01
   9.0000000e-01
   8.9000000e-01
   8.8000000e-01
   8.7000000e-01
   8.6000000e-01
   8.5000000e-01
   8.4000000e-01
   8.4000000e-01
   8.4000000e-01
   8.4000000e-01
   8.4000000e-01
   8.4000000e-01
   8.4000000e-01
   8.4000000e-01
   8.4000000e-01
   8.4000000e-01
   8.4000000e-01
   8.4000000e-01
   8.4000000e-01
   8.4000000e-01
   8.4000000e-01
   8.4000000e-01
   8.4000000e-01
   8.4000000e-01
   8.4000000e-01
   8.4000000e-01
   8.4000000e-01
   8.4000000e-01
   8.4000000e-01
   8.4000000e-01
   3.0500000e+00
   1.5850000e+01
   1.7570000e+01
   1.2190000e+01
   2.2340000e+01
   1.7700000e+01
   1.5370000e+01
   1.3810000e+01
   1.0080000e+01
   8.7800000e+00
   7.5900000e+00
   7.7300000e+00
   6.8100000e+00
   5.8100000e+00
   6.1400000e+00
   1.4290000e+01
   1.7480000e+01
   1.5990000e+01
   1.3970000e+01
   1.5760000e+01
   1.7770000e+01
   1.8570000e+01
   1.7040000e+01
   1.4600000e+01
   1.7130000e+01
   1.8770000e+01
   4.4350000e+01
   5.9810000e+01
   9.7390000e+01
   1.8603000e+02
   2.4388000e+02
   2.1880000e+02
   1.4539000e+02
   1.5433000e+02
   2.1225000e+02
   2.1620000e+02
   2.0996000e+02
   1.4278000e+02
   8.8480000e+01
   1.1505000e+02
   1.6220000e+02
   1.3397000e+02
   7.0390000e+01
   6.4340000e+01
   8.7520000e+01
   1.0341000e+02
   1.1832000e+02
   1.3500000e+02
   1.3184000e+02
   1.0794000e+02
   1.1239000e+02
   1.7520000e+02
   1.1090000e+02
   1.0047000e+02
   1.2612000e+02
   1.1753000e+02
   8.2850000e+01
   6.9040000e+01
   6.8540000e+01
   9.8670000e+01
   1.5344000e+02
   9.2400000e+01
   7.8780000e+01
   6.4460000e+01
   5.5440000e+01
   5.1180000e+01
   5.4250000e+01
   7.0480000e+01
   6.7700000e+01
   6.2670000e+01
   5.9750000e+01
   6.0120000e+01
   5.6470000e+01
   6.1570000e+01
   9.6360000e+01
   1.0539000e+02
   8.0570000e+01
   9.0550000e+01
   1.1662000e+02
   1.1241000e+02
   9.1670000e+01
   8.5540000e+01
   8.9460000e+01
   8.7650000e+01
   9.0770000e+01
   9.4270000e+01
   8.5580000e+01
   7.0960000e+01
   6.2320000e+01
   5.4840000e+01
   5.5990000e+01
   5.8430000e+01
   5.2740000e+01
   4.9920000e+01
   4.2360000e+01
   3.7960000e+01
   9.9820000e+01
   1.0083000e+02
   9.3420000e+01
   1.1779000e+02
   1.5072000e+02
   1.5670000e+02
   1.6552000e+02
   1.5057000e+02
   1.6395000e+02
   1.5060000e+02
   1.3309000e+02
   1.1238000e+02
   9.6670000e+01
   1.4552000e+02
   1.6190000e+02
   1.7628000e+02
   2.2860000e+02
   2.2229000e+02
   2.1250000e+02
   2.1712000e+02
   2.3442000e+02
   2.1983000e+02
   1.8865000e+02
   1.6069000e+02
   1.3878000e+02
   1.2668000e+02
   1.1776000e+02
   1.0994000e+02
   9.7660000e+01
   8.6890000e+01
   7.8420000e+01
   7.3640000e+01
   6.7510000e+01
   6.0500000e+01
   5.5320000e+01
   4.8630000e+01
   4.2530000e+01
   3.8140000e+01
   3.4590000e+01
   3.1740000e+01
   2.8990000e+01
   2.6670000e+01
   2.4460000e+01
   2.2460000e+01
   2.0760000e+01
   1.9290000e+01
   1.7690000e+01
   1.6250000e+01
   1.4940000e+01
   1.3640000e+01
   1.2450000e+01
   1.1360000e+01
   1.0470000e+01
   9.6600000e+00
   8.9200000e+00
   8.2500000e+00
   7.7000000e+00
   7.4100000e+00
   7.2500000e+00
   7.0800000e+00
   6.9100000e+00
   6.7500000e+00
   6.5800000e+00
   6.4100000e+00
   6.2500000e+00
   6.0800000e+00
   5.9100000e+00
   5.7500000e+00
   5.5800000e+00
   5.4100000e+00
   5.2500000e+00
   5.0800000e+00
   4.9100000e+00
   4.7500000e+00
   4.5800000e+00
   4.4100000e+00
   4.2500000e+00
   4.0800000e+00
   3.9100000e+00
   3.7500000e+00
   3.5800000e+00
   3.4100000e+00
   3.2500000e+00
   3.0800000e+00
   2.9100000e+00
   2.7500000e+00
   2.5800000e+00
   2.4100000e+00
   2.2500000e+00
   2.0800000e+00
   1.9100000e+00
   1.7500000e+00
   1.5800000e+00
   1.4100000e+00
   1.2500000e+00
   1.0800000e+00
   9.2000000e-01
   7.5000000e-01
   5.8000000e-01
   4.2000000e-01
   2.5000000e-01
