   3.1000000e+01   1.0000000e+00   0.0000000e+00
   3.2000000e+01   1.0000000e+00   0.0000000e+00
   3.3000000e+01   1.0000000e+00   0.0000000e+00
   3.4000000e+01   1.0000000e+00   0.0000000e+00
   3.5000000e+01   1.0000000e+00   0.0000000e+00
   3.6000000e+01   1.0000000e+00   0.0000000e+00
   3.7000000e+01   1.0000000e+00   0.0000000e+00
   3.8000000e+01   1.0000000e+00   0.0000000e+00
   3.9000000e+01   1.0000000e+00   0.0000000e+00
   4.0000000e+01   1.0000000e+00   0.0000000e+00
   4.1000000e+01   1.0000000e+00   0.0000000e+00
   4.2000000e+01   1.0000000e+00   0.0000000e+00
   4.3000000e+01   1.0000000e+00   0.0000000e+00
   4.4000000e+01   1.0000000e+00   0.0000000e+00
   4.5000000e+01   1.0000000e+00   0.0000000e+00
   4.6000000e+01   1.0000000e+00   0.0000000e+00
   4.7000000e+01   1.0000000e+00   0.0000000e+00
   4.8000000e+01   1.0000000e+00   0.0000000e+00
   4.9000000e+01   1.0000000e+00   0.0000000e+00
   5.0000000e+01   1.0000000e+00   0.0000000e+00
   5.1000000e+01   1.0000000e+00   0.0000000e+00
   5.2000000e+01   1.0000000e+00   0.0000000e+00
   5.3000000e+01   1.0000000e+00   0.0000000e+00
   5.4000000e+01   1.0000000e+00   0.0000000e+00
   5.5000000e+01   1.0000000e+00   0.0000000e+00
   5.6000000e+01   1.0000000e+00   0.0000000e+00
   5.7000000e+01   1.0000000e+00   0.0000000e+00
   5.8000000e+01   1.0000000e+00   0.0000000e+00
   5.9000000e+01   1.0000000e+00   0.0000000e+00
   6.0000000e+01   1.0000000e+00   0.0000000e+00
   6.1000000e+01   1.0000000e+00   0.0000000e+00
   6.2000000e+01   1.0000000e+00   0.0000000e+00
   6.3000000e+01   1.0000000e+00   0.0000000e+00
   6.4000000e+01   1.0000000e+00   0.0000000e+00
   6.5000000e+01   1.0000000e+00   0.0000000e+00
   6.6000000e+01   1.0000000e+00   0.0000000e+00
   6.7000000e+01   1.0000000e+00   0.0000000e+00
   6.8000000e+01   1.0000000e+00   0.0000000e+00
   6.9000000e+01   1.0000000e+00   0.0000000e+00
   7.0000000e+01   1.0000000e+00   0.0000000e+00
   7.1000000e+01   1.0000000e+00   0.0000000e+00
   7.2000000e+01   1.0000000e+00   0.0000000e+00
   7.3000000e+01   1.0000000e+00   0.0000000e+00
   7.4000000e+01   1.0000000e+00   0.0000000e+00
   7.5000000e+01   1.0000000e+00   0.0000000e+00
   7.6000000e+01   1.0000000e+00   0.0000000e+00
   7.7000000e+01   1.0000000e+00   0.0000000e+00
   7.8000000e+01   1.0000000e+00   0.0000000e+00
   7.9000000e+01   1.0000000e+00   0.0000000e+00
   8.0000000e+01   1.0000000e+00   0.0000000e+00
   8.1000000e+01   1.0000000e+00   0.0000000e+00
   8.2000000e+01   1.0000000e+00   0.0000000e+00
   8.3000000e+01   1.0000000e+00   0.0000000e+00
   8.4000000e+01   1.0000000e+00   0.0000000e+00
   8.5000000e+01   1.0000000e+00   0.0000000e+00
   8.6000000e+01   1.0000000e+00   0.0000000e+00
   8.7000000e+01   1.0000000e+00   0.0000000e+00
   8.8000000e+01   1.0000000e+00   0.0000000e+00
   8.9000000e+01   1.0000000e+00   0.0000000e+00
   9.0000000e+01   1.0000000e+00   0.0000000e+00
   9.1000000e+01   1.0000000e+00   0.0000000e+00
   9.2000000e+01   1.0000000e+00   0.0000000e+00
   9.3000000e+01   1.0000000e+00   0.0000000e+00
   9.4000000e+01   1.0000000e+00   0.0000000e+00
   9.5000000e+01   1.0000000e+00   0.0000000e+00
   9.6000000e+01   1.0000000e+00   0.0000000e+00
   9.7000000e+01   1.0000000e+00   3.5090000e-01
   9.8000000e+01   1.0000000e+00   7.9159000e+00
   9.9000000e+01   1.0000000e+00   2.1395600e+01
   1.0000000e+02   1.0000000e+00   8.9710000e-01
   1.0100000e+02   1.0000000e+00   5.4100000e-02
   1.0200000e+02   1.0000000e+00   0.0000000e+00
   1.0300000e+02   1.0000000e+00   8.7600000e-02
   1.0400000e+02   1.0000000e+00   0.0000000e+00
   1.0500000e+02   1.0000000e+00   0.0000000e+00
   1.0600000e+02   1.0000000e+00   0.0000000e+00
   1.0700000e+02   1.0000000e+00   2.8600000e-02
   1.0800000e+02   1.0000000e+00   0.0000000e+00
   1.0900000e+02   1.0000000e+00   0.0000000e+00
   1.1000000e+02   1.0000000e+00   1.4900000e-02
   1.1100000e+02   1.0000000e+00   2.7810000e-01
   1.1200000e+02   1.0000000e+00   1.2000000e-02
   1.1300000e+02   1.0000000e+00   0.0000000e+00
   1.1400000e+02   1.0000000e+00   0.0000000e+00
   1.1500000e+02   1.0000000e+00   0.0000000e+00
   1.1600000e+02   1.0000000e+00   0.0000000e+00
   1.1700000e+02   1.0000000e+00   0.0000000e+00
   1.1800000e+02   1.0000000e+00   1.0374500e+01
   1.1900000e+02   1.0000000e+00   6.1300000e-02
   1.2000000e+02   1.0000000e+00   5.5500000e-02
   1.2100000e+02   1.0000000e+00   3.9800000e-02
   1.2200000e+02   1.0000000e+00   1.8800000e-02
   1.2300000e+02   1.0000000e+00   1.5600000e-02
   1.2400000e+02   1.0000000e+00   8.7350000e-01
   1.2500000e+02   1.0000000e+00   1.2160000e-01
   1.2600000e+02   1.0000000e+00   1.9686000e+00
   1.2700000e+02   1.0000000e+00   1.0427600e+01
   1.2800000e+02   1.0000000e+00   1.5068200e+01
   1.2900000e+02   1.0000000e+00   0.0000000e+00
   1.3000000e+02   1.0000000e+00   0.0000000e+00
   1.3100000e+02   1.0000000e+00   1.1050000e-01
   1.3200000e+02   1.0000000e+00   0.0000000e+00
   1.3300000e+02   1.0000000e+00   0.0000000e+00
   1.3400000e+02   1.0000000e+00   1.6117700e+01
   1.3500000e+02   1.0000000e+00   3.2500000e-02
   1.3600000e+02   1.0000000e+00   1.0208000e+00
   1.3700000e+02   1.0000000e+00   0.0000000e+00
   1.3800000e+02   1.0000000e+00   1.2450300e+01
   1.3900000e+02   1.0000000e+00   2.0000000e-03
   1.4000000e+02   1.0000000e+00   0.0000000e+00
   1.4100000e+02   1.0000000e+00   5.0960000e-01
   1.4200000e+02   1.0000000e+00   0.0000000e+00
   1.4300000e+02   1.0000000e+00   0.0000000e+00
   1.4400000e+02   1.0000000e+00   3.8863000e+00
   1.4500000e+02   1.0000000e+00   0.0000000e+00
   1.4600000e+02   1.0000000e+00   0.0000000e+00
   1.4700000e+02   1.0000000e+00   1.6520000e-01
   1.4800000e+02   1.0000000e+00   0.0000000e+00
   1.4900000e+02   1.0000000e+00   4.6890000e-01
   1.5000000e+02   1.0000000e+00   0.0000000e+00
   1.5100000e+02   1.0000000e+00   1.2886000e+00
   1.5200000e+02   1.0000000e+00   1.6346000e+00
   1.5300000e+02   1.0000000e+00   1.6673000e+00
   1.5400000e+02   1.0000000e+00   7.7800000e-02
   1.5500000e+02   1.0000000e+00   3.1505000e+00
   1.5600000e+02   1.0000000e+00   6.6066000e+00
   1.5700000e+02   1.0000000e+00   1.2129000e+00
   1.5800000e+02   1.0000000e+00   4.1251000e+00
   1.5900000e+02   1.0000000e+00   1.2517200e+01
   1.6000000e+02   1.0000000e+00   2.1120000e-01
   1.6100000e+02   1.0000000e+00   1.3100000e-02
   1.6200000e+02   1.0000000e+00   2.5600000e-02
   1.6300000e+02   1.0000000e+00   2.2573000e+00
   1.6400000e+02   1.0000000e+00   2.0061000e+01
   1.6500000e+02   1.0000000e+00   6.1200000e-01
   1.6600000e+02   1.0000000e+00   1.3500000e-02
   1.6700000e+02   1.0000000e+00   3.9500000e-02
   1.6800000e+02   1.0000000e+00   0.0000000e+00
   1.6900000e+02   1.0000000e+00   2.0295600e+01
   1.7000000e+02   1.0000000e+00   1.6549000e+00
   1.7100000e+02   1.0000000e+00   4.2970000e-01
   1.7200000e+02   1.0000000e+00   0.0000000e+00
   1.7300000e+02   1.0000000e+00   1.1150000e-01
   1.7400000e+02   1.0000000e+00   2.2648400e+01
   1.7500000e+02   1.0000000e+00   9.9100000e-02
   1.7600000e+02   1.0000000e+00   3.1330000e-01
   1.7700000e+02   1.0000000e+00   4.4201000e+00
   1.7800000e+02   1.0000000e+00   9.6045000e+00
   1.7900000e+02   1.0000000e+00   7.3170000e-01
   1.8000000e+02   1.0000000e+00   3.8620000e-01
   1.8100000e+02   1.0000000e+00   0.0000000e+00
   1.8200000e+02   1.0000000e+00   2.3006500e+01
   1.8300000e+02   1.0000000e+00   4.3550000e-01
   1.8400000e+02   1.0000000e+00   3.6596000e+00
   1.8500000e+02   1.0000000e+00   0.0000000e+00
   1.8600000e+02   1.0000000e+00   4.5129000e+00
   1.8700000e+02   1.0000000e+00   6.5800000e-02
   1.8800000e+02   1.0000000e+00   1.3404900e+01
   1.8900000e+02   1.0000000e+00   1.0850000e-01
   1.9000000e+02   1.0000000e+00   1.8770000e-01
   1.9100000e+02   1.0000000e+00   1.9727000e+00
   1.9200000e+02   1.0000000e+00   1.8567000e+00
   1.9300000e+02   1.0000000e+00   8.3750000e-01
   1.9400000e+02   1.0000000e+00   1.2296900e+01
   1.9500000e+02   1.0000000e+00   3.1800000e+00
   1.9600000e+02   1.0000000e+00   4.3853000e+00
   1.9700000e+02   1.0000000e+00   9.5700000e-02
   1.9800000e+02   1.0000000e+00   2.8426000e+00
   1.9900000e+02   1.0000000e+00   4.2180000e-01
   2.0000000e+02   1.0000000e+00   3.9036000e+00
   2.0100000e+02   1.0000000e+00   1.1344000e+00
   2.0200000e+02   1.0000000e+00   7.9011000e+00
   2.0300000e+02   1.0000000e+00   8.0000000e-04
   2.0400000e+02   1.0000000e+00   5.7100000e-02
   2.0500000e+02   1.0000000e+00   3.4271000e+00
   2.0600000e+02   1.0000000e+00   1.6743200e+01
   2.0700000e+02   1.0000000e+00   2.0001000e+01
   2.0800000e+02   1.0000000e+00   1.7623700e+01
   2.0900000e+02   1.0000000e+00   1.5930000e-01
   2.1000000e+02   1.0000000e+00   1.9680000e-01
   2.1100000e+02   1.0000000e+00   9.7300000e-01
   2.1200000e+02   1.0000000e+00   2.9900000e-01
   2.1300000e+02   1.0000000e+00   4.4019000e+00
   2.1400000e+02   1.0000000e+00   4.4685000e+00
   2.1500000e+02   1.0000000e+00   5.4891000e+00
   2.1600000e+02   1.0000000e+00   5.8800000e-02
   2.1700000e+02   1.0000000e+00   4.3380000e+00
   2.1800000e+02   1.0000000e+00   3.3445000e+00
   2.1900000e+02   1.0000000e+00   0.0000000e+00
   2.2000000e+02   1.0000000e+00   0.0000000e+00
   2.2100000e+02   1.0000000e+00   1.0228900e+01
   2.2200000e+02   1.0000000e+00   1.4330000e-01
   2.2300000e+02   1.0000000e+00   1.5630800e+01
   2.2400000e+02   1.0000000e+00   4.1100000e-02
   2.2500000e+02   1.0000000e+00   2.0300000e-02
   2.2600000e+02   1.0000000e+00   1.6840000e-01
   2.2700000e+02   1.0000000e+00   9.6010000e-01
   2.2800000e+02   1.0000000e+00   1.4406300e+01
   2.2900000e+02   1.0000000e+00   8.8862000e+00
   2.3000000e+02   1.0000000e+00   2.3040000e-01
   2.3100000e+02   1.0000000e+00   5.1510000e-01
   2.3200000e+02   1.0000000e+00   1.1508900e+01
   2.3300000e+02   1.0000000e+00   2.2107000e+00
   2.3400000e+02   1.0000000e+00   6.2530000e-01
   2.3500000e+02   1.0000000e+00   4.9520000e-01
   2.3600000e+02   1.0000000e+00   9.0700000e-02
   2.3700000e+02   1.0000000e+00   6.8430000e-01
   2.3800000e+02   1.0000000e+00   3.9275000e+00
   2.3900000e+02   1.0000000e+00   6.1174000e+00
   2.4000000e+02   1.0000000e+00   2.9624000e+00
   2.4100000e+02   1.0000000e+00   1.8091900e+01
   2.4200000e+02   1.0000000e+00   4.7124000e+00
   2.4300000e+02   1.0000000e+00   6.5621000e+00
   2.4400000e+02   1.0000000e+00   5.1541000e+00
   2.4500000e+02   1.0000000e+00   1.1597000e+00
   2.4600000e+02   1.0000000e+00   7.4000000e-02
   2.4700000e+02   1.0000000e+00   1.9947200e+01
   2.4800000e+02   1.0000000e+00   3.4638600e+01
   2.4900000e+02   1.0000000e+00   7.3303000e+00
   2.5000000e+02   1.0000000e+00   4.4940000e-01
   2.5100000e+02   1.0000000e+00   7.6994000e+00
   2.5200000e+02   1.0000000e+00   1.5163300e+01
   2.5300000e+02   1.0000000e+00   2.2150000e-01
   2.5400000e+02   1.0000000e+00   1.3238200e+01
   2.5500000e+02   1.0000000e+00   1.0348100e+01
   2.5600000e+02   1.0000000e+00   3.2019800e+01
   2.5700000e+02   1.0000000e+00   4.3421000e+00
   2.5800000e+02   1.0000000e+00   5.3170000e-01
   2.5900000e+02   1.0000000e+00   1.5907100e+01
   2.6000000e+02   1.0000000e+00   8.8551000e+00
   2.6100000e+02   1.0000000e+00   1.1358000e+00
   2.6200000e+02   1.0000000e+00   5.7279000e+00
   2.6300000e+02   1.0000000e+00   2.4884300e+01
   2.6400000e+02   1.0000000e+00   1.1040000e-01
   2.6500000e+02   1.0000000e+00   2.9082000e+00
   2.6600000e+02   1.0000000e+00   1.2515500e+01
   2.6700000e+02   1.0000000e+00   2.8440000e-01
   2.6800000e+02   1.0000000e+00   2.0592000e+00
   2.6900000e+02   1.0000000e+00   6.8633000e+00
   2.7000000e+02   1.0000000e+00   8.3930000e-01
   2.7100000e+02   1.0000000e+00   4.3678300e+01
   2.7200000e+02   1.0000000e+00   9.1800000e-01
   2.7300000e+02   1.0000000e+00   1.7680000e-01
   2.7400000e+02   1.0000000e+00   7.9400000e-02
   2.7500000e+02   1.0000000e+00   1.1565000e+01
   2.7600000e+02   1.0000000e+00   1.7340000e-01
   2.7700000e+02   1.0000000e+00   2.7608700e+01
   2.7800000e+02   1.0000000e+00   5.9980000e-01
   2.7900000e+02   1.0000000e+00   3.5040200e+01
   2.8000000e+02   1.0000000e+00   1.4030000e-01
   2.8100000e+02   1.0000000e+00   1.4155000e+00
   2.8200000e+02   1.0000000e+00   2.6990000e-01
   2.8300000e+02   1.0000000e+00   3.9478000e+00
   2.8400000e+02   1.0000000e+00   4.0513000e+00
   2.8500000e+02   1.0000000e+00   8.0263000e+00
   2.8600000e+02   1.0000000e+00   1.9275900e+01
   2.8700000e+02   1.0000000e+00   1.7154600e+01
   2.8800000e+02   1.0000000e+00   3.3480600e+01
   2.8900000e+02   1.0000000e+00   1.6828000e+00
   2.9000000e+02   1.0000000e+00   3.8420000e-01
   2.9100000e+02   1.0000000e+00   2.5227600e+01
   2.9200000e+02   1.0000000e+00   1.7584600e+01
   2.9300000e+02   1.0000000e+00   1.5310000e-01
   2.9400000e+02   1.0000000e+00   5.2100000e-02
   2.9500000e+02   1.0000000e+00   7.4890000e+00
   2.9600000e+02   1.0000000e+00   1.0920000e-01
   2.9700000e+02   1.0000000e+00   1.2189000e+00
   2.9800000e+02   1.0000000e+00   1.4326500e+01
   2.9900000e+02   1.0000000e+00   7.8710000e-01
   3.0000000e+02   1.0000000e+00   2.1518000e+00
   3.0100000e+02   1.0000000e+00   1.3910000e-01
   3.0200000e+02   1.0000000e+00   4.0660000e-01
   3.0300000e+02   1.0000000e+00   1.6651000e+01
   3.0400000e+02   1.0000000e+00   3.0427000e+00
   3.0500000e+02   1.0000000e+00   7.5645000e+00
   3.0600000e+02   1.0000000e+00   1.8486100e+01
   3.0700000e+02   1.0000000e+00   6.6981000e+00
   3.0800000e+02   1.0000000e+00   9.1911000e+00
   3.0900000e+02   1.0000000e+00   4.6230000e+00
   3.1000000e+02   1.0000000e+00   1.4339100e+01
   3.1100000e+02   1.0000000e+00   1.4576300e+01
   3.1200000e+02   1.0000000e+00   6.3772000e+00
   3.1300000e+02   1.0000000e+00   4.5430000e-01
   3.1400000e+02   1.0000000e+00   6.8995000e+00
   3.1500000e+02   1.0000000e+00   8.2830000e-01
   3.1600000e+02   1.0000000e+00   2.3044000e+00
   3.1700000e+02   1.0000000e+00   4.2823000e+00
   3.1800000e+02   1.0000000e+00   9.0340000e-01
   3.1900000e+02   1.0000000e+00   6.0583000e+00
   3.2000000e+02   1.0000000e+00   1.4810000e-01
   3.2100000e+02   1.0000000e+00   1.6680000e-01
   3.2200000e+02   1.0000000e+00   2.9698000e+00
   3.2300000e+02   1.0000000e+00   9.8200000e-02
   3.2400000e+02   1.0000000e+00   1.1485000e+00
   3.2500000e+02   1.0000000e+00   1.7300000e-02
   3.2600000e+02   1.0000000e+00   2.2500000e-02
   3.2700000e+02   1.0000000e+00   7.7800000e-02
   3.2800000e+02   1.0000000e+00   1.5900000e-01
   3.2900000e+02   1.0000000e+00   4.1340000e-01
   3.3000000e+02   1.0000000e+00   1.7000000e-03
   3.3100000e+02   1.0000000e+00   7.3800000e-02
   3.3200000e+02   1.0000000e+00   6.6100000e-02
   3.3300000e+02   1.0000000e+00   1.3510000e-01
   3.3400000e+02   1.0000000e+00   1.7100000e-02
   3.3500000e+02   1.0000000e+00   8.0000000e-03
   3.3600000e+02   1.0000000e+00   3.7200000e-02
   3.3700000e+02   1.0000000e+00   0.0000000e+00
   3.3800000e+02   1.0000000e+00   0.0000000e+00
   3.3900000e+02   1.0000000e+00   1.6661000e+00
   3.4000000e+02   1.0000000e+00   0.0000000e+00
   3.4100000e+02   1.0000000e+00   0.0000000e+00
   3.4200000e+02   1.0000000e+00   0.0000000e+00
   3.4300000e+02   1.0000000e+00   8.2500000e-02
   3.4400000e+02   1.0000000e+00   0.0000000e+00
   3.4500000e+02   1.0000000e+00   0.0000000e+00
   3.4600000e+02   1.0000000e+00   1.3120000e-01
   3.4700000e+02   1.0000000e+00   0.0000000e+00
   3.4800000e+02   1.0000000e+00   9.8900000e-02
   3.4900000e+02   1.0000000e+00   0.0000000e+00
   3.5000000e+02   1.0000000e+00   0.0000000e+00
   3.5100000e+02   1.0000000e+00   5.1600000e-02
   3.5200000e+02   1.0000000e+00   2.1500000e-02
   3.5300000e+02   1.0000000e+00   0.0000000e+00
   3.5400000e+02   1.0000000e+00   0.0000000e+00
   3.5500000e+02   1.0000000e+00   7.0460000e-01
   3.5600000e+02   1.0000000e+00   1.7400000e-01
   3.5700000e+02   1.0000000e+00   0.0000000e+00
   3.5800000e+02   1.0000000e+00   0.0000000e+00
   3.5900000e+02   1.0000000e+00   0.0000000e+00
   3.6000000e+02   1.0000000e+00   0.0000000e+00
   3.6100000e+02   1.0000000e+00   0.0000000e+00
   3.6200000e+02   1.0000000e+00   0.0000000e+00
   3.6300000e+02   1.0000000e+00   0.0000000e+00
   3.6400000e+02   1.0000000e+00   0.0000000e+00
   3.6500000e+02   1.0000000e+00   0.0000000e+00
   3.6600000e+02   1.0000000e+00   0.0000000e+00
   3.6700000e+02   1.0000000e+00   0.0000000e+00
   3.6800000e+02   1.0000000e+00   0.0000000e+00
   3.6900000e+02   1.0000000e+00   0.0000000e+00
   3.7000000e+02   1.0000000e+00   0.0000000e+00
   3.7100000e+02   1.0000000e+00   0.0000000e+00
   3.7200000e+02   1.0000000e+00   0.0000000e+00
   3.7300000e+02   1.0000000e+00   0.0000000e+00
   3.7400000e+02   1.0000000e+00   0.0000000e+00
   3.7500000e+02   1.0000000e+00   0.0000000e+00
   3.7600000e+02   1.0000000e+00   0.0000000e+00
   3.7700000e+02   1.0000000e+00   0.0000000e+00
   3.7800000e+02   1.0000000e+00   0.0000000e+00
   3.7900000e+02   1.0000000e+00   0.0000000e+00
   3.8000000e+02   1.0000000e+00   0.0000000e+00
   3.8100000e+02   1.0000000e+00   0.0000000e+00
   3.8200000e+02   1.0000000e+00   0.0000000e+00
   3.8300000e+02   1.0000000e+00   0.0000000e+00
   3.8400000e+02   1.0000000e+00   0.0000000e+00
   3.8500000e+02   1.0000000e+00   0.0000000e+00
   3.8600000e+02   1.0000000e+00   0.0000000e+00
   3.8700000e+02   1.0000000e+00   0.0000000e+00
   3.8800000e+02   1.0000000e+00   0.0000000e+00
   3.8900000e+02   1.0000000e+00   0.0000000e+00
   3.9000000e+02   1.0000000e+00   0.0000000e+00
   3.9100000e+02   1.0000000e+00   0.0000000e+00
   3.9200000e+02   1.0000000e+00   0.0000000e+00
   3.9300000e+02   1.0000000e+00   0.0000000e+00
   3.9400000e+02   1.0000000e+00   0.0000000e+00
   3.9500000e+02   1.0000000e+00   0.0000000e+00
   3.9600000e+02   1.0000000e+00   0.0000000e+00
   3.9700000e+02   1.0000000e+00   0.0000000e+00
   3.9800000e+02   1.0000000e+00   0.0000000e+00
   3.9900000e+02   1.0000000e+00   0.0000000e+00
   4.0000000e+02   1.0000000e+00   0.0000000e+00
   4.0100000e+02   1.0000000e+00   0.0000000e+00
   4.0200000e+02   1.0000000e+00   0.0000000e+00
   4.0300000e+02   1.0000000e+00   0.0000000e+00
   4.0400000e+02   1.0000000e+00   0.0000000e+00
   4.0500000e+02   1.0000000e+00   0.0000000e+00
   4.0600000e+02   1.0000000e+00   0.0000000e+00
   4.0700000e+02   1.0000000e+00   4.6390000e-01
   4.0800000e+02   1.0000000e+00   2.4000000e-02
   4.0900000e+02   1.0000000e+00   0.0000000e+00
   4.1000000e+02   1.0000000e+00   0.0000000e+00
   4.1100000e+02   1.0000000e+00   0.0000000e+00
   4.1200000e+02   1.0000000e+00   0.0000000e+00
   4.1300000e+02   1.0000000e+00   0.0000000e+00
   4.1400000e+02   1.0000000e+00   0.0000000e+00
   4.1500000e+02   1.0000000e+00   0.0000000e+00
   4.1600000e+02   1.0000000e+00   0.0000000e+00
   4.1700000e+02   1.0000000e+00   0.0000000e+00
   4.1800000e+02   1.0000000e+00   0.0000000e+00
   4.1900000e+02   1.0000000e+00   0.0000000e+00
   4.2000000e+02   1.0000000e+00   0.0000000e+00
   4.2100000e+02   1.0000000e+00   0.0000000e+00
   4.2200000e+02   1.0000000e+00   0.0000000e+00
   4.2300000e+02   1.0000000e+00   0.0000000e+00
   4.2400000e+02   1.0000000e+00   0.0000000e+00
   4.2500000e+02   1.0000000e+00   0.0000000e+00
   4.2600000e+02   1.0000000e+00   0.0000000e+00
   4.2700000e+02   1.0000000e+00   0.0000000e+00
   4.2800000e+02   1.0000000e+00   0.0000000e+00
   4.2900000e+02   1.0000000e+00   0.0000000e+00
   4.3000000e+02   1.0000000e+00   0.0000000e+00
   4.3100000e+02   1.0000000e+00   0.0000000e+00
   4.3200000e+02   1.0000000e+00   0.0000000e+00
   4.3300000e+02   1.0000000e+00   0.0000000e+00
   4.3400000e+02   1.0000000e+00   1.0700000e-02
   4.3500000e+02   1.0000000e+00   5.1000000e-03
   4.3600000e+02   1.0000000e+00   1.1600000e-02
   4.3700000e+02   1.0000000e+00   0.0000000e+00
   4.3800000e+02   1.0000000e+00   0.0000000e+00
   4.3900000e+02   1.0000000e+00   8.6900000e-02
   4.4000000e+02   1.0000000e+00   0.0000000e+00
   4.4100000e+02   1.0000000e+00   8.1230000e-01
   4.4200000e+02   1.0000000e+00   0.0000000e+00
   4.4300000e+02   1.0000000e+00   9.0768000e+00
   4.4400000e+02   1.0000000e+00   1.3300000e-02
   4.4500000e+02   1.0000000e+00   0.0000000e+00
   4.4600000e+02   1.0000000e+00   0.0000000e+00
   4.4700000e+02   1.0000000e+00   0.0000000e+00
   4.4800000e+02   1.0000000e+00   0.0000000e+00
   4.4900000e+02   1.0000000e+00   0.0000000e+00
   4.5000000e+02   1.0000000e+00   0.0000000e+00
   4.5100000e+02   1.0000000e+00   0.0000000e+00
   4.5200000e+02   1.0000000e+00   0.0000000e+00
   4.5300000e+02   1.0000000e+00   0.0000000e+00
   4.5400000e+02   1.0000000e+00   0.0000000e+00
   4.5500000e+02   1.0000000e+00   0.0000000e+00
   4.5600000e+02   1.0000000e+00   0.0000000e+00
   4.5700000e+02   1.0000000e+00   0.0000000e+00
   4.5800000e+02   1.0000000e+00   0.0000000e+00
   4.5900000e+02   1.0000000e+00   0.0000000e+00
   4.6000000e+02   1.0000000e+00   5.8000000e-03
   4.6100000e+02   1.0000000e+00   0.0000000e+00
   4.6200000e+02   1.0000000e+00   0.0000000e+00
   4.6300000e+02   1.0000000e+00   0.0000000e+00
   4.6400000e+02   1.0000000e+00   0.0000000e+00
   4.6500000e+02   1.0000000e+00   0.0000000e+00
   4.6600000e+02   1.0000000e+00   4.6130000e-01
   4.6700000e+02   1.0000000e+00   2.1000000e-02
   4.6800000e+02   1.0000000e+00   0.0000000e+00
   4.6900000e+02   1.0000000e+00   0.0000000e+00
   4.7000000e+02   1.0000000e+00   0.0000000e+00
   4.7100000e+02   1.0000000e+00   0.0000000e+00
   4.7200000e+02   1.0000000e+00   0.0000000e+00
   4.7300000e+02   1.0000000e+00   0.0000000e+00
   4.7400000e+02   1.0000000e+00   3.8200000e-02
   4.7500000e+02   1.0000000e+00   0.0000000e+00
   4.7600000e+02   1.0000000e+00   4.2758000e+00
   4.7700000e+02   1.0000000e+00   1.2974200e+01
   4.7800000e+02   1.0000000e+00   2.8920000e+00
   4.7900000e+02   1.0000000e+00   1.0100000e-02
   4.8000000e+02   1.0000000e+00   0.0000000e+00
   4.8100000e+02   1.0000000e+00   0.0000000e+00
   4.8200000e+02   1.0000000e+00   0.0000000e+00
   4.8300000e+02   1.0000000e+00   0.0000000e+00
   4.8400000e+02   1.0000000e+00   0.0000000e+00
   4.8500000e+02   1.0000000e+00   0.0000000e+00
   4.8600000e+02   1.0000000e+00   0.0000000e+00
   4.8700000e+02   1.0000000e+00   0.0000000e+00
   4.8800000e+02   1.0000000e+00   0.0000000e+00
   4.8900000e+02   1.0000000e+00   5.2820000e-01
   4.9000000e+02   1.0000000e+00   1.2792000e+00
   4.9100000e+02   1.0000000e+00   2.0950000e+00
   4.9200000e+02   1.0000000e+00   7.2270000e-01
   4.9300000e+02   1.0000000e+00   8.7660000e-01
   4.9400000e+02   1.0000000e+00   0.0000000e+00
   4.9500000e+02   1.0000000e+00   0.0000000e+00
   4.9600000e+02   1.0000000e+00   5.9266000e+00
   4.9700000e+02   1.0000000e+00   1.3378000e+00
   4.9800000e+02   1.0000000e+00   1.3680000e-01
   4.9900000e+02   1.0000000e+00   3.6080000e-01
   5.0000000e+02   1.0000000e+00   1.2995800e+01
   5.0100000e+02   1.0000000e+00   1.5700000e-02
   5.0200000e+02   1.0000000e+00   4.5500000e-02
   5.0300000e+02   1.0000000e+00   9.0770000e-01
   5.0400000e+02   1.0000000e+00   2.6187000e+00
   5.0500000e+02   1.0000000e+00   2.3295000e+01
   5.0600000e+02   1.0000000e+00   4.9700000e-02
   5.0700000e+02   1.0000000e+00   7.7500000e-02
   5.0800000e+02   1.0000000e+00   2.4949000e+00
   5.0900000e+02   1.0000000e+00   7.1560000e-01
   5.1000000e+02   1.0000000e+00   0.0000000e+00
   5.1100000e+02   1.0000000e+00   4.9360000e-01
   5.1200000e+02   1.0000000e+00   5.9470000e+00
   5.1300000e+02   1.0000000e+00   0.0000000e+00
   5.1400000e+02   1.0000000e+00   1.2492100e+01
   5.1500000e+02   1.0000000e+00   3.1587000e+00
   5.1600000e+02   1.0000000e+00   5.5230000e-01
   5.1700000e+02   1.0000000e+00   2.7890000e-01
   5.1800000e+02   1.0000000e+00   1.4704000e+00
   5.1900000e+02   1.0000000e+00   0.0000000e+00
   5.2000000e+02   1.0000000e+00   0.0000000e+00
   5.2100000e+02   1.0000000e+00   6.0600000e-02
   5.2200000e+02   1.0000000e+00   1.2529400e+01
   5.2300000e+02   1.0000000e+00   1.4282000e+00
   5.2400000e+02   1.0000000e+00   3.7350000e-01
   5.2500000e+02   1.0000000e+00   1.8572000e+00
   5.2600000e+02   1.0000000e+00   7.0900000e-02
   5.2700000e+02   1.0000000e+00   5.3761000e+00
   5.2800000e+02   1.0000000e+00   6.2410000e-01
   5.2900000e+02   1.0000000e+00   7.4000000e-03
   5.3000000e+02   1.0000000e+00   1.1112000e+00
   5.3100000e+02   1.0000000e+00   1.2276000e+00
   5.3200000e+02   1.0000000e+00   2.1937000e+00
   5.3300000e+02   1.0000000e+00   1.6203000e+00
   5.3400000e+02   1.0000000e+00   0.0000000e+00
   5.3500000e+02   1.0000000e+00   2.0277000e+00
   5.3600000e+02   1.0000000e+00   1.4874400e+01
   5.3700000e+02   1.0000000e+00   7.8310000e-01
   5.3800000e+02   1.0000000e+00   1.3410000e-01
   5.3900000e+02   1.0000000e+00   1.2162000e+00
   5.4000000e+02   1.0000000e+00   4.1100000e-02
   5.4100000e+02   1.0000000e+00   1.0653000e+00
   5.4200000e+02   1.0000000e+00   2.5300000e-02
   5.4300000e+02   1.0000000e+00   9.9087000e+00
   5.4400000e+02   1.0000000e+00   3.5687200e+01
   5.4500000e+02   1.0000000e+00   2.0990000e-01
   5.4600000e+02   1.0000000e+00   6.7250000e+00
   5.4700000e+02   1.0000000e+00   6.3810000e-01
   5.4800000e+02   1.0000000e+00   2.5245600e+01
   5.4900000e+02   1.0000000e+00   1.4023000e+00
   5.5000000e+02   1.0000000e+00   1.8662000e+00
   5.5100000e+02   1.0000000e+00   1.8818000e+00
   5.5200000e+02   1.0000000e+00   2.0227900e+01
   5.5300000e+02   1.0000000e+00   1.5410000e-01
   5.5400000e+02   1.0000000e+00   2.0660100e+01
   5.5500000e+02   1.0000000e+00   3.6820000e-01
   5.5600000e+02   1.0000000e+00   5.8140000e+00
   5.5700000e+02   1.0000000e+00   1.0493000e+01
   5.5800000e+02   1.0000000e+00   3.3053000e+00
   5.5900000e+02   1.0000000e+00   2.8053500e+01
   5.6000000e+02   1.0000000e+00   2.0960000e-01
   5.6100000e+02   1.0000000e+00   2.6384000e+00
   5.6200000e+02   1.0000000e+00   7.7900000e-02
   5.6300000e+02   1.0000000e+00   6.0000000e-02
   5.6400000e+02   1.0000000e+00   1.0568500e+01
   5.6500000e+02   1.0000000e+00   3.4400000e-02
   5.6600000e+02   1.0000000e+00   1.1550800e+01
   5.6700000e+02   1.0000000e+00   7.6200000e-02
   5.6800000e+02   1.0000000e+00   1.6950000e+00
   5.6900000e+02   1.0000000e+00   3.6918000e+00
   5.7000000e+02   1.0000000e+00   4.5842000e+00
   5.7100000e+02   1.0000000e+00   2.8301800e+01
   5.7200000e+02   1.0000000e+00   2.6002900e+01
   5.7300000e+02   1.0000000e+00   1.5383000e+00
   5.7400000e+02   1.0000000e+00   7.1640000e-01
   5.7500000e+02   1.0000000e+00   2.1133500e+01
   5.7600000e+02   1.0000000e+00   5.4330000e-01
   5.7700000e+02   1.0000000e+00   4.7800000e-02
   5.7800000e+02   1.0000000e+00   1.2508000e+01
   5.7900000e+02   1.0000000e+00   5.5300000e-02
   5.8000000e+02   1.0000000e+00   1.1028400e+01
   5.8100000e+02   1.0000000e+00   5.2400000e-02
   5.8200000e+02   1.0000000e+00   1.0530000e-01
   5.8300000e+02   1.0000000e+00   1.6514000e+00
   5.8400000e+02   1.0000000e+00   7.9966000e+00
   5.8500000e+02   1.0000000e+00   1.5836000e+00
   5.8600000e+02   1.0000000e+00   1.4771000e+01
   5.8700000e+02   1.0000000e+00   4.5010000e-01
   5.8800000e+02   1.0000000e+00   7.0970000e-01
   5.8900000e+02   1.0000000e+00   2.1010000e-01
   5.9000000e+02   1.0000000e+00   3.4414000e+00
   5.9100000e+02   1.0000000e+00   1.1537000e+00
   5.9200000e+02   1.0000000e+00   6.0693000e+00
   5.9300000e+02   1.0000000e+00   2.5517600e+01
   5.9400000e+02   1.0000000e+00   7.6600000e-02
   5.9500000e+02   1.0000000e+00   5.6801000e+00
   5.9600000e+02   1.0000000e+00   4.5163000e+00
   5.9700000e+02   1.0000000e+00   1.5316000e+01
   5.9800000e+02   1.0000000e+00   7.1766000e+00
   5.9900000e+02   1.0000000e+00   1.0926800e+01
   6.0000000e+02   1.0000000e+00   1.2757000e+00
   6.0100000e+02   1.0000000e+00   1.8082000e+00
   6.0200000e+02   1.0000000e+00   6.5947000e+00
   6.0300000e+02   1.0000000e+00   1.8258000e+00
   6.0400000e+02   1.0000000e+00   2.0929000e+00
   6.0500000e+02   1.0000000e+00   4.9730000e-01
   6.0600000e+02   1.0000000e+00   1.0598700e+01
   6.0700000e+02   1.0000000e+00   4.4400300e+01
   6.0800000e+02   1.0000000e+00   1.2362500e+01
   6.0900000e+02   1.0000000e+00   8.2458000e+00
   6.1000000e+02   1.0000000e+00   4.1635000e+00
   6.1100000e+02   1.0000000e+00   1.7967700e+01
   6.1200000e+02   1.0000000e+00   2.0662000e+00
   6.1300000e+02   1.0000000e+00   2.6099400e+01
   6.1400000e+02   1.0000000e+00   1.2045100e+01
   6.1500000e+02   1.0000000e+00   2.1719000e+00
   6.1600000e+02   1.0000000e+00   6.9500000e-02
   6.1700000e+02   1.0000000e+00   2.1735200e+01
   6.1800000e+02   1.0000000e+00   7.3116000e+00
   6.1900000e+02   1.0000000e+00   1.2104900e+01
   6.2000000e+02   1.0000000e+00   2.4107000e+01
   6.2100000e+02   1.0000000e+00   5.1800000e+00
   6.2200000e+02   1.0000000e+00   2.8799000e+00
   6.2300000e+02   1.0000000e+00   1.0808400e+01
   6.2400000e+02   1.0000000e+00   1.0748900e+01
   6.2500000e+02   1.0000000e+00   1.1819400e+01
   6.2600000e+02   1.0000000e+00   2.4148300e+01
   6.2700000e+02   1.0000000e+00   1.9145400e+01
   6.2800000e+02   1.0000000e+00   4.2681000e+00
   6.2900000e+02   1.0000000e+00   1.3912000e+00
   6.3000000e+02   1.0000000e+00   1.0173800e+01
   6.3100000e+02   1.0000000e+00   1.0688300e+01
   6.3200000e+02   1.0000000e+00   1.1260000e-01
   6.3300000e+02   1.0000000e+00   1.7178000e+00
   6.3400000e+02   1.0000000e+00   6.1325000e+00
   6.3500000e+02   1.0000000e+00   1.3961100e+01
   6.3600000e+02   1.0000000e+00   6.8621000e+00
   6.3700000e+02   1.0000000e+00   1.6858200e+01
   6.3800000e+02   1.0000000e+00   2.5886700e+01
   6.3900000e+02   1.0000000e+00   3.7137000e+00
   6.4000000e+02   1.0000000e+00   5.3932000e+00
   6.4100000e+02   1.0000000e+00   8.5615000e+00
   6.4200000e+02   1.0000000e+00   4.8590000e-01
   6.4300000e+02   1.0000000e+00   7.3402000e+00
   6.4400000e+02   1.0000000e+00   8.5896000e+00
   6.4500000e+02   1.0000000e+00   1.6686500e+01
   6.4600000e+02   1.0000000e+00   7.9368000e+00
   6.4700000e+02   1.0000000e+00   9.3292000e+00
   6.4800000e+02   1.0000000e+00   6.8660000e-01
   6.4900000e+02   1.0000000e+00   1.7810000e-01
   6.5000000e+02   1.0000000e+00   1.5278000e+00
   6.5100000e+02   1.0000000e+00   1.6199000e+01
   6.5200000e+02   1.0000000e+00   2.8615000e+00
   6.5300000e+02   1.0000000e+00   5.7249000e+00
   6.5400000e+02   1.0000000e+00   8.3915000e+00
   6.5500000e+02   1.0000000e+00   1.9168000e+00
   6.5600000e+02   1.0000000e+00   8.3477000e+00
   6.5700000e+02   1.0000000e+00   2.5544300e+01
   6.5800000e+02   1.0000000e+00   9.3430000e-01
   6.5900000e+02   1.0000000e+00   7.4591000e+00
   6.6000000e+02   1.0000000e+00   8.9270000e+00
   6.6100000e+02   1.0000000e+00   2.2455100e+01
   6.6200000e+02   1.0000000e+00   9.9000000e-03
   6.6300000e+02   1.0000000e+00   9.4054000e+00
   6.6400000e+02   1.0000000e+00   9.6300000e-02
   6.6500000e+02   1.0000000e+00   2.5650000e+00
   6.6600000e+02   1.0000000e+00   2.6883500e+01
   6.6700000e+02   1.0000000e+00   2.1850000e-01
   6.6800000e+02   1.0000000e+00   4.1481000e+00
   6.6900000e+02   1.0000000e+00   6.3800000e-02
   6.7000000e+02   1.0000000e+00   1.7892300e+01
   6.7100000e+02   1.0000000e+00   8.4360000e-01
   6.7200000e+02   1.0000000e+00   2.5814000e+00
   6.7300000e+02   1.0000000e+00   6.2810000e-01
   6.7400000e+02   1.0000000e+00   3.4391000e+00
   6.7500000e+02   1.0000000e+00   5.0482000e+00
   6.7600000e+02   1.0000000e+00   7.2211000e+00
   6.7700000e+02   1.0000000e+00   5.9600000e-02
   6.7800000e+02   1.0000000e+00   6.8000000e-02
   6.7900000e+02   1.0000000e+00   1.3860000e-01
   6.8000000e+02   1.0000000e+00   1.7020000e-01
   6.8100000e+02   1.0000000e+00   3.8238000e+00
   6.8200000e+02   1.0000000e+00   1.1947900e+01
   6.8300000e+02   1.0000000e+00   1.1735600e+01
   6.8400000e+02   1.0000000e+00   6.1574000e+00
   6.8500000e+02   1.0000000e+00   5.2819000e+00
   6.8600000e+02   1.0000000e+00   4.9240000e-01
   6.8700000e+02   1.0000000e+00   3.7300000e-02
   6.8800000e+02   1.0000000e+00   6.1490000e-01
   6.8900000e+02   1.0000000e+00   4.6900000e-02
   6.9000000e+02   1.0000000e+00   7.6500000e-02
   6.9100000e+02   1.0000000e+00   7.3500000e-02
   6.9200000e+02   1.0000000e+00   1.3790000e-01
   6.9300000e+02   1.0000000e+00   1.9100000e-02
   6.9400000e+02   1.0000000e+00   2.2163000e+00
   6.9500000e+02   1.0000000e+00   6.6930000e-01
   6.9600000e+02   1.0000000e+00   3.3060000e+00
   6.9700000e+02   1.0000000e+00   3.7400000e-02
   6.9800000e+02   1.0000000e+00   0.0000000e+00
   6.9900000e+02   1.0000000e+00   7.2100000e-02
   7.0000000e+02   1.0000000e+00   6.2800000e-02
   7.0100000e+02   1.0000000e+00   5.2300000e-02
   7.0200000e+02   1.0000000e+00   3.4500000e-02
   7.0300000e+02   1.0000000e+00   2.1355000e+00
   7.0400000e+02   1.0000000e+00   8.3000000e-02
   7.0500000e+02   1.0000000e+00   1.0600000e-02
   7.0600000e+02   1.0000000e+00   8.9000000e-03
   7.0700000e+02   1.0000000e+00   0.0000000e+00
   7.0800000e+02   1.0000000e+00   1.7708000e+00
   7.0900000e+02   1.0000000e+00   4.7100000e-02
   7.1000000e+02   1.0000000e+00   6.7400000e-02
   7.1100000e+02   1.0000000e+00   7.2900000e-01
   7.1200000e+02   1.0000000e+00   8.2700000e-02
   7.1300000e+02   1.0000000e+00   2.1676000e+00
   7.1400000e+02   1.0000000e+00   0.0000000e+00
   7.1500000e+02   1.0000000e+00   7.3300000e-02
   7.1600000e+02   1.0000000e+00   0.0000000e+00
   7.1700000e+02   1.0000000e+00   0.0000000e+00
   7.1800000e+02   1.0000000e+00   0.0000000e+00
   7.1900000e+02   1.0000000e+00   0.0000000e+00
   7.2000000e+02   1.0000000e+00   0.0000000e+00
   7.2100000e+02   1.0000000e+00   0.0000000e+00
   7.2200000e+02   1.0000000e+00   0.0000000e+00
   7.2300000e+02   1.0000000e+00   0.0000000e+00
   7.2400000e+02   1.0000000e+00   0.0000000e+00
   7.2500000e+02   1.0000000e+00   0.0000000e+00
   7.2600000e+02   1.0000000e+00   0.0000000e+00
   7.2700000e+02   1.0000000e+00   0.0000000e+00
   7.2800000e+02   1.0000000e+00   0.0000000e+00
   7.2900000e+02   1.0000000e+00   0.0000000e+00
   7.3000000e+02   1.0000000e+00   3.1600000e-02
   7.3100000e+02   1.0000000e+00   8.5100000e-02
   7.3200000e+02   1.0000000e+00   6.8580000e-01
   7.3300000e+02   1.0000000e+00   0.0000000e+00
   7.3400000e+02   1.0000000e+00   0.0000000e+00
   7.3500000e+02   1.0000000e+00   3.2507200e+01
   7.3600000e+02   1.0000000e+00   4.6480000e-01
   7.3700000e+02   1.0000000e+00   0.0000000e+00
   7.3800000e+02   1.0000000e+00   0.0000000e+00
   7.3900000e+02   1.0000000e+00   0.0000000e+00
   7.4000000e+02   1.0000000e+00   0.0000000e+00
   7.4100000e+02   1.0000000e+00   0.0000000e+00
   7.4200000e+02   1.0000000e+00   0.0000000e+00
   7.4300000e+02   1.0000000e+00   7.3580000e-01
   7.4400000e+02   1.0000000e+00   0.0000000e+00
   7.4500000e+02   1.0000000e+00   0.0000000e+00
   7.4600000e+02   1.0000000e+00   0.0000000e+00
   7.4700000e+02   1.0000000e+00   0.0000000e+00
   7.4800000e+02   1.0000000e+00   0.0000000e+00
   7.4900000e+02   1.0000000e+00   0.0000000e+00
   7.5000000e+02   1.0000000e+00   0.0000000e+00
   7.5100000e+02   1.0000000e+00   0.0000000e+00
   7.5200000e+02   1.0000000e+00   0.0000000e+00
   7.5300000e+02   1.0000000e+00   0.0000000e+00
   7.5400000e+02   1.0000000e+00   0.0000000e+00
   7.5500000e+02   1.0000000e+00   0.0000000e+00
   7.5600000e+02   1.0000000e+00   0.0000000e+00
   7.5700000e+02   1.0000000e+00   0.0000000e+00
   7.5800000e+02   1.0000000e+00   0.0000000e+00
   7.5900000e+02   1.0000000e+00   0.0000000e+00
   7.6000000e+02   1.0000000e+00   0.0000000e+00
   7.6100000e+02   1.0000000e+00   0.0000000e+00
   7.6200000e+02   1.0000000e+00   0.0000000e+00
   7.6300000e+02   1.0000000e+00   0.0000000e+00
   7.6400000e+02   1.0000000e+00   0.0000000e+00
   7.6500000e+02   1.0000000e+00   0.0000000e+00
   7.6600000e+02   1.0000000e+00   0.0000000e+00
   7.6700000e+02   1.0000000e+00   0.0000000e+00
   7.6800000e+02   1.0000000e+00   0.0000000e+00
   7.6900000e+02   1.0000000e+00   0.0000000e+00
   7.7000000e+02   1.0000000e+00   0.0000000e+00
   7.7100000e+02   1.0000000e+00   0.0000000e+00
   7.7200000e+02   1.0000000e+00   0.0000000e+00
   7.7300000e+02   1.0000000e+00   0.0000000e+00
   7.7400000e+02   1.0000000e+00   0.0000000e+00
   7.7500000e+02   1.0000000e+00   0.0000000e+00
   7.7600000e+02   1.0000000e+00   0.0000000e+00
   7.7700000e+02   1.0000000e+00   0.0000000e+00
   7.7800000e+02   1.0000000e+00   0.0000000e+00
   7.7900000e+02   1.0000000e+00   0.0000000e+00
   7.8000000e+02   1.0000000e+00   0.0000000e+00
   7.8100000e+02   1.0000000e+00   3.7560800e+01
   7.8200000e+02   1.0000000e+00   2.0703000e+00
   7.8300000e+02   1.0000000e+00   1.1290000e-01
   7.8400000e+02   1.0000000e+00   2.9800000e-02
   7.8500000e+02   1.0000000e+00   1.1800000e-02
   7.8600000e+02   1.0000000e+00   0.0000000e+00
   7.8700000e+02   1.0000000e+00   0.0000000e+00
   7.8800000e+02   1.0000000e+00   0.0000000e+00
   7.8900000e+02   1.0000000e+00   0.0000000e+00
   7.9000000e+02   1.0000000e+00   0.0000000e+00
   7.9100000e+02   1.0000000e+00   4.1500000e-02
   7.9200000e+02   1.0000000e+00   8.0000000e-03
   7.9300000e+02   1.0000000e+00   1.9300000e-01
   7.9400000e+02   1.0000000e+00   0.0000000e+00
   7.9500000e+02   1.0000000e+00   0.0000000e+00
   7.9600000e+02   1.0000000e+00   9.2200000e-02
   7.9700000e+02   1.0000000e+00   1.3700000e-02
   7.9800000e+02   1.0000000e+00   0.0000000e+00
   7.9900000e+02   1.0000000e+00   0.0000000e+00
   8.0000000e+02   1.0000000e+00   0.0000000e+00
   8.0100000e+02   1.0000000e+00   6.1000000e-03
   8.0200000e+02   1.0000000e+00   2.2100000e-02
   8.0300000e+02   1.0000000e+00   0.0000000e+00
   8.0400000e+02   1.0000000e+00   1.8000000e-03
   8.0500000e+02   1.0000000e+00   0.0000000e+00
   8.0600000e+02   1.0000000e+00   0.0000000e+00
   8.0700000e+02   1.0000000e+00   0.0000000e+00
   8.0800000e+02   1.0000000e+00   0.0000000e+00
   8.0900000e+02   1.0000000e+00   0.0000000e+00
   8.1000000e+02   1.0000000e+00   0.0000000e+00
   8.1100000e+02   1.0000000e+00   0.0000000e+00
   8.1200000e+02   1.0000000e+00   0.0000000e+00
   8.1300000e+02   1.0000000e+00   0.0000000e+00
   8.1400000e+02   1.0000000e+00   0.0000000e+00
   8.1500000e+02   1.0000000e+00   0.0000000e+00
   8.1600000e+02   1.0000000e+00   0.0000000e+00
   8.1700000e+02   1.0000000e+00   0.0000000e+00
   8.1800000e+02   1.0000000e+00   0.0000000e+00
   8.1900000e+02   1.0000000e+00   0.0000000e+00
   8.2000000e+02   1.0000000e+00   0.0000000e+00
   8.2100000e+02   1.0000000e+00   0.0000000e+00
   8.2200000e+02   1.0000000e+00   1.9100000e-01
   8.2300000e+02   1.0000000e+00   4.3813000e+00
   8.2400000e+02   1.0000000e+00   1.0580000e-01
   8.2500000e+02   1.0000000e+00   7.6000000e-03
   8.2600000e+02   1.0000000e+00   7.6000000e-03
   8.2700000e+02   1.0000000e+00   1.5800000e-02
   8.2800000e+02   1.0000000e+00   0.0000000e+00
   8.2900000e+02   1.0000000e+00   0.0000000e+00
   8.3000000e+02   1.0000000e+00   0.0000000e+00
   8.3100000e+02   1.0000000e+00   0.0000000e+00
   8.3200000e+02   1.0000000e+00   0.0000000e+00
   8.3300000e+02   1.0000000e+00   0.0000000e+00
   8.3400000e+02   1.0000000e+00   0.0000000e+00
   8.3500000e+02   1.0000000e+00   0.0000000e+00
   8.3600000e+02   1.0000000e+00   0.0000000e+00
   8.3700000e+02   1.0000000e+00   0.0000000e+00
   8.3800000e+02   1.0000000e+00   0.0000000e+00
   8.3900000e+02   1.0000000e+00   0.0000000e+00
   8.4000000e+02   1.0000000e+00   0.0000000e+00
   8.4100000e+02   1.0000000e+00   0.0000000e+00
   8.4200000e+02   1.0000000e+00   0.0000000e+00
   8.4300000e+02   1.0000000e+00   0.0000000e+00
   8.4400000e+02   1.0000000e+00   0.0000000e+00
   8.4500000e+02   1.0000000e+00   0.0000000e+00
   8.4600000e+02   1.0000000e+00   0.0000000e+00
   8.4700000e+02   1.0000000e+00   0.0000000e+00
   8.4800000e+02   1.0000000e+00   0.0000000e+00
   8.4900000e+02   1.0000000e+00   0.0000000e+00
   8.5000000e+02   1.0000000e+00   6.1000000e-03
   8.5100000e+02   1.0000000e+00   1.6240000e-01
   8.5200000e+02   1.0000000e+00   2.7747000e+00
   8.5300000e+02   1.0000000e+00   5.5235000e+00
   8.5400000e+02   1.0000000e+00   9.4300000e-02
   8.5500000e+02   1.0000000e+00   7.6000000e-03
   8.5600000e+02   1.0000000e+00   1.1020000e-01
   8.5700000e+02   1.0000000e+00   1.4069000e+00
   8.5800000e+02   1.0000000e+00   1.4333000e+01
   8.5900000e+02   1.0000000e+00   6.3310000e-01
   8.6000000e+02   1.0000000e+00   8.3000000e-03
   8.6100000e+02   1.0000000e+00   8.3000000e-03
   8.6200000e+02   1.0000000e+00   1.5490000e-01
   8.6300000e+02   1.0000000e+00   6.5072000e+00
   8.6400000e+02   1.0000000e+00   1.1000000e-02
   8.6500000e+02   1.0000000e+00   2.0761000e+00
   8.6600000e+02   1.0000000e+00   0.0000000e+00
   8.6700000e+02   1.0000000e+00   7.6257000e+00
   8.6800000e+02   1.0000000e+00   1.7720000e+00
   8.6900000e+02   1.0000000e+00   5.1500000e-02
   8.7000000e+02   1.0000000e+00   8.5200000e-02
   8.7100000e+02   1.0000000e+00   3.4210000e-01
   8.7200000e+02   1.0000000e+00   3.7070000e+00
   8.7300000e+02   1.0000000e+00   2.8522000e+00
   8.7400000e+02   1.0000000e+00   1.0388000e+00
   8.7500000e+02   1.0000000e+00   3.1197000e+00
   8.7600000e+02   1.0000000e+00   0.0000000e+00
   8.7700000e+02   1.0000000e+00   4.6200000e-02
   8.7800000e+02   1.0000000e+00   1.3211000e+01
   8.7900000e+02   1.0000000e+00   2.0220000e+00
   8.8000000e+02   1.0000000e+00   1.7097100e+01
   8.8100000e+02   1.0000000e+00   4.6800000e-01
   8.8200000e+02   1.0000000e+00   1.0900000e-02
   8.8300000e+02   1.0000000e+00   9.5300000e-02
   8.8400000e+02   1.0000000e+00   3.9800000e-02
   8.8500000e+02   1.0000000e+00   1.5495000e+00
   8.8600000e+02   1.0000000e+00   3.4873000e+00
   8.8700000e+02   1.0000000e+00   1.4820000e+01
   8.8800000e+02   1.0000000e+00   2.1401000e+00
   8.8900000e+02   1.0000000e+00   1.0000000e-04
   8.9000000e+02   1.0000000e+00   2.6410000e-01
   8.9100000e+02   1.0000000e+00   0.0000000e+00
   8.9200000e+02   1.0000000e+00   3.1470000e-01
   8.9300000e+02   1.0000000e+00   3.7325000e+00
   8.9400000e+02   1.0000000e+00   2.6700000e-02
   8.9500000e+02   1.0000000e+00   0.0000000e+00
   8.9600000e+02   1.0000000e+00   1.1626300e+01
   8.9700000e+02   1.0000000e+00   1.2750000e-01
   8.9800000e+02   1.0000000e+00   1.8430000e-01
   8.9900000e+02   1.0000000e+00   0.0000000e+00
   9.0000000e+02   1.0000000e+00   1.1541000e+00
   9.0100000e+02   1.0000000e+00   3.7162000e+00
   9.0200000e+02   1.0000000e+00   1.0000000e-04
   9.0300000e+02   1.0000000e+00   2.8880000e-01
   9.0400000e+02   1.0000000e+00   1.1945300e+01
   9.0500000e+02   1.0000000e+00   9.0860000e-01
   9.0600000e+02   1.0000000e+00   1.8960000e-01
   9.0700000e+02   1.0000000e+00   1.8559600e+01
   9.0800000e+02   1.0000000e+00   1.9073000e+00
   9.0900000e+02   1.0000000e+00   3.2080000e-01
   9.1000000e+02   1.0000000e+00   7.7568000e+00
   9.1100000e+02   1.0000000e+00   3.3810000e-01
   9.1200000e+02   1.0000000e+00   1.4580800e+01
   9.1300000e+02   1.0000000e+00   2.4010000e-01
   9.1400000e+02   1.0000000e+00   2.4290400e+01
   9.1500000e+02   1.0000000e+00   9.4170000e-01
   9.1600000e+02   1.0000000e+00   6.6443000e+00
   9.1700000e+02   1.0000000e+00   4.8000000e-03
   9.1800000e+02   1.0000000e+00   8.0300000e-02
   9.1900000e+02   1.0000000e+00   5.8741000e+00
   9.2000000e+02   1.0000000e+00   5.4050000e+00
   9.2100000e+02   1.0000000e+00   2.7442600e+01
   9.2200000e+02   1.0000000e+00   9.2380000e-01
   9.2300000e+02   1.0000000e+00   8.9500000e-02
   9.2400000e+02   1.0000000e+00   2.5385000e+01
   9.2500000e+02   1.0000000e+00   4.5635000e+00
   9.2600000e+02   1.0000000e+00   3.1800000e-01
   9.2700000e+02   1.0000000e+00   1.4880000e+00
   9.2800000e+02   1.0000000e+00   6.2101000e+00
   9.2900000e+02   1.0000000e+00   3.2583700e+01
   9.3000000e+02   1.0000000e+00   1.9040000e-01
   9.3100000e+02   1.0000000e+00   7.7800000e-02
   9.3200000e+02   1.0000000e+00   7.0500000e-02
   9.3300000e+02   1.0000000e+00   6.7057000e+00
   9.3400000e+02   1.0000000e+00   5.4053000e+00
   9.3500000e+02   1.0000000e+00   2.3720000e-01
   9.3600000e+02   1.0000000e+00   6.6372000e+00
   9.3700000e+02   1.0000000e+00   1.1845000e+01
   9.3800000e+02   1.0000000e+00   4.4134000e+00
   9.3900000e+02   1.0000000e+00   1.1497000e+00
   9.4000000e+02   1.0000000e+00   1.6153600e+01
   9.4100000e+02   1.0000000e+00   1.2587000e+00
   9.4200000e+02   1.0000000e+00   6.4100000e-02
   9.4300000e+02   1.0000000e+00   3.5390000e+00
   9.4400000e+02   1.0000000e+00   6.9000000e-03
   9.4500000e+02   1.0000000e+00   2.3116900e+01
   9.4600000e+02   1.0000000e+00   3.3140000e-01
   9.4700000e+02   1.0000000e+00   8.1842000e+00
   9.4800000e+02   1.0000000e+00   1.3832000e+01
   9.4900000e+02   1.0000000e+00   5.2248000e+00
   9.5000000e+02   1.0000000e+00   7.6280000e-01
   9.5100000e+02   1.0000000e+00   2.7917000e+00
   9.5200000e+02   1.0000000e+00   7.9427000e+00
   9.5300000e+02   1.0000000e+00   2.9135700e+01
   9.5400000e+02   1.0000000e+00   1.5620000e-01
   9.5500000e+02   1.0000000e+00   6.5390000e-01
   9.5600000e+02   1.0000000e+00   1.2695800e+01
   9.5700000e+02   1.0000000e+00   4.0095000e+00
   9.5800000e+02   1.0000000e+00   3.2896000e+00
   9.5900000e+02   1.0000000e+00   1.2926400e+01
   9.6000000e+02   1.0000000e+00   3.3214000e+00
   9.6100000e+02   1.0000000e+00   5.8351000e+00
   9.6200000e+02   1.0000000e+00   3.0225000e+00
   9.6300000e+02   1.0000000e+00   7.0097000e+00
   9.6400000e+02   1.0000000e+00   2.4261800e+01
   9.6500000e+02   1.0000000e+00   4.7208000e+00
   9.6600000e+02   1.0000000e+00   2.4026800e+01
   9.6700000e+02   1.0000000e+00   1.2618700e+01
   9.6800000e+02   1.0000000e+00   7.2766000e+00
   9.6900000e+02   1.0000000e+00   6.5758000e+00
   9.7000000e+02   1.0000000e+00   9.9306000e+00
   9.7100000e+02   1.0000000e+00   1.0755700e+01
   9.7200000e+02   1.0000000e+00   6.2570000e-01
   9.7300000e+02   1.0000000e+00   1.9453200e+01
   9.7400000e+02   1.0000000e+00   1.8184000e+00
   9.7500000e+02   1.0000000e+00   1.0384000e+00
   9.7600000e+02   1.0000000e+00   9.3710000e-01
   9.7700000e+02   1.0000000e+00   2.3140000e+00
   9.7800000e+02   1.0000000e+00   1.9250000e-01
   9.7900000e+02   1.0000000e+00   1.7614900e+01
   9.8000000e+02   1.0000000e+00   6.8580000e-01
   9.8100000e+02   1.0000000e+00   4.7520000e-01
   9.8200000e+02   1.0000000e+00   6.4036000e+00
   9.8300000e+02   1.0000000e+00   2.1810000e-01
   9.8400000e+02   1.0000000e+00   2.6663500e+01
   9.8500000e+02   1.0000000e+00   2.2858000e+00
   9.8600000e+02   1.0000000e+00   6.5590000e-01
   9.8700000e+02   1.0000000e+00   1.5847100e+01
   9.8800000e+02   1.0000000e+00   8.7100000e-02
   9.8900000e+02   1.0000000e+00   6.2278000e+00
   9.9000000e+02   1.0000000e+00   1.8905000e+00
   9.9100000e+02   1.0000000e+00   1.6200000e-01
   9.9200000e+02   1.0000000e+00   3.5802000e+00
   9.9300000e+02   1.0000000e+00   4.9625000e+00
   9.9400000e+02   1.0000000e+00   6.4519000e+00
   9.9500000e+02   1.0000000e+00   2.1280700e+01
   9.9600000e+02   1.0000000e+00   3.9845800e+01
   9.9700000e+02   1.0000000e+00   3.4023000e+00
   9.9800000e+02   1.0000000e+00   4.2141000e+00
   9.9900000e+02   1.0000000e+00   2.5419500e+01
   1.0000000e+03   1.0000000e+00   4.7148000e+00
   1.0010000e+03   1.0000000e+00   3.9021000e+00
   1.0020000e+03   1.0000000e+00   4.5768000e+00
   1.0030000e+03   1.0000000e+00   9.4157000e+00
   1.0040000e+03   1.0000000e+00   1.4919600e+01
   1.0050000e+03   1.0000000e+00   5.0200000e-02
   1.0060000e+03   1.0000000e+00   2.9360000e-01
   1.0070000e+03   1.0000000e+00   2.6619000e+00
   1.0080000e+03   1.0000000e+00   2.2546100e+01
   1.0090000e+03   1.0000000e+00   7.2060000e-01
   1.0100000e+03   1.0000000e+00   2.2098500e+01
   1.0110000e+03   1.0000000e+00   2.4773000e+00
   1.0120000e+03   1.0000000e+00   1.7170000e-01
   1.0130000e+03   1.0000000e+00   1.3609200e+01
   1.0140000e+03   1.0000000e+00   1.5900000e+00
   1.0150000e+03   1.0000000e+00   6.8471000e+00
   1.0160000e+03   1.0000000e+00   5.5335000e+00
   1.0170000e+03   1.0000000e+00   3.7502000e+00
   1.0180000e+03   1.0000000e+00   1.6810000e-01
   1.0190000e+03   1.0000000e+00   4.5750000e-01
   1.0200000e+03   1.0000000e+00   1.0966700e+01
   1.0210000e+03   1.0000000e+00   1.3320700e+01
   1.0220000e+03   1.0000000e+00   3.9687000e+00
   1.0230000e+03   1.0000000e+00   8.2784000e+00
   1.0240000e+03   1.0000000e+00   1.4485300e+01
   1.0250000e+03   1.0000000e+00   1.4581400e+01
   1.0260000e+03   1.0000000e+00   4.2246000e+00
   1.0270000e+03   1.0000000e+00   2.0243900e+01
   1.0280000e+03   1.0000000e+00   9.8630000e-01
   1.0290000e+03   1.0000000e+00   1.3700000e-02
   1.0300000e+03   1.0000000e+00   2.2252100e+01
   1.0310000e+03   1.0000000e+00   2.1180000e-01
   1.0320000e+03   1.0000000e+00   1.5290000e-01
   1.0330000e+03   1.0000000e+00   7.2660000e-01
   1.0340000e+03   1.0000000e+00   2.1945500e+01
   1.0350000e+03   1.0000000e+00   3.4342000e+00
   1.0360000e+03   1.0000000e+00   3.4536000e+00
   1.0370000e+03   1.0000000e+00   2.5280000e+00
   1.0380000e+03   1.0000000e+00   2.8354000e+00
   1.0390000e+03   1.0000000e+00   5.8280000e+00
   1.0400000e+03   1.0000000e+00   1.7720000e-01
   1.0410000e+03   1.0000000e+00   1.6600000e+00
   1.0420000e+03   1.0000000e+00   5.3000000e-02
   1.0430000e+03   1.0000000e+00   5.7900000e-02
   1.0440000e+03   1.0000000e+00   8.3900000e-02
   1.0450000e+03   1.0000000e+00   2.1213000e+00
   1.0460000e+03   1.0000000e+00   5.5700000e-02
   1.0470000e+03   1.0000000e+00   8.8400000e-02
   1.0480000e+03   1.0000000e+00   5.0600000e-02
   1.0490000e+03   1.0000000e+00   5.3420000e-01
   1.0500000e+03   1.0000000e+00   2.1900000e-02
   1.0510000e+03   1.0000000e+00   2.3500000e-01
   1.0520000e+03   1.0000000e+00   5.8000000e-03
   1.0530000e+03   1.0000000e+00   9.0500000e-02
   1.0540000e+03   1.0000000e+00   1.6310000e-01
   1.0550000e+03   1.0000000e+00   1.4500000e-02
   1.0560000e+03   1.0000000e+00   0.0000000e+00
   1.0570000e+03   1.0000000e+00   5.4800000e-02
   1.0580000e+03   1.0000000e+00   1.7900000e-02
   1.0590000e+03   1.0000000e+00   2.6000000e-03
   1.0600000e+03   1.0000000e+00   5.5500000e-02
   1.0610000e+03   1.0000000e+00   6.2700000e-02
   1.0620000e+03   1.0000000e+00   1.5830000e-01
   1.0630000e+03   1.0000000e+00   6.2000000e-03
   1.0640000e+03   1.0000000e+00   2.7000000e-03
   1.0650000e+03   1.0000000e+00   3.5700000e-02
   1.0660000e+03   1.0000000e+00   3.7130000e-01
   1.0670000e+03   1.0000000e+00   9.2816000e+00
   1.0680000e+03   1.0000000e+00   1.1779600e+01
   1.0690000e+03   1.0000000e+00   4.5050000e-01
   1.0700000e+03   1.0000000e+00   4.6900000e-02
   1.0710000e+03   1.0000000e+00   3.1330000e-01
   1.0720000e+03   1.0000000e+00   3.9259000e+00
   1.0730000e+03   1.0000000e+00   1.4590000e-01
   1.0740000e+03   1.0000000e+00   5.3400000e-02
   1.0750000e+03   1.0000000e+00   3.6200000e-02
   1.0760000e+03   1.0000000e+00   8.2800000e-02
   1.0770000e+03   1.0000000e+00   1.0699100e+01
   1.0780000e+03   1.0000000e+00   4.6673000e+00
   1.0790000e+03   1.0000000e+00   1.0556000e+00
   1.0800000e+03   1.0000000e+00   9.3700000e-02
   1.0810000e+03   1.0000000e+00   7.9200000e-02
   1.0820000e+03   1.0000000e+00   1.4510000e-01
   1.0830000e+03   1.0000000e+00   0.0000000e+00
   1.0840000e+03   1.0000000e+00   1.9340000e-01
   1.0850000e+03   1.0000000e+00   0.0000000e+00
   1.0860000e+03   1.0000000e+00   0.0000000e+00
   1.0870000e+03   1.0000000e+00   0.0000000e+00
   1.0880000e+03   1.0000000e+00   2.0760000e-01
   1.0890000e+03   1.0000000e+00   1.4164000e+00
   1.0900000e+03   1.0000000e+00   0.0000000e+00
   1.0910000e+03   1.0000000e+00   0.0000000e+00
   1.0920000e+03   1.0000000e+00   0.0000000e+00
   1.0930000e+03   1.0000000e+00   0.0000000e+00
   1.0940000e+03   1.0000000e+00   0.0000000e+00
   1.0950000e+03   1.0000000e+00   0.0000000e+00
   1.0960000e+03   1.0000000e+00   0.0000000e+00
   1.0970000e+03   1.0000000e+00   0.0000000e+00
   1.0980000e+03   1.0000000e+00   0.0000000e+00
   1.0990000e+03   1.0000000e+00   0.0000000e+00
   1.1000000e+03   1.0000000e+00   0.0000000e+00
   1.1010000e+03   1.0000000e+00   0.0000000e+00
   1.1020000e+03   1.0000000e+00   0.0000000e+00
   1.1030000e+03   1.0000000e+00   0.0000000e+00
   1.1040000e+03   1.0000000e+00   0.0000000e+00
   1.1050000e+03   1.0000000e+00   0.0000000e+00
   1.1060000e+03   1.0000000e+00   0.0000000e+00
   1.1070000e+03   1.0000000e+00   0.0000000e+00
   1.1080000e+03   1.0000000e+00   0.0000000e+00
   1.1090000e+03   1.0000000e+00   0.0000000e+00
   1.1100000e+03   1.0000000e+00   0.0000000e+00
   1.1110000e+03   1.0000000e+00   0.0000000e+00
   1.1120000e+03   1.0000000e+00   0.0000000e+00
   1.1130000e+03   1.0000000e+00   0.0000000e+00
   1.1140000e+03   1.0000000e+00   0.0000000e+00
   1.1150000e+03   1.0000000e+00   0.0000000e+00
   1.1160000e+03   1.0000000e+00   0.0000000e+00
   1.1170000e+03   1.0000000e+00   0.0000000e+00
   1.1180000e+03   1.0000000e+00   0.0000000e+00
   1.1190000e+03   1.0000000e+00   0.0000000e+00
   1.1200000e+03   1.0000000e+00   0.0000000e+00
   1.1210000e+03   1.0000000e+00   0.0000000e+00
   1.1220000e+03   1.0000000e+00   0.0000000e+00
   1.1230000e+03   1.0000000e+00   0.0000000e+00
   1.1240000e+03   1.0000000e+00   0.0000000e+00
   1.1250000e+03   1.0000000e+00   0.0000000e+00
   1.1260000e+03   1.0000000e+00   0.0000000e+00
   1.1270000e+03   1.0000000e+00   0.0000000e+00
   1.1280000e+03   1.0000000e+00   0.0000000e+00
   1.1290000e+03   1.0000000e+00   0.0000000e+00
   1.1300000e+03   1.0000000e+00   0.0000000e+00
   1.1310000e+03   1.0000000e+00   0.0000000e+00
   1.1320000e+03   1.0000000e+00   0.0000000e+00
   1.1330000e+03   1.0000000e+00   0.0000000e+00
   1.1340000e+03   1.0000000e+00   0.0000000e+00
   1.1350000e+03   1.0000000e+00   0.0000000e+00
   1.1360000e+03   1.0000000e+00   0.0000000e+00
   1.1370000e+03   1.0000000e+00   0.0000000e+00
   1.1380000e+03   1.0000000e+00   0.0000000e+00
   1.1390000e+03   1.0000000e+00   0.0000000e+00
   1.1400000e+03   1.0000000e+00   0.0000000e+00
   1.1410000e+03   1.0000000e+00   0.0000000e+00
   1.1420000e+03   1.0000000e+00   0.0000000e+00
   1.1430000e+03   1.0000000e+00   0.0000000e+00
   1.1440000e+03   1.0000000e+00   0.0000000e+00
   1.1450000e+03   1.0000000e+00   0.0000000e+00
   1.1460000e+03   1.0000000e+00   0.0000000e+00
   1.1470000e+03   1.0000000e+00   0.0000000e+00
   1.1480000e+03   1.0000000e+00   0.0000000e+00
   1.1490000e+03   1.0000000e+00   0.0000000e+00
   1.1500000e+03   1.0000000e+00   0.0000000e+00
   1.1510000e+03   1.0000000e+00   0.0000000e+00
   1.1520000e+03   1.0000000e+00   0.0000000e+00
   1.1530000e+03   1.0000000e+00   0.0000000e+00
   1.1540000e+03   1.0000000e+00   0.0000000e+00
   1.1550000e+03   1.0000000e+00   0.0000000e+00
   1.1560000e+03   1.0000000e+00   0.0000000e+00
   1.1570000e+03   1.0000000e+00   0.0000000e+00
   1.1580000e+03   1.0000000e+00   0.0000000e+00
   1.1590000e+03   1.0000000e+00   0.0000000e+00
   1.1600000e+03   1.0000000e+00   0.0000000e+00
   1.1610000e+03   1.0000000e+00   0.0000000e+00
   1.1620000e+03   1.0000000e+00   0.0000000e+00
   1.1630000e+03   1.0000000e+00   0.0000000e+00
   1.1640000e+03   1.0000000e+00   0.0000000e+00
   1.1650000e+03   1.0000000e+00   0.0000000e+00
   1.1660000e+03   1.0000000e+00   0.0000000e+00
   1.1670000e+03   1.0000000e+00   0.0000000e+00
   1.1680000e+03   1.0000000e+00   0.0000000e+00
   1.1690000e+03   1.0000000e+00   0.0000000e+00
   1.1700000e+03   1.0000000e+00   0.0000000e+00
   1.1710000e+03   1.0000000e+00   0.0000000e+00
   1.1720000e+03   1.0000000e+00   0.0000000e+00
   1.1730000e+03   1.0000000e+00   0.0000000e+00
   1.1740000e+03   1.0000000e+00   0.0000000e+00
   1.1750000e+03   1.0000000e+00   0.0000000e+00
   1.1760000e+03   1.0000000e+00   1.0000900e+01
   1.1770000e+03   1.0000000e+00   0.0000000e+00
   1.1780000e+03   1.0000000e+00   0.0000000e+00
   1.1790000e+03   1.0000000e+00   0.0000000e+00
   1.1800000e+03   1.0000000e+00   0.0000000e+00
   1.1810000e+03   1.0000000e+00   0.0000000e+00
   1.1820000e+03   1.0000000e+00   0.0000000e+00
   1.1830000e+03   1.0000000e+00   1.0000000e-02
   1.1840000e+03   1.0000000e+00   0.0000000e+00
   1.1850000e+03   1.0000000e+00   1.0559000e+00
   1.1860000e+03   1.0000000e+00   0.0000000e+00
   1.1870000e+03   1.0000000e+00   0.0000000e+00
   1.1880000e+03   1.0000000e+00   2.4640000e-01
   1.1890000e+03   1.0000000e+00   0.0000000e+00
   1.1900000e+03   1.0000000e+00   0.0000000e+00
   1.1910000e+03   1.0000000e+00   2.1313000e+01
   1.1920000e+03   1.0000000e+00   4.9810000e-01
   1.1930000e+03   1.0000000e+00   0.0000000e+00
   1.1940000e+03   1.0000000e+00   0.0000000e+00
   1.1950000e+03   1.0000000e+00   0.0000000e+00
   1.1960000e+03   1.0000000e+00   0.0000000e+00
   1.1970000e+03   1.0000000e+00   2.2612000e+00
   1.1980000e+03   1.0000000e+00   3.2500000e-02
   1.1990000e+03   1.0000000e+00   4.0876000e+00
   1.2000000e+03   1.0000000e+00   6.0000000e-04
   1.2010000e+03   1.0000000e+00   0.0000000e+00
   1.2020000e+03   1.0000000e+00   0.0000000e+00
   1.2030000e+03   1.0000000e+00   4.7700000e-02
   1.2040000e+03   1.0000000e+00   0.0000000e+00
   1.2050000e+03   1.0000000e+00   0.0000000e+00
   1.2060000e+03   1.0000000e+00   1.0301000e+00
   1.2070000e+03   1.0000000e+00   5.6614000e+00
   1.2080000e+03   1.0000000e+00   7.0790000e-01
   1.2090000e+03   1.0000000e+00   9.8000000e-01
   1.2100000e+03   1.0000000e+00   3.7000000e-03
   1.2110000e+03   1.0000000e+00   0.0000000e+00
   1.2120000e+03   1.0000000e+00   0.0000000e+00
   1.2130000e+03   1.0000000e+00   0.0000000e+00
   1.2140000e+03   1.0000000e+00   0.0000000e+00
   1.2150000e+03   1.0000000e+00   0.0000000e+00
   1.2160000e+03   1.0000000e+00   1.0000000e-02
   1.2170000e+03   1.0000000e+00   1.8100000e-02
   1.2180000e+03   1.0000000e+00   1.4554000e+00
   1.2190000e+03   1.0000000e+00   3.8500000e-02
   1.2200000e+03   1.0000000e+00   7.5000000e-03
   1.2210000e+03   1.0000000e+00   1.9200000e-02
   1.2220000e+03   1.0000000e+00   7.5000000e-03
   1.2230000e+03   1.0000000e+00   8.4000000e-03
   1.2240000e+03   1.0000000e+00   0.0000000e+00
   1.2250000e+03   1.0000000e+00   9.5700000e-02
   1.2260000e+03   1.0000000e+00   0.0000000e+00
   1.2270000e+03   1.0000000e+00   0.0000000e+00
   1.2280000e+03   1.0000000e+00   0.0000000e+00
   1.2290000e+03   1.0000000e+00   3.1000000e-03
   1.2300000e+03   1.0000000e+00   7.8770000e-01
   1.2310000e+03   1.0000000e+00   1.3000000e-03
   1.2320000e+03   1.0000000e+00   6.2953000e+00
   1.2330000e+03   1.0000000e+00   4.9425000e+00
   1.2340000e+03   1.0000000e+00   3.4100000e-02
   1.2350000e+03   1.0000000e+00   3.0898400e+01
   1.2360000e+03   1.0000000e+00   7.8500000e-02
   1.2370000e+03   1.0000000e+00   1.6590000e-01
   1.2380000e+03   1.0000000e+00   6.0060000e-01
   1.2390000e+03   1.0000000e+00   6.6523000e+00
   1.2400000e+03   1.0000000e+00   5.3600000e-02
   1.2410000e+03   1.0000000e+00   4.6150000e-01
   1.2420000e+03   1.0000000e+00   2.1049000e+00
   1.2430000e+03   1.0000000e+00   0.0000000e+00
   1.2440000e+03   1.0000000e+00   1.2597700e+01
   1.2450000e+03   1.0000000e+00   6.3490000e-01
   1.2460000e+03   1.0000000e+00   5.3000000e-02
   1.2470000e+03   1.0000000e+00   2.7700000e-02
   1.2480000e+03   1.0000000e+00   5.5940000e-01
   1.2490000e+03   1.0000000e+00   3.0115000e+00
   1.2500000e+03   1.0000000e+00   9.9467000e+00
   1.2510000e+03   1.0000000e+00   5.4447000e+00
   1.2520000e+03   1.0000000e+00   5.8300000e-01
   1.2530000e+03   1.0000000e+00   3.5830000e-01
   1.2540000e+03   1.0000000e+00   3.9970000e+00
   1.2550000e+03   1.0000000e+00   4.0620000e-01
   1.2560000e+03   1.0000000e+00   3.1844000e+00
   1.2570000e+03   1.0000000e+00   2.7570000e-01
   1.2580000e+03   1.0000000e+00   1.5891000e+00
   1.2590000e+03   1.0000000e+00   0.0000000e+00
   1.2600000e+03   1.0000000e+00   3.0240000e-01
   1.2610000e+03   1.0000000e+00   3.2670000e+00
   1.2620000e+03   1.0000000e+00   3.5662000e+00
   1.2630000e+03   1.0000000e+00   6.2100000e-02
   1.2640000e+03   1.0000000e+00   6.4870000e+00
   1.2650000e+03   1.0000000e+00   1.5440000e-01
   1.2660000e+03   1.0000000e+00   0.0000000e+00
   1.2670000e+03   1.0000000e+00   1.2771800e+01
   1.2680000e+03   1.0000000e+00   1.9877000e+00
   1.2690000e+03   1.0000000e+00   8.9000000e-02
   1.2700000e+03   1.0000000e+00   1.2280000e-01
   1.2710000e+03   1.0000000e+00   9.9600000e-02
   1.2720000e+03   1.0000000e+00   2.0457000e+00
   1.2730000e+03   1.0000000e+00   3.0919000e+00
   1.2740000e+03   1.0000000e+00   1.0491000e+00
   1.2750000e+03   1.0000000e+00   8.9700000e-02
   1.2760000e+03   1.0000000e+00   2.2666800e+01
   1.2770000e+03   1.0000000e+00   9.2820000e-01
   1.2780000e+03   1.0000000e+00   6.8340000e-01
   1.2790000e+03   1.0000000e+00   1.1230000e+00
   1.2800000e+03   1.0000000e+00   6.0324000e+00
   1.2810000e+03   1.0000000e+00   2.0514000e+01
   1.2820000e+03   1.0000000e+00   8.9790000e-01
   1.2830000e+03   1.0000000e+00   0.0000000e+00
   1.2840000e+03   1.0000000e+00   3.8653000e+00
   1.2850000e+03   1.0000000e+00   1.3275000e+00
   1.2860000e+03   1.0000000e+00   8.8300000e-01
   1.2870000e+03   1.0000000e+00   8.7132000e+00
   1.2880000e+03   1.0000000e+00   1.2686600e+01
   1.2890000e+03   1.0000000e+00   4.8780000e-01
   1.2900000e+03   1.0000000e+00   1.2400000e-02
   1.2910000e+03   1.0000000e+00   2.5132000e+00
   1.2920000e+03   1.0000000e+00   1.4357300e+01
   1.2930000e+03   1.0000000e+00   6.6000000e-03
   1.2940000e+03   1.0000000e+00   2.2660000e+01
   1.2950000e+03   1.0000000e+00   7.6000000e-02
   1.2960000e+03   1.0000000e+00   1.4066900e+01
   1.2970000e+03   1.0000000e+00   3.5441000e+00
   1.2980000e+03   1.0000000e+00   4.2410000e+00
   1.2990000e+03   1.0000000e+00   6.6410000e+00
   1.3000000e+03   1.0000000e+00   2.9500000e-02
   1.3010000e+03   1.0000000e+00   4.9040000e-01
   1.3020000e+03   1.0000000e+00   5.8017000e+00
   1.3030000e+03   1.0000000e+00   5.1058000e+00
   1.3040000e+03   1.0000000e+00   6.4510000e-01
   1.3050000e+03   1.0000000e+00   6.4630000e-01
   1.3060000e+03   1.0000000e+00   4.7100000e-02
   1.3070000e+03   1.0000000e+00   4.0873000e+00
   1.3080000e+03   1.0000000e+00   8.0300000e-01
   1.3090000e+03   1.0000000e+00   2.8153400e+01
   1.3100000e+03   1.0000000e+00   1.0640000e-01
   1.3110000e+03   1.0000000e+00   5.2000000e-03
   1.3120000e+03   1.0000000e+00   1.5918500e+01
   1.3130000e+03   1.0000000e+00   6.6780000e-01
   1.3140000e+03   1.0000000e+00   4.2590000e-01
   1.3150000e+03   1.0000000e+00   6.7857000e+00
   1.3160000e+03   1.0000000e+00   1.2873300e+01
   1.3170000e+03   1.0000000e+00   1.1755000e+00
   1.3180000e+03   1.0000000e+00   7.8000000e-03
   1.3190000e+03   1.0000000e+00   3.0469400e+01
   1.3200000e+03   1.0000000e+00   3.3640100e+01
   1.3210000e+03   1.0000000e+00   1.6388000e+00
   1.3220000e+03   1.0000000e+00   1.3408800e+01
   1.3230000e+03   1.0000000e+00   2.3741100e+01
   1.3240000e+03   1.0000000e+00   1.6355000e+00
   1.3250000e+03   1.0000000e+00   9.6883000e+00
   1.3260000e+03   1.0000000e+00   2.0759200e+01
   1.3270000e+03   1.0000000e+00   2.1009100e+01
   1.3280000e+03   1.0000000e+00   2.1680000e-01
   1.3290000e+03   1.0000000e+00   1.1706000e+00
   1.3300000e+03   1.0000000e+00   1.6950000e+00
   1.3310000e+03   1.0000000e+00   2.3703100e+01
   1.3320000e+03   1.0000000e+00   4.4800000e-02
   1.3330000e+03   1.0000000e+00   5.9944000e+00
   1.3340000e+03   1.0000000e+00   1.4268300e+01
   1.3350000e+03   1.0000000e+00   8.0170000e-01
   1.3360000e+03   1.0000000e+00   5.4926000e+00
   1.3370000e+03   1.0000000e+00   5.2739000e+00
   1.3380000e+03   1.0000000e+00   3.9098000e+00
   1.3390000e+03   1.0000000e+00   9.1285000e+00
   1.3400000e+03   1.0000000e+00   2.7426000e+00
   1.3410000e+03   1.0000000e+00   4.4690000e-01
   1.3420000e+03   1.0000000e+00   4.0626000e+00
   1.3430000e+03   1.0000000e+00   1.7520000e-01
   1.3440000e+03   1.0000000e+00   2.5383800e+01
   1.3450000e+03   1.0000000e+00   4.2318000e+00
   1.3460000e+03   1.0000000e+00   7.0412000e+00
   1.3470000e+03   1.0000000e+00   1.3692300e+01
   1.3480000e+03   1.0000000e+00   1.5552000e+00
   1.3490000e+03   1.0000000e+00   1.0067000e+00
   1.3500000e+03   1.0000000e+00   2.7794000e+00
   1.3510000e+03   1.0000000e+00   6.6847000e+00
   1.3520000e+03   1.0000000e+00   8.6939000e+00
   1.3530000e+03   1.0000000e+00   3.6141000e+00
   1.3540000e+03   1.0000000e+00   1.0169400e+01
   1.3550000e+03   1.0000000e+00   2.7520000e+00
   1.3560000e+03   1.0000000e+00   5.7200000e-02
   1.3570000e+03   1.0000000e+00   9.7490000e-01
   1.3580000e+03   1.0000000e+00   1.3496400e+01
   1.3590000e+03   1.0000000e+00   2.9400000e-01
   1.3600000e+03   1.0000000e+00   5.2400000e-01
   1.3610000e+03   1.0000000e+00   1.4405800e+01
   1.3620000e+03   1.0000000e+00   3.3620000e+00
   1.3630000e+03   1.0000000e+00   9.4220000e-01
   1.3640000e+03   1.0000000e+00   1.7768000e+00
   1.3650000e+03   1.0000000e+00   9.9800000e-02
   1.3660000e+03   1.0000000e+00   2.9061700e+01
   1.3670000e+03   1.0000000e+00   3.7370000e+00
   1.3680000e+03   1.0000000e+00   2.3290000e-01
   1.3690000e+03   1.0000000e+00   8.6440000e-01
   1.3700000e+03   1.0000000e+00   2.0092100e+01
   1.3710000e+03   1.0000000e+00   1.0390000e-01
   1.3720000e+03   1.0000000e+00   2.5071000e+00
   1.3730000e+03   1.0000000e+00   2.0537100e+01
   1.3740000e+03   1.0000000e+00   3.6365000e+00
   1.3750000e+03   1.0000000e+00   3.6730000e-01
   1.3760000e+03   1.0000000e+00   1.5807900e+01
   1.3770000e+03   1.0000000e+00   1.2388000e+00
   1.3780000e+03   1.0000000e+00   5.3440000e-01
   1.3790000e+03   1.0000000e+00   1.7150000e-01
   1.3800000e+03   1.0000000e+00   1.4933000e+00
   1.3810000e+03   1.0000000e+00   1.9296000e+00
   1.3820000e+03   1.0000000e+00   7.9658000e+00
   1.3830000e+03   1.0000000e+00   1.0301200e+01
   1.3840000e+03   1.0000000e+00   2.1530000e-01
   1.3850000e+03   1.0000000e+00   2.2750000e-01
   1.3860000e+03   1.0000000e+00   1.6050000e-01
   1.3870000e+03   1.0000000e+00   2.4525000e+00
   1.3880000e+03   1.0000000e+00   2.8040000e-01
   1.3890000e+03   1.0000000e+00   3.1852900e+01
   1.3900000e+03   1.0000000e+00   1.1557000e+01
   1.3910000e+03   1.0000000e+00   6.5722000e+00
   1.3920000e+03   1.0000000e+00   1.9672700e+01
   1.3930000e+03   1.0000000e+00   1.7137500e+01
   1.3940000e+03   1.0000000e+00   3.4432000e+00
   1.3950000e+03   1.0000000e+00   9.1589000e+00
   1.3960000e+03   1.0000000e+00   7.2504000e+00
   1.3970000e+03   1.0000000e+00   3.4543000e+00
   1.3980000e+03   1.0000000e+00   1.9958000e+00
   1.3990000e+03   1.0000000e+00   9.7580000e-01
   1.4000000e+03   1.0000000e+00   4.9016000e+00
   1.4010000e+03   1.0000000e+00   8.6310000e-01
   1.4020000e+03   1.0000000e+00   2.6970200e+01
   1.4030000e+03   1.0000000e+00   1.2699000e+01
   1.4040000e+03   1.0000000e+00   1.5271000e+00
   1.4050000e+03   1.0000000e+00   2.3875500e+01
   1.4060000e+03   1.0000000e+00   2.1990000e-01
   1.4070000e+03   1.0000000e+00   1.2781500e+01
   1.4080000e+03   1.0000000e+00   1.3416600e+01
   1.4090000e+03   1.0000000e+00   4.7902000e+00
   1.4100000e+03   1.0000000e+00   1.8820000e-01
   1.4110000e+03   1.0000000e+00   1.6410000e-01
   1.4120000e+03   1.0000000e+00   1.4620000e-01
   1.4130000e+03   1.0000000e+00   7.5000000e-02
   1.4140000e+03   1.0000000e+00   8.3381000e+00
   1.4150000e+03   1.0000000e+00   5.8100000e-02
   1.4160000e+03   1.0000000e+00   5.8600000e-02
   1.4170000e+03   1.0000000e+00   9.4600000e-02
   1.4180000e+03   1.0000000e+00   4.1400000e-02
   1.4190000e+03   1.0000000e+00   7.1460000e-01
   1.4200000e+03   1.0000000e+00   7.7037000e+00
   1.4210000e+03   1.0000000e+00   1.1830000e-01
   1.4220000e+03   1.0000000e+00   2.1310000e-01
   1.4230000e+03   1.0000000e+00   9.7200000e-02
   1.4240000e+03   1.0000000e+00   5.3400000e-02
   1.4250000e+03   1.0000000e+00   2.5500000e-02
   1.4260000e+03   1.0000000e+00   7.1500000e-02
   1.4270000e+03   1.0000000e+00   7.5200000e-02
   1.4280000e+03   1.0000000e+00   1.0220000e-01
   1.4290000e+03   1.0000000e+00   9.6600000e-02
   1.4300000e+03   1.0000000e+00   0.0000000e+00
   1.4310000e+03   1.0000000e+00   9.7220000e-01
   1.4320000e+03   1.0000000e+00   3.5700000e-02
   1.4330000e+03   1.0000000e+00   0.0000000e+00
   1.4340000e+03   1.0000000e+00   6.4700000e-02
   1.4350000e+03   1.0000000e+00   2.6810000e-01
   1.4360000e+03   1.0000000e+00   1.1600000e-01
   1.4370000e+03   1.0000000e+00   7.6700000e-02
   1.4380000e+03   1.0000000e+00   4.7000000e-02
   1.4390000e+03   1.0000000e+00   0.0000000e+00
   1.4400000e+03   1.0000000e+00   3.9600000e-02
   1.4410000e+03   1.0000000e+00   1.2850000e-01
   1.4420000e+03   1.0000000e+00   0.0000000e+00
   1.4430000e+03   1.0000000e+00   0.0000000e+00
   1.4440000e+03   1.0000000e+00   4.7600000e-02
   1.4450000e+03   1.0000000e+00   1.6350000e-01
   1.4460000e+03   1.0000000e+00   1.3140000e-01
   1.4470000e+03   1.0000000e+00   5.4900000e-02
   1.4480000e+03   1.0000000e+00   1.4260000e-01
   1.4490000e+03   1.0000000e+00   0.0000000e+00
   1.4500000e+03   1.0000000e+00   1.4490000e-01
   1.4510000e+03   1.0000000e+00   8.7100000e-02
   1.4520000e+03   1.0000000e+00   0.0000000e+00
   1.4530000e+03   1.0000000e+00   0.0000000e+00
   1.4540000e+03   1.0000000e+00   0.0000000e+00
   1.4550000e+03   1.0000000e+00   0.0000000e+00
   1.4560000e+03   1.0000000e+00   0.0000000e+00
   1.4570000e+03   1.0000000e+00   0.0000000e+00
   1.4580000e+03   1.0000000e+00   0.0000000e+00
   1.4590000e+03   1.0000000e+00   0.0000000e+00
   1.4600000e+03   1.0000000e+00   0.0000000e+00
   1.4610000e+03   1.0000000e+00   0.0000000e+00
   1.4620000e+03   1.0000000e+00   0.0000000e+00
   1.4630000e+03   1.0000000e+00   0.0000000e+00
   1.4640000e+03   1.0000000e+00   0.0000000e+00
   1.4650000e+03   1.0000000e+00   0.0000000e+00
   1.4660000e+03   1.0000000e+00   0.0000000e+00
   1.4670000e+03   1.0000000e+00   0.0000000e+00
   1.4680000e+03   1.0000000e+00   0.0000000e+00
   1.4690000e+03   1.0000000e+00   0.0000000e+00
   1.4700000e+03   1.0000000e+00   0.0000000e+00
   1.4710000e+03   1.0000000e+00   0.0000000e+00
   1.4720000e+03   1.0000000e+00   0.0000000e+00
   1.4730000e+03   1.0000000e+00   0.0000000e+00
   1.4740000e+03   1.0000000e+00   0.0000000e+00
   1.4750000e+03   1.0000000e+00   0.0000000e+00
   1.4760000e+03   1.0000000e+00   0.0000000e+00
   1.4770000e+03   1.0000000e+00   0.0000000e+00
   1.4780000e+03   1.0000000e+00   0.0000000e+00
   1.4790000e+03   1.0000000e+00   0.0000000e+00
   1.4800000e+03   1.0000000e+00   0.0000000e+00
   1.4810000e+03   1.0000000e+00   0.0000000e+00
   1.4820000e+03   1.0000000e+00   0.0000000e+00
   1.4830000e+03   1.0000000e+00   0.0000000e+00
   1.4840000e+03   1.0000000e+00   0.0000000e+00
   1.4850000e+03   1.0000000e+00   0.0000000e+00
   1.4860000e+03   1.0000000e+00   0.0000000e+00
   1.4870000e+03   1.0000000e+00   0.0000000e+00
   1.4880000e+03   1.0000000e+00   0.0000000e+00
   1.4890000e+03   1.0000000e+00   0.0000000e+00
   1.4900000e+03   1.0000000e+00   0.0000000e+00
