%Pluie moyenne journalièere beterou
%2002-2008
%issu des fichiers resultats JV  Ntopamma
%date		P(mm)
01  01  02	0
02  01  02	0
03  01  02	0
04  01  02	0
05  01  02	0
06  01  02	0
07  01  02	0
08  01  02	0
09  01  02	0
10  01  02	0
11  01  02	0
12  01  02	0
13  01  02	0
14  01  02	0
15  01  02	0
16  01  02	0
17  01  02	0
18  01  02	0
19  01  02	0
20  01  02	0
21  01  02	0
22  01  02	0
23  01  02	0
24  01  02	0
25  01  02	0
26  01  02	0
27  01  02	0
28  01  02	0
29  01  02	0
30  01  02	0
31  01  02	0
01  02  02	0
02  02  02	0
03  02  02	0
04  02  02	0
05  02  02	0
06  02  02	0
07  02  02	0
08  02  02	0
09  02  02	0
10  02  02	0
11  02  02	0
12  02  02	0
13  02  02	0
14  02  02	0
15  02  02	0
16  02  02	0
17  02  02	0
18  02  02	0
19  02  02	0
20  02  02	0
21  02  02	0
22  02  02	0
23  02  02	0
24  02  02	0
25  02  02	0
26  02  02	0
27  02  02	0
28  02  02	0
01  03  02	0
02  03  02	0
03  03  02	0
04  03  02	0
05  03  02	0
06  03  02	0
07  03  02	0
08  03  02	0.3509
09  03  02	7.9159
10  03  02	21.3956
11  03  02	0.8971
12  03  02	0.0541
13  03  02	0
14  03  02	0.0876
15  03  02	0
16  03  02	0
17  03  02	0
18  03  02	0.0286
19  03  02	0
20  03  02	0
21  03  02	0.0149
22  03  02	0.2781
23  03  02	0.012
24  03  02	0
25  03  02	0
26  03  02	0
27  03  02	0
28  03  02	0
29  03  02	10.3745
30  03  02	0.0613
31  03  02	0.0555
01  04  02	0.0398
02  04  02	0.0188
03  04  02	0.0156
04  04  02	0.8735
05  04  02	0.1216
06  04  02	1.9686
07  04  02	10.4276
08  04  02	15.0682
09  04  02	0
10  04  02	0
11  04  02	0.1105
12  04  02	0
13  04  02	0
14  04  02	16.1177
15  04  02	0.0325
16  04  02	1.0208
17  04  02	0
18  04  02	12.4503
19  04  02	0.002
20  04  02	0
21  04  02	0.5096
22  04  02	0
23  04  02	0
24  04  02	3.8863
25  04  02	0
26  04  02	0
27  04  02	0.1652
28  04  02	0
29  04  02	0.4689
30  04  02	0
01  05  02	1.2886
02  05  02	1.6346
03  05  02	1.6673
04  05  02	0.0778
05  05  02	3.1505
06  05  02	6.6066
07  05  02	1.2129
08  05  02	4.1251
09  05  02	12.5172
10  05  02	0.2112
11  05  02	0.0131
12  05  02	0.0256
13  05  02	2.2573
14  05  02	20.061
15  05  02	0.612
16  05  02	0.0135
17  05  02	0.0395
18  05  02	0
19  05  02	20.2956
20  05  02	1.6549
21  05  02	0.4297
22  05  02	0
23  05  02	0.1115
24  05  02	22.6484
25  05  02	0.0991
26  05  02	0.3133
27  05  02	4.4201
28  05  02	9.6045
29  05  02	0.7317
30  05  02	0.3862
31  05  02	0
01  06  02	23.0065
02  06  02	0.4355
03  06  02	3.6596
04  06  02	0
05  06  02	4.5129
06  06  02	0.0658
07  06  02	13.4049
08  06  02	0.1085
09  06  02	0.1877
10  06  02	1.9727
11  06  02	1.8567
12  06  02	0.8375
13  06  02	12.2969
14  06  02	3.18
15  06  02	4.3853
16  06  02	0.0957
17  06  02	2.8426
18  06  02	0.4218
19  06  02	3.9036
20  06  02	1.1344
21  06  02	7.9011
22  06  02	0.0008
23  06  02	0.0571
24  06  02	3.4271
25  06  02	16.7432
26  06  02	20.001
27  06  02	17.6237
28  06  02	0.1593
29  06  02	0.1968
30  06  02	0.973
01  07  02	0.299
02  07  02	4.4019
03  07  02	4.4685
04  07  02	5.4891
05  07  02	0.0588
06  07  02	4.338
07  07  02	3.3445
08  07  02	0
09  07  02	0
10  07  02	10.2289
11  07  02	0.1433
12  07  02	15.6308
13  07  02	0.0411
14  07  02	0.0203
15  07  02	0.1684
16  07  02	0.9601
17  07  02	14.4063
18  07  02	8.8862
19  07  02	0.2304
20  07  02	0.5151
21  07  02	11.5089
22  07  02	2.2107
23  07  02	0.6253
24  07  02	0.4952
25  07  02	0.0907
26  07  02	0.6843
27  07  02	3.9275
28  07  02	6.1174
29  07  02	2.9624
30  07  02	18.0919
31  07  02	4.7124
01  08  02	6.5621
02  08  02	5.1541
03  08  02	1.1597
04  08  02	0.074
05  08  02	19.9472
06  08  02	34.6386
07  08  02	7.3303
08  08  02	0.4494
09  08  02	7.6994
10  08  02	15.1633
11  08  02	0.2215
12  08  02	13.2382
13  08  02	10.3481
14  08  02	32.0198
15  08  02	4.3421
16  08  02	0.5317
17  08  02	15.9071
18  08  02	8.8551
19  08  02	1.1358
20  08  02	5.7279
21  08  02	24.8843
22  08  02	0.1104
23  08  02	2.9082
24  08  02	12.5155
25  08  02	0.2844
26  08  02	2.0592
27  08  02	6.8633
28  08  02	0.8393
29  08  02	43.6783
30  08  02	0.918
31  08  02	0.1768
01  09  02	0.0794
02  09  02	11.565
03  09  02	0.1734
04  09  02	27.6087
05  09  02	0.5998
06  09  02	35.0402
07  09  02	0.1403
08  09  02	1.4155
09  09  02	0.2699
10  09  02	3.9478
11  09  02	4.0513
12  09  02	8.0263
13  09  02	19.2759
14  09  02	17.1546
15  09  02	33.4806
16  09  02	1.6828
17  09  02	0.3842
18  09  02	25.2276
19  09  02	17.5846
20  09  02	0.1531
21  09  02	0.0521
22  09  02	7.489
23  09  02	0.1092
24  09  02	1.2189
25  09  02	14.3265
26  09  02	0.7871
27  09  02	2.1518
28  09  02	0.1391
29  09  02	0.4066
30  09  02	16.651
01  10  02	3.0427
02  10  02	7.5645
03  10  02	18.4861
04  10  02	6.6981
05  10  02	9.1911
06  10  02	4.623
07  10  02	14.3391
08  10  02	14.5763
09  10  02	6.3772
10  10  02	0.4543
11  10  02	6.8995
12  10  02	0.8283
13  10  02	2.3044
14  10  02	4.2823
15  10  02	0.9034
16  10  02	6.0583
17  10  02	0.1481
18  10  02	0.1668
19  10  02	2.9698
20  10  02	0.0982
21  10  02	1.1485
22  10  02	0.0173
23  10  02	0.0225
24  10  02	0.0778
25  10  02	0.159
26  10  02	0.4134
27  10  02	0.0017
28  10  02	0.0738
29  10  02	0.0661
30  10  02	0.1351
31  10  02	0.0171
01  11  02	0.008
02  11  02	0.0372
03  11  02	0
04  11  02	0
05  11  02	1.6661
06  11  02	0
07  11  02	0
08  11  02	0
09  11  02	0.0825
10  11  02	0
11  11  02	0
12  11  02	0.1312
13  11  02	0
14  11  02	0.0989
15  11  02	0
16  11  02	0
17  11  02	0.0516
18  11  02	0.0215
19  11  02	0
20  11  02	0
21  11  02	0.7046
22  11  02	0.174
23  11  02	0
24  11  02	0
25  11  02	0
26  11  02	0
27  11  02	0
28  11  02	0
29  11  02	0
30  11  02	0
01  12  02	0
02  12  02	0
03  12  02	0
04  12  02	0
05  12  02	0
06  12  02	0
07  12  02	0
08  12  02	0
09  12  02	0
10  12  02	0
11  12  02	0
12  12  02	0
13  12  02	0
14  12  02	0
15  12  02	0
16  12  02	0
17  12  02	0
18  12  02	0
19  12  02	0
20  12  02	0
21  12  02	0
22  12  02	0
23  12  02	0
24  12  02	0
25  12  02	0
26  12  02	0
27  12  02	0
28  12  02	0
29  12  02	0
30  12  02	0
31  12  02	0
01  01  03	0
02  01  03	0
03  01  03	0
04  01  03	0
05  01  03	0
06  01  03	0
07  01  03	0
08  01  03	0
09  01  03	0
10  01  03	0
11  01  03	0
12  01  03	0.4639
13  01  03	0.024
14  01  03	0
15  01  03	0
16  01  03	0
17  01  03	0
18  01  03	0
19  01  03	0
20  01  03	0
21  01  03	0
22  01  03	0
23  01  03	0
24  01  03	0
25  01  03	0
26  01  03	0
27  01  03	0
28  01  03	0
29  01  03	0
30  01  03	0
31  01  03	0
01  02  03	0
02  02  03	0
03  02  03	0
04  02  03	0
05  02  03	0
06  02  03	0
07  02  03	0
08  02  03	0.0107
09  02  03	0.0051
10  02  03	0.0116
11  02  03	0
12  02  03	0
13  02  03	0.0869
14  02  03	0
15  02  03	0.8123
16  02  03	0
17  02  03	9.0768
18  02  03	0.0133
19  02  03	0
20  02  03	0
21  02  03	0
22  02  03	0
23  02  03	0
24  02  03	0
25  02  03	0
26  02  03	0
27  02  03	0
28  02  03	0
01  03  03	0
02  03  03	0
03  03  03	0
04  03  03	0
05  03  03	0
06  03  03	0.0058
07  03  03	0
08  03  03	0
09  03  03	0
10  03  03	0
11  03  03	0
12  03  03	0.4613
13  03  03	0.021
14  03  03	0
15  03  03	0
16  03  03	0
17  03  03	0
18  03  03	0
19  03  03	0
20  03  03	0.0382
21  03  03	0
22  03  03	4.2758
23  03  03	12.9742
24  03  03	2.892
25  03  03	0.0101
26  03  03	0
27  03  03	0
28  03  03	0
29  03  03	0
30  03  03	0
31  03  03	0
01  04  03	0
02  04  03	0
03  04  03	0
04  04  03	0.5282
05  04  03	1.2792
06  04  03	2.095
07  04  03	0.7227
08  04  03	0.8766
09  04  03	0
10  04  03	0
11  04  03	5.9266
12  04  03	1.3378
13  04  03	0.1368
14  04  03	0.3608
15  04  03	12.9958
16  04  03	0.0157
17  04  03	0.0455
18  04  03	0.9077
19  04  03	2.6187
20  04  03	23.295
21  04  03	0.0497
22  04  03	0.0775
23  04  03	2.4949
24  04  03	0.7156
25  04  03	0
26  04  03	0.4936
27  04  03	5.947
28  04  03	0
29  04  03	12.4921
30  04  03	3.1587
01  05  03	0.5523
02  05  03	0.2789
03  05  03	1.4704
04  05  03	0
05  05  03	0
06  05  03	0.0606
07  05  03	12.5294
08  05  03	1.4282
09  05  03	0.3735
10  05  03	1.8572
11  05  03	0.0709
12  05  03	5.3761
13  05  03	0.6241
14  05  03	0.0074
15  05  03	1.1112
16  05  03	1.2276
17  05  03	2.1937
18  05  03	1.6203
19  05  03	0
20  05  03	2.0277
21  05  03	14.8744
22  05  03	0.7831
23  05  03	0.1341
24  05  03	1.2162
25  05  03	0.0411
26  05  03	1.0653
27  05  03	0.0253
28  05  03	9.9087
29  05  03	35.6872
30  05  03	0.2099
31  05  03	6.725
01  06  03	0.6381
02  06  03	25.2456
03  06  03	1.4023
04  06  03	1.8662
05  06  03	1.8818
06  06  03	20.2279
07  06  03	0.1541
08  06  03	20.6601
09  06  03	0.3682
10  06  03	5.814
11  06  03	10.493
12  06  03	3.3053
13  06  03	28.0535
14  06  03	0.2096
15  06  03	2.6384
16  06  03	0.0779
17  06  03	0.06
18  06  03	10.5685
19  06  03	0.0344
20  06  03	11.5508
21  06  03	0.0762
22  06  03	1.695
23  06  03	3.6918
24  06  03	4.5842
25  06  03	28.3018
26  06  03	26.0029
27  06  03	1.5383
28  06  03	0.7164
29  06  03	21.1335
30  06  03	0.5433
01  07  03	0.0478
02  07  03	12.508
03  07  03	0.0553
04  07  03	11.0284
05  07  03	0.0524
06  07  03	0.1053
07  07  03	1.6514
08  07  03	7.9966
09  07  03	1.5836
10  07  03	14.771
11  07  03	0.4501
12  07  03	0.7097
13  07  03	0.2101
14  07  03	3.4414
15  07  03	1.1537
16  07  03	6.0693
17  07  03	25.5176
18  07  03	0.0766
19  07  03	5.6801
20  07  03	4.5163
21  07  03	15.316
22  07  03	7.1766
23  07  03	10.9268
24  07  03	1.2757
25  07  03	1.8082
26  07  03	6.5947
27  07  03	1.8258
28  07  03	2.0929
29  07  03	0.4973
30  07  03	10.5987
31  07  03	44.4003
01  08  03	12.3625
02  08  03	8.2458
03  08  03	4.1635
04  08  03	17.9677
05  08  03	2.0662
06  08  03	26.0994
07  08  03	12.0451
08  08  03	2.1719
09  08  03	0.0695
10  08  03	21.7352
11  08  03	7.3116
12  08  03	12.1049
13  08  03	24.107
14  08  03	5.18
15  08  03	2.8799
16  08  03	10.8084
17  08  03	10.7489
18  08  03	11.8194
19  08  03	24.1483
20  08  03	19.1454
21  08  03	4.2681
22  08  03	1.3912
23  08  03	10.1738
24  08  03	10.6883
25  08  03	0.1126
26  08  03	1.7178
27  08  03	6.1325
28  08  03	13.9611
29  08  03	6.8621
30  08  03	16.8582
31  08  03	25.8867
01  09  03	3.7137
02  09  03	5.3932
03  09  03	8.5615
04  09  03	0.4859
05  09  03	7.3402
06  09  03	8.5896
07  09  03	16.6865
08  09  03	7.9368
09  09  03	9.3292
10  09  03	0.6866
11  09  03	0.1781
12  09  03	1.5278
13  09  03	16.199
14  09  03	2.8615
15  09  03	5.7249
16  09  03	8.3915
17  09  03	1.9168
18  09  03	8.3477
19  09  03	25.5443
20  09  03	0.9343
21  09  03	7.4591
22  09  03	8.927
23  09  03	22.4551
24  09  03	0.0099
25  09  03	9.4054
26  09  03	0.0963
27  09  03	2.565
28  09  03	26.8835
29  09  03	0.2185
30  09  03	4.1481
01  10  03	0.0638
02  10  03	17.8923
03  10  03	0.8436
04  10  03	2.5814
05  10  03	0.6281
06  10  03	3.4391
07  10  03	5.0482
08  10  03	7.2211
09  10  03	0.0596
10  10  03	0.068
11  10  03	0.1386
12  10  03	0.1702
13  10  03	3.8238
14  10  03	11.9479
15  10  03	11.7356
16  10  03	6.1574
17  10  03	5.2819
18  10  03	0.4924
19  10  03	0.0373
20  10  03	0.6149
21  10  03	0.0469
22  10  03	0.0765
23  10  03	0.0735
24  10  03	0.1379
25  10  03	0.0191
26  10  03	2.2163
27  10  03	0.6693
28  10  03	3.306
29  10  03	0.0374
30  10  03	0
31  10  03	0.0721
01  11  03	0.0628
02  11  03	0.0523
03  11  03	0.0345
04  11  03	2.1355
05  11  03	0.083
06  11  03	0.0106
07  11  03	0.0089
08  11  03	0
09  11  03	1.7708
10  11  03	0.0471
11  11  03	0.0674
12  11  03	0.729
13  11  03	0.0827
14  11  03	2.1676
15  11  03	0
16  11  03	0.0733
17  11  03	0
18  11  03	0
19  11  03	0
20  11  03	0
21  11  03	0
22  11  03	0
23  11  03	0
24  11  03	0
25  11  03	0
26  11  03	0
27  11  03	0
28  11  03	0
29  11  03	0
30  11  03	0
01  12  03	0.0316
02  12  03	0.0851
03  12  03	0.6858
04  12  03	0
05  12  03	0
06  12  03	32.5072
07  12  03	0.4648
08  12  03	0
09  12  03	0
10  12  03	0
11  12  03	0
12  12  03	0
13  12  03	0
14  12  03	0.7358
15  12  03	0
16  12  03	0
17  12  03	0
18  12  03	0
19  12  03	0
20  12  03	0
21  12  03	0
22  12  03	0
23  12  03	0
24  12  03	0
25  12  03	0
26  12  03	0
27  12  03	0
28  12  03	0
29  12  03	0
30  12  03	0
31  12  03	0
01  01  04	0
02  01  04	0
03  01  04	0
04  01  04	0
05  01  04	0
06  01  04	0
07  01  04	0
08  01  04	0
09  01  04	0
10  01  04	0
11  01  04	0
12  01  04	0
13  01  04	0
14  01  04	0
15  01  04	0
16  01  04	0
17  01  04	0
18  01  04	0
19  01  04	0
20  01  04	0
21  01  04	37.5608
22  01  04	2.0703
23  01  04	0.1129
24  01  04	0.0298
25  01  04	0.0118
26  01  04	0
27  01  04	0
28  01  04	0
29  01  04	0
30  01  04	0
31  01  04	0.0415
01  02  04	0.008
02  02  04	0.193
03  02  04	0
04  02  04	0
05  02  04	0.0922
06  02  04	0.0137
07  02  04	0
08  02  04	0
09  02  04	0
10  02  04	0.0061
11  02  04	0.0221
12  02  04	0
13  02  04	0.0018
14  02  04	0
15  02  04	0
16  02  04	0
17  02  04	0
18  02  04	0
19  02  04	0
20  02  04	0
21  02  04	0
22  02  04	0
23  02  04	0
24  02  04	0
25  02  04	0
26  02  04	0
27  02  04	0
28  02  04	0
29  02  04	0
01  03  04	0
02  03  04	0.191
03  03  04	4.3813
04  03  04	0.1058
05  03  04	0.0076
06  03  04	0.0076
07  03  04	0.0158
08  03  04	0
09  03  04	0
10  03  04	0
11  03  04	0
12  03  04	0
13  03  04	0
14  03  04	0
15  03  04	0
16  03  04	0
17  03  04	0
18  03  04	0
19  03  04	0
20  03  04	0
21  03  04	0
22  03  04	0
23  03  04	0
24  03  04	0
25  03  04	0
26  03  04	0
27  03  04	0
28  03  04	0
29  03  04	0
30  03  04	0.0061
31  03  04	0.1624
01  04  04	2.7747
02  04  04	5.5235
03  04  04	0.0943
04  04  04	0.0076
05  04  04	0.1102
06  04  04	1.4069
07  04  04	14.333
08  04  04	0.6331
09  04  04	0.0083
10  04  04	0.0083
11  04  04	0.1549
12  04  04	6.5072
13  04  04	0.011
14  04  04	2.0761
15  04  04	0
16  04  04	7.6257
17  04  04	1.772
18  04  04	0.0515
19  04  04	0.0852
20  04  04	0.3421
21  04  04	3.707
22  04  04	2.8522
23  04  04	1.0388
24  04  04	3.1197
25  04  04	0
26  04  04	0.0462
27  04  04	13.211
28  04  04	2.022
29  04  04	17.0971
30  04  04	0.468
01  05  04	0.0109
02  05  04	0.0953
03  05  04	0.0398
04  05  04	1.5495
05  05  04	3.4873
06  05  04	14.82
07  05  04	2.1401
08  05  04	0.0001
09  05  04	0.2641
10  05  04	0
11  05  04	0.3147
12  05  04	3.7325
13  05  04	0.0267
14  05  04	0
15  05  04	11.6263
16  05  04	0.1275
17  05  04	0.1843
18  05  04	0
19  05  04	1.1541
20  05  04	3.7162
21  05  04	0.0001
22  05  04	0.2888
23  05  04	11.9453
24  05  04	0.9086
25  05  04	0.1896
26  05  04	18.5596
27  05  04	1.9073
28  05  04	0.3208
29  05  04	7.7568
30  05  04	0.3381
31  05  04	14.5808
01  06  04	0.2401
02  06  04	24.2904
03  06  04	0.9417
04  06  04	6.6443
05  06  04	0.0048
06  06  04	0.0803
07  06  04	5.8741
08  06  04	5.405
09  06  04	27.4426
10  06  04	0.9238
11  06  04	0.0895
12  06  04	25.385
13  06  04	4.5635
14  06  04	0.318
15  06  04	1.488
16  06  04	6.2101
17  06  04	32.5837
18  06  04	0.1904
19  06  04	0.0778
20  06  04	0.0705
21  06  04	6.7057
22  06  04	5.4053
23  06  04	0.2372
24  06  04	6.6372
25  06  04	11.845
26  06  04	4.4134
27  06  04	1.1497
28  06  04	16.1536
29  06  04	1.2587
30  06  04	0.0641
01  07  04	3.539
02  07  04	0.0069
03  07  04	23.1169
04  07  04	0.3314
05  07  04	8.1842
06  07  04	13.832
07  07  04	5.2248
08  07  04	0.7628
09  07  04	2.7917
10  07  04	7.9427
11  07  04	29.1357
12  07  04	0.1562
13  07  04	0.6539
14  07  04	12.6958
15  07  04	4.0095
16  07  04	3.2896
17  07  04	12.9264
18  07  04	3.3214
19  07  04	5.8351
20  07  04	3.0225
21  07  04	7.0097
22  07  04	24.2618
23  07  04	4.7208
24  07  04	24.0268
25  07  04	12.6187
26  07  04	7.2766
27  07  04	6.5758
28  07  04	9.9306
29  07  04	10.7557
30  07  04	0.6257
31  07  04	19.4532
01  08  04	1.8184
02  08  04	1.0384
03  08  04	0.9371
04  08  04	2.314
05  08  04	0.1925
06  08  04	17.6149
07  08  04	0.6858
08  08  04	0.4752
09  08  04	6.4036
10  08  04	0.2181
11  08  04	26.6635
12  08  04	2.2858
13  08  04	0.6559
14  08  04	15.8471
15  08  04	0.0871
16  08  04	6.2278
17  08  04	1.8905
18  08  04	0.162
19  08  04	3.5802
20  08  04	4.9625
21  08  04	6.4519
22  08  04	21.2807
23  08  04	39.8458
24  08  04	3.4023
25  08  04	4.2141
26  08  04	25.4195
27  08  04	4.7148
28  08  04	3.9021
29  08  04	4.5768
30  08  04	9.4157
31  08  04	14.9196
01  09  04	0.0502
02  09  04	0.2936
03  09  04	2.6619
04  09  04	22.5461
05  09  04	0.7206
06  09  04	22.0985
07  09  04	2.4773
08  09  04	0.1717
09  09  04	13.6092
10  09  04	1.59
11  09  04	6.8471
12  09  04	5.5335
13  09  04	3.7502
14  09  04	0.1681
15  09  04	0.4575
16  09  04	10.9667
17  09  04	13.3207
18  09  04	3.9687
19  09  04	8.2784
20  09  04	14.4853
21  09  04	14.5814
22  09  04	4.2246
23  09  04	20.2439
24  09  04	0.9863
25  09  04	0.0137
26  09  04	22.2521
27  09  04	0.2118
28  09  04	0.1529
29  09  04	0.7266
30  09  04	21.9455
01  10  04	3.4342
02  10  04	3.4536
03  10  04	2.528
04  10  04	2.8354
05  10  04	5.828
06  10  04	0.1772
07  10  04	1.66
08  10  04	0.053
09  10  04	0.0579
10  10  04	0.0839
11  10  04	2.1213
12  10  04	0.0557
13  10  04	0.0884
14  10  04	0.0506
15  10  04	0.5342
16  10  04	0.0219
17  10  04	0.235
18  10  04	0.0058
19  10  04	0.0905
20  10  04	0.1631
21  10  04	0.0145
22  10  04	0
23  10  04	0.0548
24  10  04	0.0179
25  10  04	0.0026
26  10  04	0.0555
27  10  04	0.0627
28  10  04	0.1583
29  10  04	0.0062
30  10  04	0.0027
31  10  04	0.0357
01  11  04	0.3713
02  11  04	9.2816
03  11  04	11.7796
04  11  04	0.4505
05  11  04	0.0469
06  11  04	0.3133
07  11  04	3.9259
08  11  04	0.1459
09  11  04	0.0534
10  11  04	0.0362
11  11  04	0.0828
12  11  04	10.6991
13  11  04	4.6673
14  11  04	1.0556
15  11  04	0.0937
16  11  04	0.0792
17  11  04	0.1451
18  11  04	0
19  11  04	0.1934
20  11  04	0
21  11  04	0
22  11  04	0
23  11  04	0.2076
24  11  04	0
25  11  04	1.4164
26  11  04	0
27  11  04	0
28  11  04	0
29  11  04	0
30  11  04	0
01  12  04	0
02  12  04	0
03  12  04	0
04  12  04	0
05  12  04	0
06  12  04	0
07  12  04	0
08  12  04	0
09  12  04	0
10  12  04	0
11  12  04	0
12  12  04	0
13  12  04	0
14  12  04	0
15  12  04	0
16  12  04	0
17  12  04	0
18  12  04	0
19  12  04	0
20  12  04	0
21  12  04	0
22  12  04	0
23  12  04	0
24  12  04	0
25  12  04	0
26  12  04	0
27  12  04	0
28  12  04	0
29  12  04	0
30  12  04	0
31  12  04	0
01  01  05	0
02  01  05	0
03  01  05	0
04  01  05	0
05  01  05	0
06  01  05	0
07  01  05	0
08  01  05	0
09  01  05	0
10  01  05	0
11  01  05	0
12  01  05	0
13  01  05	0
14  01  05	0
15  01  05	0
16  01  05	0
17  01  05	0
18  01  05	0
19  01  05	0
20  01  05	0
21  01  05	0
22  01  05	0
23  01  05	0
24  01  05	0
25  01  05	0
26  01  05	0
27  01  05	0
28  01  05	0
29  01  05	0
30  01  05	0
31  01  05	0
01  02  05	0
02  02  05	0
03  02  05	0
04  02  05	0
05  02  05	0
06  02  05	0
07  02  05	0
08  02  05	0
09  02  05	0
10  02  05	0
11  02  05	0
12  02  05	0
13  02  05	0
14  02  05	0
15  02  05	0
16  02  05	0
17  02  05	0
18  02  05	0
19  02  05	0
20  02  05	10.0009
21  02  05	0
22  02  05	0
23  02  05	0
24  02  05	0
25  02  05	0
26  02  05	0
27  02  05	0.01
28  02  05	0
01  03  05	1.0559
02  03  05	0
03  03  05	0
04  03  05	0.2464
05  03  05	0
06  03  05	0
07  03  05	21.313
08  03  05	0.4981
09  03  05	0
10  03  05	0
11  03  05	0
12  03  05	0
13  03  05	2.2612
14  03  05	0.0325
15  03  05	4.0876
16  03  05	0.0006
17  03  05	0
18  03  05	0
19  03  05	0.0477
20  03  05	0
21  03  05	0
22  03  05	1.0301
23  03  05	5.6614
24  03  05	0.7079
25  03  05	0.98
26  03  05	0.0037
27  03  05	0
28  03  05	0
29  03  05	0
30  03  05	0
31  03  05	0
01  04  05	0.01
02  04  05	0.0181
03  04  05	1.4554
04  04  05	0.0385
05  04  05	0.0075
06  04  05	0.0192
07  04  05	0.0075
08  04  05	0.0084
09  04  05	0
10  04  05	0.0957
11  04  05	0
12  04  05	0
13  04  05	0
14  04  05	0.0031
15  04  05	0.7877
16  04  05	0.0013
17  04  05	6.2953
18  04  05	4.9425
19  04  05	0.0341
20  04  05	30.8984
21  04  05	0.0785
22  04  05	0.1659
23  04  05	0.6006
24  04  05	6.6523
25  04  05	0.0536
26  04  05	0.4615
27  04  05	2.1049
28  04  05	0
29  04  05	12.5977
30  04  05	0.6349
01  05  05	0.053
02  05  05	0.0277
03  05  05	0.5594
04  05  05	3.0115
05  05  05	9.9467
06  05  05	5.4447
07  05  05	0.583
08  05  05	0.3583
09  05  05	3.997
10  05  05	0.4062
11  05  05	3.1844
12  05  05	0.2757
13  05  05	1.5891
14  05  05	0
15  05  05	0.3024
16  05  05	3.267
17  05  05	3.5662
18  05  05	0.0621
19  05  05	6.487
20  05  05	0.1544
21  05  05	0
22  05  05	12.7718
23  05  05	1.9877
24  05  05	0.089
25  05  05	0.1228
26  05  05	0.0996
27  05  05	2.0457
28  05  05	3.0919
29  05  05	1.0491
30  05  05	0.0897
31  05  05	22.6668
01  06  05	0.9282
02  06  05	0.6834
03  06  05	1.123
04  06  05	6.0324
05  06  05	20.514
06  06  05	0.8979
07  06  05	0
08  06  05	3.8653
09  06  05	1.3275
10  06  05	0.883
11  06  05	8.7132
12  06  05	12.6866
13  06  05	0.4878
14  06  05	0.0124
15  06  05	2.5132
16  06  05	14.3573
17  06  05	0.0066
18  06  05	22.66
19  06  05	0.076
20  06  05	14.0669
21  06  05	3.5441
22  06  05	4.241
23  06  05	6.641
24  06  05	0.0295
25  06  05	0.4904
26  06  05	5.8017
27  06  05	5.1058
28  06  05	0.6451
29  06  05	0.6463
30  06  05	0.0471
01  07  05	4.0873
02  07  05	0.803
03  07  05	28.1534
04  07  05	0.1064
05  07  05	0.0052
06  07  05	15.9185
07  07  05	0.6678
08  07  05	0.4259
09  07  05	6.7857
10  07  05	12.8733
11  07  05	1.1755
12  07  05	0.0078
13  07  05	30.4694
14  07  05	33.6401
15  07  05	1.6388
16  07  05	13.4088
17  07  05	23.7411
18  07  05	1.6355
19  07  05	9.6883
20  07  05	20.7592
21  07  05	21.0091
22  07  05	0.2168
23  07  05	1.1706
24  07  05	1.695
25  07  05	23.7031
26  07  05	0.0448
27  07  05	5.9944
28  07  05	14.2683
29  07  05	0.8017
30  07  05	5.4926
31  07  05	5.2739
01  08  05	3.9098
02  08  05	9.1285
03  08  05	2.7426
04  08  05	0.4469
05  08  05	4.0626
06  08  05	0.1752
07  08  05	25.3838
08  08  05	4.2318
09  08  05	7.0412
10  08  05	13.6923
11  08  05	1.5552
12  08  05	1.0067
13  08  05	2.7794
14  08  05	6.6847
15  08  05	8.6939
16  08  05	3.6141
17  08  05	10.1694
18  08  05	2.752
19  08  05	0.0572
20  08  05	0.9749
21  08  05	13.4964
22  08  05	0.294
23  08  05	0.524
24  08  05	14.4058
25  08  05	3.362
26  08  05	0.9422
27  08  05	1.7768
28  08  05	0.0998
29  08  05	29.0617
30  08  05	3.737
31  08  05	0.2329
01  09  05	0.8644
02  09  05	20.0921
03  09  05	0.1039
04  09  05	2.5071
05  09  05	20.5371
06  09  05	3.6365
07  09  05	0.3673
08  09  05	15.8079
09  09  05	1.2388
10  09  05	0.5344
11  09  05	0.1715
12  09  05	1.4933
13  09  05	1.9296
14  09  05	7.9658
15  09  05	10.3012
16  09  05	0.2153
17  09  05	0.2275
18  09  05	0.1605
19  09  05	2.4525
20  09  05	0.2804
21  09  05	31.8529
22  09  05	11.557
23  09  05	6.5722
24  09  05	19.6727
25  09  05	17.1375
26  09  05	3.4432
27  09  05	9.1589
28  09  05	7.2504
29  09  05	3.4543
30  09  05	1.9958
01  10  05	0.9758
02  10  05	4.9016
03  10  05	0.8631
04  10  05	26.9702
05  10  05	12.699
06  10  05	1.5271
07  10  05	23.8755
08  10  05	0.2199
09  10  05	12.7815
10  10  05	13.4166
11  10  05	4.7902
12  10  05	0.1882
13  10  05	0.1641
14  10  05	0.1462
15  10  05	0.075
16  10  05	8.3381
17  10  05	0.0581
18  10  05	0.0586
19  10  05	0.0946
20  10  05	0.0414
21  10  05	0.7146
22  10  05	7.7037
23  10  05	0.1183
24  10  05	0.2131
25  10  05	0.0972
26  10  05	0.0534
27  10  05	0.0255
28  10  05	0.0715
29  10  05	0.0752
30  10  05	0.1022
31  10  05	0.0966
01  11  05	0
02  11  05	0.9722
03  11  05	0.0357
04  11  05	0
05  11  05	0.0647
06  11  05	0.2681
07  11  05	0.116
08  11  05	0.0767
09  11  05	0.047
10  11  05	0
11  11  05	0.0396
12  11  05	0.1285
13  11  05	0
14  11  05	0
15  11  05	0.0476
16  11  05	0.1635
17  11  05	0.1314
18  11  05	0.0549
19  11  05	0.1426
20  11  05	0
21  11  05	0.1449
22  11  05	0.0871
23  11  05	0
24  11  05	0
25  11  05	0
26  11  05	0
27  11  05	0
28  11  05	0
29  11  05	0
30  11  05	0
01  12  05	0
02  12  05	0
03  12  05	0
04  12  05	0
05  12  05	0
06  12  05	0
07  12  05	0
08  12  05	0
09  12  05	0
10  12  05	0
11  12  05	0
12  12  05	0
13  12  05	0
14  12  05	0
15  12  05	0
16  12  05	0
17  12  05	0
18  12  05	0
19  12  05	0
20  12  05	0
21  12  05	0
22  12  05	0
23  12  05	0
24  12  05	0
25  12  05	0
26  12  05	0
27  12  05	0
28  12  05	0
29  12  05	0
30  12  05	0
31  12  05	0
01  01  06	0
02  01  06	0
03  01  06	0
04  01  06	0
05  01  06	0
06  01  06	0
07  01  06	0
08  01  06	0
09  01  06	0
10  01  06	0
11  01  06	0
12  01  06	0
13  01  06	0
14  01  06	0
15  01  06	0
16  01  06	0
17  01  06	0
18  01  06	0
19  01  06	0.1354
20  01  06	0
21  01  06	0
22  01  06	0
23  01  06	0
24  01  06	0
25  01  06	0
26  01  06	0
27  01  06	0
28  01  06	0
29  01  06	0
30  01  06	0
31  01  06	0
01  02  06	0
02  02  06	0
03  02  06	0
04  02  06	0.0973
05  02  06	0
06  02  06	0
07  02  06	0.0318
08  02  06	0.0052
09  02  06	0.0381
10  02  06	0.9517
11  02  06	0.0069
12  02  06	0
13  02  06	0
14  02  06	0
15  02  06	21.1713
16  02  06	1.1846
17  02  06	0.0042
18  02  06	0.0026
19  02  06	0.0026
20  02  06	0
21  02  06	0.0201
22  02  06	0
23  02  06	0
24  02  06	0
25  02  06	0
26  02  06	0
27  02  06	0
28  02  06	0
01  03  06	0
02  03  06	0.5254
03  03  06	0.0076
04  03  06	0.1253
05  03  06	0
06  03  06	0
07  03  06	0.0507
08  03  06	0.0097
09  03  06	0
10  03  06	0
11  03  06	0
12  03  06	0
13  03  06	0
14  03  06	0
15  03  06	0
16  03  06	0
17  03  06	0
18  03  06	0
19  03  06	0
20  03  06	0.4303
21  03  06	0
22  03  06	0
23  03  06	0
24  03  06	0.0359
25  03  06	0
26  03  06	0
27  03  06	0
28  03  06	0
29  03  06	0
30  03  06	0
31  03  06	0
01  04  06	0
02  04  06	0
03  04  06	0
04  04  06	0
05  04  06	0.0092
06  04  06	0.0991
07  04  06	0
08  04  06	0
09  04  06	0
10  04  06	0
11  04  06	0
12  04  06	0
13  04  06	0
14  04  06	0
15  04  06	0
16  04  06	0
17  04  06	0
18  04  06	0
19  04  06	0.0494
20  04  06	6.986
21  04  06	0.0268
22  04  06	0.0038
23  04  06	1.3034
24  04  06	6.1815
25  04  06	2.2395
26  04  06	2.2061
27  04  06	0.3565
28  04  06	0
29  04  06	0.0038
30  04  06	0.3699
01  05  06	2.7719
02  05  06	0
03  05  06	3.3439
04  05  06	0.0031
05  05  06	5.4467
06  05  06	0.0539
07  05  06	7.449
08  05  06	5.3892
09  05  06	3.8089
10  05  06	17.8453
11  05  06	7.4011
12  05  06	0.004
13  05  06	0
14  05  06	0.2983
15  05  06	13.5068
16  05  06	0.3236
17  05  06	0.1048
18  05  06	3.399
19  05  06	5.0073
20  05  06	14.9605
21  05  06	9.1749
22  05  06	2.4461
23  05  06	0.4798
24  05  06	0.0942
25  05  06	0.1062
26  05  06	10.7175
27  05  06	0.0634
28  05  06	0.0284
29  05  06	0
30  05  06	0.081
31  05  06	0.5284
01  06  06	1.0168
02  06  06	2.0876
03  06  06	2.945
04  06  06	0.0094
05  06  06	6.4007
06  06  06	2.7064
07  06  06	0.5436
08  06  06	0.1253
09  06  06	0.1717
10  06  06	17.32
11  06  06	0.1803
12  06  06	1.9045
13  06  06	0.2213
14  06  06	18.9317
15  06  06	6.8477
16  06  06	0.3235
17  06  06	12.2757
18  06  06	1.3022
19  06  06	13.9799
20  06  06	2.6548
21  06  06	0.2882
22  06  06	2.768
23  06  06	8.0351
24  06  06	3.0773
25  06  06	2.3312
26  06  06	0.4002
27  06  06	0.2095
28  06  06	0.0291
29  06  06	4.079
30  06  06	1.6687
01  07  06	8.2474
02  07  06	1.2424
03  07  06	2.3297
04  07  06	8.1258
05  07  06	4.2392
06  07  06	1.2747
07  07  06	2.3264
08  07  06	0.0202
09  07  06	0.0374
10  07  06	1.4099
11  07  06	0.0644
12  07  06	0.2027
13  07  06	0
14  07  06	0.0177
15  07  06	17.3344
16  07  06	4.1948
17  07  06	0.5961
18  07  06	14.7768
19  07  06	5.0251
20  07  06	15.2697
21  07  06	11.5694
22  07  06	15.4273
23  07  06	17.4817
24  07  06	0.9089
25  07  06	5.2463
26  07  06	9.6019
27  07  06	0.0674
28  07  06	10.0896
29  07  06	6.4605
30  07  06	0.0852
31  07  06	6.4317
01  08  06	0.2673
02  08  06	11.7714
03  08  06	0.9664
04  08  06	3.5504
05  08  06	10.331
06  08  06	6.2504
07  08  06	4.2126
08  08  06	1.7416
09  08  06	3.1016
10  08  06	0.1514
11  08  06	17.5875
12  08  06	14.0333
13  08  06	3.0748
14  08  06	0.3129
15  08  06	3.0445
16  08  06	9.3615
17  08  06	3.9044
18  08  06	25.0131
19  08  06	1.4728
20  08  06	0.3669
21  08  06	0.1901
22  08  06	0.165
23  08  06	28.8208
24  08  06	15.5128
25  08  06	0.9412
26  08  06	1.3357
27  08  06	18.196
28  08  06	5.499
29  08  06	9.082
30  08  06	16.4314
31  08  06	17.7394
01  09  06	15.6653
02  09  06	2.7203
03  09  06	0.2847
04  09  06	34.8647
05  09  06	0.1544
06  09  06	8.0085
07  09  06	2.89
08  09  06	4.347
09  09  06	1.5785
10  09  06	10.3848
11  09  06	3.3916
12  09  06	33.3568
13  09  06	17.2071
14  09  06	0.2338
15  09  06	0.0398
16  09  06	13.7245
17  09  06	0.4702
18  09  06	0.748
19  09  06	2.5149
20  09  06	11.6869
21  09  06	1.543
22  09  06	0.4977
23  09  06	31.8721
24  09  06	0.8098
25  09  06	0.4243
26  09  06	9.9249
27  09  06	7.0024
28  09  06	0.3847
29  09  06	7.7075
30  09  06	0.2947
01  10  06	10.2798
02  10  06	2.3899
03  10  06	4.7994
04  10  06	3.6036
05  10  06	3.4584
06  10  06	0.3656
07  10  06	0.2939
08  10  06	28.9068
09  10  06	6.5871
10  10  06	5.5583
11  10  06	0.104
12  10  06	13.3026
13  10  06	8.4659
14  10  06	0.147
15  10  06	1.6114
16  10  06	0.0808
17  10  06	1.0931
18  10  06	0.0317
19  10  06	10.0275
20  10  06	0.141
21  10  06	0.1384
22  10  06	0.4619
23  10  06	0.0757
24  10  06	8.4257
25  10  06	0.3425
26  10  06	2.0179
27  10  06	0.0838
28  10  06	0.0913
29  10  06	0.2837
30  10  06	0.1238
31  10  06	0.1321
01  11  06	0.253
02  11  06	2.6537
03  11  06	0.0747
04  11  06	0.0635
05  11  06	0
06  11  06	0.1142
07  11  06	0.2656
08  11  06	0
09  11  06	0
10  11  06	0
11  11  06	0
12  11  06	0
13  11  06	0
14  11  06	0
15  11  06	0
16  11  06	0
17  11  06	0
18  11  06	0
19  11  06	0
20  11  06	0
21  11  06	0
22  11  06	0
23  11  06	0
24  11  06	0
25  11  06	0
26  11  06	0
27  11  06	0
28  11  06	0
29  11  06	0
30  11  06	0
01  12  06	0
02  12  06	0
03  12  06	0
04  12  06	0
05  12  06	0
06  12  06	0
07  12  06	0
08  12  06	0
09  12  06	0
10  12  06	0
11  12  06	0
12  12  06	0
13  12  06	0
14  12  06	0
15  12  06	0
16  12  06	0
17  12  06	0
18  12  06	0
19  12  06	0
20  12  06	0
21  12  06	0
22  12  06	0
23  12  06	0
24  12  06	0
25  12  06	0
26  12  06	0
27  12  06	0
28  12  06	0
29  12  06	0
30  12  06	0
31  12  06	0
01  01  07	0
02  01  07	0
03  01  07	0
04  01  07	0
05  01  07	0
06  01  07	0
07  01  07	0
08  01  07	0
09  01  07	0
10  01  07	0
11  01  07	0
12  01  07	0
13  01  07	0
14  01  07	0
15  01  07	0
16  01  07	0
17  01  07	0
18  01  07	0
19  01  07	0
20  01  07	0
21  01  07	0
22  01  07	0
23  01  07	0
24  01  07	0
25  01  07	0
26  01  07	0
27  01  07	0
28  01  07	0
29  01  07	0
30  01  07	0
31  01  07	0
01  02  07	0.0886
02  02  07	0
03  02  07	0
04  02  07	0
05  02  07	0
06  02  07	0
07  02  07	0
08  02  07	0
09  02  07	0.9075
10  02  07	0
11  02  07	0
12  02  07	0
13  02  07	0
14  02  07	0
15  02  07	0
16  02  07	0
17  02  07	0
18  02  07	0
19  02  07	0
20  02  07	0
21  02  07	0
22  02  07	0
23  02  07	0
24  02  07	0
25  02  07	0
26  02  07	0
27  02  07	0
28  02  07	0
01  03  07	0
02  03  07	0
03  03  07	0
04  03  07	0
05  03  07	0
06  03  07	0
07  03  07	0
08  03  07	0
09  03  07	0
10  03  07	0
11  03  07	0
12  03  07	0
13  03  07	0
14  03  07	0
15  03  07	0
16  03  07	0
17  03  07	0
18  03  07	0
19  03  07	0
20  03  07	0
21  03  07	0
22  03  07	0
23  03  07	0.0071
24  03  07	0.6678
25  03  07	0
26  03  07	0
27  03  07	0
28  03  07	0
29  03  07	0.0113
30  03  07	4.4881
31  03  07	1.1034
01  04  07	4.4442
02  04  07	3.6397
03  04  07	0
04  04  07	0
05  04  07	6.8487
06  04  07	0.0286
07  04  07	21.3655
08  04  07	1.7352
09  04  07	0.0181
10  04  07	0
11  04  07	0
12  04  07	0
13  04  07	7.3408
14  04  07	0.0618
15  04  07	0.2764
16  04  07	5.825
17  04  07	2.7622
18  04  07	9.2527
19  04  07	0.2291
20  04  07	7.1451
21  04  07	0.0142
22  04  07	2.5965
23  04  07	20.1776
24  04  07	0.429
25  04  07	0.0035
26  04  07	1.308
27  04  07	2.5215
28  04  07	4.8193
29  04  07	1.2833
30  04  07	0.2319
01  05  07	0
02  05  07	36.1889
03  05  07	0.2098
04  05  07	3.4284
05  05  07	0.0688
06  05  07	0.1371
07  05  07	5.2836
08  05  07	2.8009
09  05  07	0.0215
10  05  07	0.0005
11  05  07	0.1979
12  05  07	0
13  05  07	0
14  05  07	42.5166
15  05  07	1.1222
16  05  07	0.0339
17  05  07	0
18  05  07	0.1578
19  05  07	6.3877
20  05  07	0.8076
21  05  07	11.0153
22  05  07	0.7891
23  05  07	20.3482
24  05  07	0.6809
25  05  07	0
26  05  07	0.0207
27  05  07	0.1714
28  05  07	8.6899
29  05  07	0.0264
30  05  07	19.9096
31  05  07	1.2194
01  06  07	0.0524
02  06  07	19.7946
03  06  07	2.3166
04  06  07	0.0295
05  06  07	2.7826
06  06  07	0.2594
07  06  07	2.0137
08  06  07	8.4387
09  06  07	0.1265
10  06  07	2.5812
11  06  07	0.1256
12  06  07	0.1661
13  06  07	0.0004
14  06  07	0.214
15  06  07	0.0133
16  06  07	0.0004
17  06  07	16.8229
18  06  07	0.0322
19  06  07	0.0307
20  06  07	5.1579
21  06  07	0.9934
22  06  07	0.0398
23  06  07	0
24  06  07	3.3722
25  06  07	1.6699
26  06  07	0.0056
27  06  07	0.0973
28  06  07	26.301
29  06  07	4.3309
30  06  07	0.6124
01  07  07	6.0313
02  07  07	4.459
03  07  07	4.2702
04  07  07	8.9179
05  07  07	3.4704
06  07  07	0.0221
07  07  07	0.012
08  07  07	0.0049
09  07  07	0.2573
10  07  07	0.471
11  07  07	0
12  07  07	2.1639
13  07  07	0.5844
14  07  07	16.4196
15  07  07	9.0022
16  07  07	8.0496
17  07  07	9.8743
18  07  07	8.9403
19  07  07	0.1112
20  07  07	0.3057
21  07  07	19.6535
22  07  07	18.2311
23  07  07	10.4894
24  07  07	0.1368
25  07  07	3.5884
26  07  07	9.1948
27  07  07	13.1854
28  07  07	3.1638
29  07  07	5.6323
30  07  07	8.9175
31  07  07	17.2164
01  08  07	12.6245
02  08  07	7.4235
03  08  07	1.8386
04  08  07	0.0748
05  08  07	0.3587
06  08  07	1.348
07  08  07	0.5233
08  08  07	2.3021
09  08  07	16.446
10  08  07	1.1285
11  08  07	2.4609
12  08  07	10.6025
13  08  07	6.3841
14  08  07	28.691
15  08  07	4.2552
16  08  07	0.6838
17  08  07	25.9211
18  08  07	0.0376
19  08  07	0.4128
20  08  07	17.3953
21  08  07	20.4149
22  08  07	8.2371
23  08  07	0.1064
24  08  07	8.4228
25  08  07	13.8048
26  08  07	6.0203
27  08  07	8.4866
28  08  07	21.3484
29  08  07	26.542
30  08  07	11.5917
31  08  07	3.898
01  09  07	43.9911
02  09  07	3.6983
03  09  07	0.7285
04  09  07	9.1272
05  09  07	16.2196
06  09  07	27.0697
07  09  07	17.6492
08  09  07	0.6355
09  09  07	17.5891
10  09  07	20.3915
11  09  07	2.873
12  09  07	0.7269
13  09  07	7.8545
14  09  07	9.844
15  09  07	0.3067
16  09  07	3.4767
17  09  07	4.0119
18  09  07	4.8178
19  09  07	31.6298
20  09  07	0.8802
21  09  07	0.3829
22  09  07	11.3962
23  09  07	6.3203
24  09  07	3.1159
25  09  07	8.9247
26  09  07	25.7878
27  09  07	0.129
28  09  07	1.639
29  09  07	8.3982
30  09  07	0.352
01  10  07	0.7011
02  10  07	1.6314
03  10  07	0.0183
04  10  07	0.059
05  10  07	2.3293
06  10  07	11.5982
07  10  07	8.6004
08  10  07	2.3792
09  10  07	2.4012
10  10  07	0.2011
11  10  07	2.6505
12  10  07	0.079
13  10  07	0.0734
14  10  07	0.0715
15  10  07	0.0448
16  10  07	0.3334
17  10  07	0.0833
18  10  07	0.408
19  10  07	0.0619
20  10  07	7.4821
21  10  07	14.9086
22  10  07	1.3831
23  10  07	0.0423
24  10  07	0.0771
25  10  07	0.006
26  10  07	0.0275
27  10  07	9.7838
28  10  07	0.1262
29  10  07	1.4211
30  10  07	0
31  10  07	2.3908
01  11  07	0.0708
02  11  07	0.083
03  11  07	0.0722
04  11  07	0.3413
05  11  07	0.1254
06  11  07	0.161
07  11  07	0.0261
08  11  07	0.0862
09  11  07	0.6121
10  11  07	0.0071
11  11  07	0
12  11  07	0
13  11  07	0
14  11  07	0.0353
15  11  07	0
16  11  07	4.0622
17  11  07	2.1015
18  11  07	0.0426
19  11  07	0.0746
20  11  07	0.0388
21  11  07	0.0364
22  11  07	0.4512
23  11  07	0.122
24  11  07	0
25  11  07	0
26  11  07	0
27  11  07	0
28  11  07	0.0438
29  11  07	0.0789
30  11  07	1.9747
01  12  07	0
02  12  07	0
03  12  07	0.439
04  12  07	0.0276
05  12  07	2.6989
06  12  07	0
07  12  07	0
08  12  07	0
09  12  07	0
10  12  07	6.1651
11  12  07	0
12  12  07	0
13  12  07	0
14  12  07	0
15  12  07	0
16  12  07	0
17  12  07	0
18  12  07	0
19  12  07	0
20  12  07	0
21  12  07	0
22  12  07	0
23  12  07	0
24  12  07	0
25  12  07	0
26  12  07	0
27  12  07	0
28  12  07	0
29  12  07	0
30  12  07	0
31  12  07	0
01  01  08	0
02  01  08	0
03  01  08	0
04  01  08	0
05  01  08	0
06  01  08	0
07  01  08	0
08  01  08	0
09  01  08	0
10  01  08	0
11  01  08	0
12  01  08	0
13  01  08	0
14  01  08	0
15  01  08	0
16  01  08	0
17  01  08	0
18  01  08	0
19  01  08	0
20  01  08	0
21  01  08	0
22  01  08	0
23  01  08	0
24  01  08	0
25  01  08	0
26  01  08	0
27  01  08	0
28  01  08	0
29  01  08	0
30  01  08	0
31  01  08	0
01  02  08	0
02  02  08	0
03  02  08	0
04  02  08	0
05  02  08	0
06  02  08	0
07  02  08	0
08  02  08	0
09  02  08	0
10  02  08	0
11  02  08	0
12  02  08	0
13  02  08	0
14  02  08	0
15  02  08	0
16  02  08	0
17  02  08	0
18  02  08	0
19  02  08	0
20  02  08	0
21  02  08	0
22  02  08	0
23  02  08	0.1612
24  02  08	0.0225
25  02  08	0
26  02  08	0.0019
27  02  08	0
28  02  08	0.1464
29  02  08	0
01  03  08	0.5642
02  03  08	0
03  03  08	0
04  03  08	0.0607
05  03  08	0.0202
06  03  08	0
07  03  08	0.0196
08  03  08	0
09  03  08	0
10  03  08	0.6937
11  03  08	0.0027
12  03  08	0.5778
13  03  08	1.2373
14  03  08	0.0026
15  03  08	0
16  03  08	0.2402
17  03  08	0
18  03  08	0.0001
19  03  08	0
20  03  08	0
21  03  08	0
22  03  08	0.2492
23  03  08	4.3144
24  03  08	2.0739
25  03  08	0
26  03  08	0
27  03  08	0.0013
28  03  08	0
29  03  08	0
30  03  08	0
31  03  08	0
01  04  08	5.7101
02  04  08	0.2361
03  04  08	0.3153
04  04  08	1.981
05  04  08	0.7711
06  04  08	0
07  04  08	0
08  04  08	0.018
09  04  08	0
10  04  08	0
11  04  08	0
12  04  08	0
13  04  08	0
14  04  08	0.0945
15  04  08	0.0901
16  04  08	0.5132
17  04  08	1.4567
18  04  08	1.8288
19  04  08	0.0651
20  04  08	0
21  04  08	0
22  04  08	0.6257
23  04  08	2.8368
24  04  08	10.9261
25  04  08	28.3517
26  04  08	0.0875
27  04  08	20.1077
28  04  08	0.2145
29  04  08	0.0399
30  04  08	0
01  05  08	0.3959
02  05  08	0
03  05  08	8.0109
04  05  08	22.8586
05  05  08	0.1052
06  05  08	0.0305
07  05  08	0
08  05  08	0
09  05  08	0.0743
10  05  08	0
11  05  08	0.1232
12  05  08	0.0526
13  05  08	6.8047
14  05  08	2.2073
15  05  08	2.0307
16  05  08	0.0032
17  05  08	16.905
18  05  08	0.0595
19  05  08	9.2627
20  05  08	0.0876
21  05  08	2.5502
22  05  08	0.0378
23  05  08	0
24  05  08	7.4253
25  05  08	2.6633
26  05  08	0.0895
27  05  08	0.1422
28  05  08	15.9895
29  05  08	0.6991
30  05  08	25.0818
31  05  08	1.3887
01  06  08	7.9954
02  06  08	0.0224
03  06  08	11.3164
04  06  08	4.1431
05  06  08	0.1427
06  06  08	7.8197
07  06  08	0.0552
08  06  08	0.084
09  06  08	18.9493
10  06  08	0.0546
11  06  08	0.1296
12  06  08	8.4002
13  06  08	5.5679
14  06  08	0.0921
15  06  08	0.0211
16  06  08	0.0235
17  06  08	13.868
18  06  08	15.0519
19  06  08	0.2198
20  06  08	0.7247
21  06  08	0.0048
22  06  08	0
23  06  08	2.153
24  06  08	9.4408
25  06  08	50.1245
26  06  08	2.1265
27  06  08	9.895
28  06  08	15.9966
29  06  08	2.0705
30  06  08	53.5383
01  07  08	9.4536
02  07  08	0.3787
03  07  08	0.1179
04  07  08	0.5283
05  07  08	0.0896
06  07  08	5.863
07  07  08	27.843
08  07  08	8.187
09  07  08	5.0636
10  07  08	2.8667
11  07  08	0.8519
12  07  08	6.7515
13  07  08	0.3177
14  07  08	0.4621
15  07  08	21.9273
16  07  08	0.1992
17  07  08	0.2664
18  07  08	2.7525
19  07  08	20.0346
20  07  08	3.6439
21  07  08	1.0586
22  07  08	33.7812
23  07  08	10.0861
24  07  08	1.0873
25  07  08	4.1255
26  07  08	8.3489
27  07  08	36.5057
28  07  08	14.3771
29  07  08	0.2207
30  07  08	3.7028
31  07  08	5.5368
01  08  08	8.2237
02  08  08	8.5388
03  08  08	7.67
04  08  08	16.0112
05  08  08	1.6787
06  08  08	2.4252
07  08  08	17.2563
08  08  08	37.0424
09  08  08	2.8674
10  08  08	0.5606
11  08  08	19.8497
12  08  08	22.5227
13  08  08	9.5521
14  08  08	7.4332
15  08  08	0.192
16  08  08	25.8995
17  08  08	2.0331
18  08  08	1.5743
19  08  08	0.6769
20  08  08	11.4061
21  08  08	11.1278
22  08  08	10.5879
23  08  08	1.7708
24  08  08	0.0744
25  08  08	17.8609
26  08  08	9.1665
27  08  08	1.0356
28  08  08	6.2157
29  08  08	3.0578
30  08  08	0.747
31  08  08	12.5579
01  09  08	3.1738
02  09  08	11.417
03  09  08	8.8196
04  09  08	27.5591
05  09  08	18.64
06  09  08	3.4407
07  09  08	0.1306
08  09  08	0.6635
09  09  08	1.872
10  09  08	3.62
11  09  08	15.4564
12  09  08	20.5696
13  09  08	4.244
14  09  08	0.1951
15  09  08	15.4551
16  09  08	8.355
17  09  08	0.1151
18  09  08	1.4902
19  09  08	11.099
20  09  08	1.426
21  09  08	4.5783
22  09  08	7.2023
23  09  08	19.6424
24  09  08	3.0156
25  09  08	7.2261
26  09  08	12.9062
27  09  08	1.1161
28  09  08	32.6617
29  09  08	1.0669
30  09  08	12.2069
01  10  08	0.3949
02  10  08	0.0483
03  10  08	1.2079
04  10  08	7.2413
05  10  08	9.6464
06  10  08	0.2359
07  10  08	19.3607
08  10  08	0.2234
09  10  08	0.2682
10  10  08	5.5628
11  10  08	3.3873
12  10  08	4.0932
13  10  08	18.1016
14  10  08	4.0971
15  10  08	2.227
16  10  08	0.4162
17  10  08	14.0024
18  10  08	3.2144
19  10  08	0.2393
20  10  08	5.2722
21  10  08	0.3294
22  10  08	0.1591
23  10  08	0.137
24  10  08	0.517
25  10  08	0.0298
26  10  08	0.0733
27  10  08	0.0964
28  10  08	0.0482
29  10  08	0.0003
30  10  08	0.0295
31  10  08	0.0411
01  11  08	0.0242
02  11  08	0.0406
03  11  08	0.0417
04  11  08	0.0398
05  11  08	0.0635
06  11  08	0.0169
07  11  08	0.0038
08  11  08	0.0402
09  11  08	0.0839
10  11  08	0.0215
11  11  08	0.1116
12  11  08	0.0131
13  11  08	0.0301
14  11  08	0.0063
15  11  08	0.0189
16  11  08	0
17  11  08	0
18  11  08	0
19  11  08	0.0019
20  11  08	0.7328
21  11  08	2.4757
22  11  08	0.0314
23  11  08	0
24  11  08	0.0023
25  11  08	0.0229
26  11  08	0
27  11  08	0.0031
28  11  08	0.0153
29  11  08	0
30  11  08	0.098
01  12  08	0.0014
02  12  08	0
03  12  08	0.3521
04  12  08	0
05  12  08	17.1191
06  12  08	0.0499
07  12  08	0.1268
08  12  08	0.1283
09  12  08	0.1914
10  12  08	0
11  12  08	0.2274
12  12  08	0
13  12  08	0
14  12  08	0.2274
15  12  08	0.1445
16  12  08	0
17  12  08	0
18  12  08	0
19  12  08	0
20  12  08	0
21  12  08	0
22  12  08	0
23  12  08	0
24  12  08	0
25  12  08	0
26  12  08	0
27  12  08	0
28  12  08	0
29  12  08	0
30  12  08	0
31  12  08	0
