   1.1270000e+03   1.0000000e+00   0.0000000e+00
   1.1280000e+03   1.0000000e+00   0.0000000e+00
   1.1290000e+03   1.0000000e+00   0.0000000e+00
   1.1300000e+03   1.0000000e+00   0.0000000e+00
   1.1310000e+03   1.0000000e+00   0.0000000e+00
   1.1320000e+03   1.0000000e+00   0.0000000e+00
   1.1330000e+03   1.0000000e+00   0.0000000e+00
   1.1340000e+03   1.0000000e+00   0.0000000e+00
   1.1350000e+03   1.0000000e+00   0.0000000e+00
   1.1360000e+03   1.0000000e+00   0.0000000e+00
   1.1370000e+03   1.0000000e+00   0.0000000e+00
   1.1380000e+03   1.0000000e+00   0.0000000e+00
   1.1390000e+03   1.0000000e+00   0.0000000e+00
   1.1400000e+03   1.0000000e+00   0.0000000e+00
   1.1410000e+03   1.0000000e+00   0.0000000e+00
   1.1420000e+03   1.0000000e+00   0.0000000e+00
   1.1430000e+03   1.0000000e+00   0.0000000e+00
   1.1440000e+03   1.0000000e+00   0.0000000e+00
   1.1450000e+03   1.0000000e+00   0.0000000e+00
   1.1460000e+03   1.0000000e+00   0.0000000e+00
   1.1470000e+03   1.0000000e+00   0.0000000e+00
   1.1480000e+03   1.0000000e+00   0.0000000e+00
   1.1490000e+03   1.0000000e+00   0.0000000e+00
   1.1500000e+03   1.0000000e+00   0.0000000e+00
   1.1510000e+03   1.0000000e+00   0.0000000e+00
   1.1520000e+03   1.0000000e+00   0.0000000e+00
   1.1530000e+03   1.0000000e+00   0.0000000e+00
   1.1540000e+03   1.0000000e+00   0.0000000e+00
   1.1550000e+03   1.0000000e+00   0.0000000e+00
   1.1560000e+03   1.0000000e+00   0.0000000e+00
   1.1570000e+03   1.0000000e+00   0.0000000e+00
   1.1580000e+03   1.0000000e+00   0.0000000e+00
   1.1590000e+03   1.0000000e+00   0.0000000e+00
   1.1600000e+03   1.0000000e+00   0.0000000e+00
   1.1610000e+03   1.0000000e+00   0.0000000e+00
   1.1620000e+03   1.0000000e+00   0.0000000e+00
   1.1630000e+03   1.0000000e+00   0.0000000e+00
   1.1640000e+03   1.0000000e+00   0.0000000e+00
   1.1650000e+03   1.0000000e+00   0.0000000e+00
   1.1660000e+03   1.0000000e+00   0.0000000e+00
   1.1670000e+03   1.0000000e+00   0.0000000e+00
   1.1680000e+03   1.0000000e+00   0.0000000e+00
   1.1690000e+03   1.0000000e+00   0.0000000e+00
   1.1700000e+03   1.0000000e+00   0.0000000e+00
   1.1710000e+03   1.0000000e+00   0.0000000e+00
   1.1720000e+03   1.0000000e+00   0.0000000e+00
   1.1730000e+03   1.0000000e+00   0.0000000e+00
   1.1740000e+03   1.0000000e+00   0.0000000e+00
   1.1750000e+03   1.0000000e+00   0.0000000e+00
   1.1760000e+03   1.0000000e+00   0.0000000e+00
   1.1770000e+03   1.0000000e+00   1.0000900e+01
   1.1780000e+03   1.0000000e+00   0.0000000e+00
   1.1790000e+03   1.0000000e+00   0.0000000e+00
   1.1800000e+03   1.0000000e+00   0.0000000e+00
   1.1810000e+03   1.0000000e+00   0.0000000e+00
   1.1820000e+03   1.0000000e+00   0.0000000e+00
   1.1830000e+03   1.0000000e+00   0.0000000e+00
   1.1840000e+03   1.0000000e+00   1.0000000e-02
   1.1850000e+03   1.0000000e+00   0.0000000e+00
   1.1860000e+03   1.0000000e+00   1.0559000e+00
   1.1870000e+03   1.0000000e+00   0.0000000e+00
   1.1880000e+03   1.0000000e+00   0.0000000e+00
   1.1890000e+03   1.0000000e+00   2.4640000e-01
   1.1900000e+03   1.0000000e+00   0.0000000e+00
   1.1910000e+03   1.0000000e+00   0.0000000e+00
   1.1920000e+03   1.0000000e+00   2.1313000e+01
   1.1930000e+03   1.0000000e+00   4.9810000e-01
   1.1940000e+03   1.0000000e+00   0.0000000e+00
   1.1950000e+03   1.0000000e+00   0.0000000e+00
   1.1960000e+03   1.0000000e+00   0.0000000e+00
   1.1970000e+03   1.0000000e+00   0.0000000e+00
   1.1980000e+03   1.0000000e+00   2.2612000e+00
   1.1990000e+03   1.0000000e+00   3.2500000e-02
   1.2000000e+03   1.0000000e+00   4.0876000e+00
   1.2010000e+03   1.0000000e+00   6.0000000e-04
   1.2020000e+03   1.0000000e+00   0.0000000e+00
   1.2030000e+03   1.0000000e+00   0.0000000e+00
   1.2040000e+03   1.0000000e+00   4.7700000e-02
   1.2050000e+03   1.0000000e+00   0.0000000e+00
   1.2060000e+03   1.0000000e+00   0.0000000e+00
   1.2070000e+03   1.0000000e+00   1.0301000e+00
   1.2080000e+03   1.0000000e+00   5.6614000e+00
   1.2090000e+03   1.0000000e+00   7.0790000e-01
   1.2100000e+03   1.0000000e+00   9.8000000e-01
   1.2110000e+03   1.0000000e+00   3.7000000e-03
   1.2120000e+03   1.0000000e+00   0.0000000e+00
   1.2130000e+03   1.0000000e+00   0.0000000e+00
   1.2140000e+03   1.0000000e+00   0.0000000e+00
   1.2150000e+03   1.0000000e+00   0.0000000e+00
   1.2160000e+03   1.0000000e+00   0.0000000e+00
   1.2170000e+03   1.0000000e+00   1.0000000e-02
   1.2180000e+03   1.0000000e+00   1.8100000e-02
   1.2190000e+03   1.0000000e+00   1.4554000e+00
   1.2200000e+03   1.0000000e+00   3.8500000e-02
   1.2210000e+03   1.0000000e+00   7.5000000e-03
   1.2220000e+03   1.0000000e+00   1.9200000e-02
   1.2230000e+03   1.0000000e+00   7.5000000e-03
   1.2240000e+03   1.0000000e+00   8.4000000e-03
   1.2250000e+03   1.0000000e+00   0.0000000e+00
   1.2260000e+03   1.0000000e+00   9.5700000e-02
   1.2270000e+03   1.0000000e+00   0.0000000e+00
   1.2280000e+03   1.0000000e+00   0.0000000e+00
   1.2290000e+03   1.0000000e+00   0.0000000e+00
   1.2300000e+03   1.0000000e+00   3.1000000e-03
   1.2310000e+03   1.0000000e+00   7.8770000e-01
   1.2320000e+03   1.0000000e+00   1.3000000e-03
   1.2330000e+03   1.0000000e+00   6.2953000e+00
   1.2340000e+03   1.0000000e+00   4.9425000e+00
   1.2350000e+03   1.0000000e+00   3.4100000e-02
   1.2360000e+03   1.0000000e+00   3.0898400e+01
   1.2370000e+03   1.0000000e+00   7.8500000e-02
   1.2380000e+03   1.0000000e+00   1.6590000e-01
   1.2390000e+03   1.0000000e+00   6.0060000e-01
   1.2400000e+03   1.0000000e+00   6.6523000e+00
   1.2410000e+03   1.0000000e+00   5.3600000e-02
   1.2420000e+03   1.0000000e+00   4.6150000e-01
   1.2430000e+03   1.0000000e+00   2.1049000e+00
   1.2440000e+03   1.0000000e+00   0.0000000e+00
   1.2450000e+03   1.0000000e+00   1.2597700e+01
   1.2460000e+03   1.0000000e+00   6.3490000e-01
   1.2470000e+03   1.0000000e+00   5.3000000e-02
   1.2480000e+03   1.0000000e+00   2.7700000e-02
   1.2490000e+03   1.0000000e+00   5.5940000e-01
   1.2500000e+03   1.0000000e+00   3.0115000e+00
   1.2510000e+03   1.0000000e+00   9.9467000e+00
   1.2520000e+03   1.0000000e+00   5.4447000e+00
   1.2530000e+03   1.0000000e+00   5.8300000e-01
   1.2540000e+03   1.0000000e+00   3.5830000e-01
   1.2550000e+03   1.0000000e+00   3.9970000e+00
   1.2560000e+03   1.0000000e+00   4.0620000e-01
   1.2570000e+03   1.0000000e+00   3.1844000e+00
   1.2580000e+03   1.0000000e+00   2.7570000e-01
   1.2590000e+03   1.0000000e+00   1.5891000e+00
   1.2600000e+03   1.0000000e+00   0.0000000e+00
   1.2610000e+03   1.0000000e+00   3.0240000e-01
   1.2620000e+03   1.0000000e+00   3.2670000e+00
   1.2630000e+03   1.0000000e+00   3.5662000e+00
   1.2640000e+03   1.0000000e+00   6.2100000e-02
   1.2650000e+03   1.0000000e+00   6.4870000e+00
   1.2660000e+03   1.0000000e+00   1.5440000e-01
   1.2670000e+03   1.0000000e+00   0.0000000e+00
   1.2680000e+03   1.0000000e+00   1.2771800e+01
   1.2690000e+03   1.0000000e+00   1.9877000e+00
   1.2700000e+03   1.0000000e+00   8.9000000e-02
   1.2710000e+03   1.0000000e+00   1.2280000e-01
   1.2720000e+03   1.0000000e+00   9.9600000e-02
   1.2730000e+03   1.0000000e+00   2.0457000e+00
   1.2740000e+03   1.0000000e+00   3.0919000e+00
   1.2750000e+03   1.0000000e+00   1.0491000e+00
   1.2760000e+03   1.0000000e+00   8.9700000e-02
   1.2770000e+03   1.0000000e+00   2.2666800e+01
   1.2780000e+03   1.0000000e+00   9.2820000e-01
   1.2790000e+03   1.0000000e+00   6.8340000e-01
   1.2800000e+03   1.0000000e+00   1.1230000e+00
   1.2810000e+03   1.0000000e+00   6.0324000e+00
   1.2820000e+03   1.0000000e+00   2.0514000e+01
   1.2830000e+03   1.0000000e+00   8.9790000e-01
   1.2840000e+03   1.0000000e+00   0.0000000e+00
   1.2850000e+03   1.0000000e+00   3.8653000e+00
   1.2860000e+03   1.0000000e+00   1.3275000e+00
   1.2870000e+03   1.0000000e+00   8.8300000e-01
   1.2880000e+03   1.0000000e+00   8.7132000e+00
   1.2890000e+03   1.0000000e+00   1.2686600e+01
   1.2900000e+03   1.0000000e+00   4.8780000e-01
   1.2910000e+03   1.0000000e+00   1.2400000e-02
   1.2920000e+03   1.0000000e+00   2.5132000e+00
   1.2930000e+03   1.0000000e+00   1.4357300e+01
   1.2940000e+03   1.0000000e+00   6.6000000e-03
   1.2950000e+03   1.0000000e+00   2.2660000e+01
   1.2960000e+03   1.0000000e+00   7.6000000e-02
   1.2970000e+03   1.0000000e+00   1.4066900e+01
   1.2980000e+03   1.0000000e+00   3.5441000e+00
   1.2990000e+03   1.0000000e+00   4.2410000e+00
   1.3000000e+03   1.0000000e+00   6.6410000e+00
   1.3010000e+03   1.0000000e+00   2.9500000e-02
   1.3020000e+03   1.0000000e+00   4.9040000e-01
   1.3030000e+03   1.0000000e+00   5.8017000e+00
   1.3040000e+03   1.0000000e+00   5.1058000e+00
   1.3050000e+03   1.0000000e+00   6.4510000e-01
   1.3060000e+03   1.0000000e+00   6.4630000e-01
   1.3070000e+03   1.0000000e+00   4.7100000e-02
   1.3080000e+03   1.0000000e+00   4.0873000e+00
   1.3090000e+03   1.0000000e+00   8.0300000e-01
   1.3100000e+03   1.0000000e+00   2.8153400e+01
   1.3110000e+03   1.0000000e+00   1.0640000e-01
   1.3120000e+03   1.0000000e+00   5.2000000e-03
   1.3130000e+03   1.0000000e+00   1.5918500e+01
   1.3140000e+03   1.0000000e+00   6.6780000e-01
   1.3150000e+03   1.0000000e+00   4.2590000e-01
   1.3160000e+03   1.0000000e+00   6.7857000e+00
   1.3170000e+03   1.0000000e+00   1.2873300e+01
   1.3180000e+03   1.0000000e+00   1.1755000e+00
   1.3190000e+03   1.0000000e+00   7.8000000e-03
   1.3200000e+03   1.0000000e+00   3.0469400e+01
   1.3210000e+03   1.0000000e+00   3.3640100e+01
   1.3220000e+03   1.0000000e+00   1.6388000e+00
   1.3230000e+03   1.0000000e+00   1.3408800e+01
   1.3240000e+03   1.0000000e+00   2.3741100e+01
   1.3250000e+03   1.0000000e+00   1.6355000e+00
   1.3260000e+03   1.0000000e+00   9.6883000e+00
   1.3270000e+03   1.0000000e+00   2.0759200e+01
   1.3280000e+03   1.0000000e+00   2.1009100e+01
   1.3290000e+03   1.0000000e+00   2.1680000e-01
   1.3300000e+03   1.0000000e+00   1.1706000e+00
   1.3310000e+03   1.0000000e+00   1.6950000e+00
   1.3320000e+03   1.0000000e+00   2.3703100e+01
   1.3330000e+03   1.0000000e+00   4.4800000e-02
   1.3340000e+03   1.0000000e+00   5.9944000e+00
   1.3350000e+03   1.0000000e+00   1.4268300e+01
   1.3360000e+03   1.0000000e+00   8.0170000e-01
   1.3370000e+03   1.0000000e+00   5.4926000e+00
   1.3380000e+03   1.0000000e+00   5.2739000e+00
   1.3390000e+03   1.0000000e+00   3.9098000e+00
   1.3400000e+03   1.0000000e+00   9.1285000e+00
   1.3410000e+03   1.0000000e+00   2.7426000e+00
   1.3420000e+03   1.0000000e+00   4.4690000e-01
   1.3430000e+03   1.0000000e+00   4.0626000e+00
   1.3440000e+03   1.0000000e+00   1.7520000e-01
   1.3450000e+03   1.0000000e+00   2.5383800e+01
   1.3460000e+03   1.0000000e+00   4.2318000e+00
   1.3470000e+03   1.0000000e+00   7.0412000e+00
   1.3480000e+03   1.0000000e+00   1.3692300e+01
   1.3490000e+03   1.0000000e+00   1.5552000e+00
   1.3500000e+03   1.0000000e+00   1.0067000e+00
   1.3510000e+03   1.0000000e+00   2.7794000e+00
   1.3520000e+03   1.0000000e+00   6.6847000e+00
   1.3530000e+03   1.0000000e+00   8.6939000e+00
   1.3540000e+03   1.0000000e+00   3.6141000e+00
   1.3550000e+03   1.0000000e+00   1.0169400e+01
   1.3560000e+03   1.0000000e+00   2.7520000e+00
   1.3570000e+03   1.0000000e+00   5.7200000e-02
   1.3580000e+03   1.0000000e+00   9.7490000e-01
   1.3590000e+03   1.0000000e+00   1.3496400e+01
   1.3600000e+03   1.0000000e+00   2.9400000e-01
   1.3610000e+03   1.0000000e+00   5.2400000e-01
   1.3620000e+03   1.0000000e+00   1.4405800e+01
   1.3630000e+03   1.0000000e+00   3.3620000e+00
   1.3640000e+03   1.0000000e+00   9.4220000e-01
   1.3650000e+03   1.0000000e+00   1.7768000e+00
   1.3660000e+03   1.0000000e+00   9.9800000e-02
   1.3670000e+03   1.0000000e+00   2.9061700e+01
   1.3680000e+03   1.0000000e+00   3.7370000e+00
   1.3690000e+03   1.0000000e+00   2.3290000e-01
   1.3700000e+03   1.0000000e+00   8.6440000e-01
   1.3710000e+03   1.0000000e+00   2.0092100e+01
   1.3720000e+03   1.0000000e+00   1.0390000e-01
   1.3730000e+03   1.0000000e+00   2.5071000e+00
   1.3740000e+03   1.0000000e+00   2.0537100e+01
   1.3750000e+03   1.0000000e+00   3.6365000e+00
   1.3760000e+03   1.0000000e+00   3.6730000e-01
   1.3770000e+03   1.0000000e+00   1.5807900e+01
   1.3780000e+03   1.0000000e+00   1.2388000e+00
   1.3790000e+03   1.0000000e+00   5.3440000e-01
   1.3800000e+03   1.0000000e+00   1.7150000e-01
   1.3810000e+03   1.0000000e+00   1.4933000e+00
   1.3820000e+03   1.0000000e+00   1.9296000e+00
   1.3830000e+03   1.0000000e+00   7.9658000e+00
   1.3840000e+03   1.0000000e+00   1.0301200e+01
   1.3850000e+03   1.0000000e+00   2.1530000e-01
   1.3860000e+03   1.0000000e+00   2.2750000e-01
   1.3870000e+03   1.0000000e+00   1.6050000e-01
   1.3880000e+03   1.0000000e+00   2.4525000e+00
   1.3890000e+03   1.0000000e+00   2.8040000e-01
   1.3900000e+03   1.0000000e+00   3.1852900e+01
   1.3910000e+03   1.0000000e+00   1.1557000e+01
   1.3920000e+03   1.0000000e+00   6.5722000e+00
   1.3930000e+03   1.0000000e+00   1.9672700e+01
   1.3940000e+03   1.0000000e+00   1.7137500e+01
   1.3950000e+03   1.0000000e+00   3.4432000e+00
   1.3960000e+03   1.0000000e+00   9.1589000e+00
   1.3970000e+03   1.0000000e+00   7.2504000e+00
   1.3980000e+03   1.0000000e+00   3.4543000e+00
   1.3990000e+03   1.0000000e+00   1.9958000e+00
   1.4000000e+03   1.0000000e+00   9.7580000e-01
   1.4010000e+03   1.0000000e+00   4.9016000e+00
   1.4020000e+03   1.0000000e+00   8.6310000e-01
   1.4030000e+03   1.0000000e+00   2.6970200e+01
   1.4040000e+03   1.0000000e+00   1.2699000e+01
   1.4050000e+03   1.0000000e+00   1.5271000e+00
   1.4060000e+03   1.0000000e+00   2.3875500e+01
   1.4070000e+03   1.0000000e+00   2.1990000e-01
   1.4080000e+03   1.0000000e+00   1.2781500e+01
   1.4090000e+03   1.0000000e+00   1.3416600e+01
   1.4100000e+03   1.0000000e+00   4.7902000e+00
   1.4110000e+03   1.0000000e+00   1.8820000e-01
   1.4120000e+03   1.0000000e+00   1.6410000e-01
   1.4130000e+03   1.0000000e+00   1.4620000e-01
   1.4140000e+03   1.0000000e+00   7.5000000e-02
   1.4150000e+03   1.0000000e+00   8.3381000e+00
   1.4160000e+03   1.0000000e+00   5.8100000e-02
   1.4170000e+03   1.0000000e+00   5.8600000e-02
   1.4180000e+03   1.0000000e+00   9.4600000e-02
   1.4190000e+03   1.0000000e+00   4.1400000e-02
   1.4200000e+03   1.0000000e+00   7.1460000e-01
   1.4210000e+03   1.0000000e+00   7.7037000e+00
   1.4220000e+03   1.0000000e+00   1.1830000e-01
   1.4230000e+03   1.0000000e+00   2.1310000e-01
   1.4240000e+03   1.0000000e+00   9.7200000e-02
   1.4250000e+03   1.0000000e+00   5.3400000e-02
   1.4260000e+03   1.0000000e+00   2.5500000e-02
   1.4270000e+03   1.0000000e+00   7.1500000e-02
   1.4280000e+03   1.0000000e+00   7.5200000e-02
   1.4290000e+03   1.0000000e+00   1.0220000e-01
   1.4300000e+03   1.0000000e+00   9.6600000e-02
   1.4310000e+03   1.0000000e+00   0.0000000e+00
   1.4320000e+03   1.0000000e+00   9.7220000e-01
   1.4330000e+03   1.0000000e+00   3.5700000e-02
   1.4340000e+03   1.0000000e+00   0.0000000e+00
   1.4350000e+03   1.0000000e+00   6.4700000e-02
   1.4360000e+03   1.0000000e+00   2.6810000e-01
   1.4370000e+03   1.0000000e+00   1.1600000e-01
   1.4380000e+03   1.0000000e+00   7.6700000e-02
   1.4390000e+03   1.0000000e+00   4.7000000e-02
   1.4400000e+03   1.0000000e+00   0.0000000e+00
   1.4410000e+03   1.0000000e+00   3.9600000e-02
   1.4420000e+03   1.0000000e+00   1.2850000e-01
   1.4430000e+03   1.0000000e+00   0.0000000e+00
   1.4440000e+03   1.0000000e+00   0.0000000e+00
   1.4450000e+03   1.0000000e+00   4.7600000e-02
   1.4460000e+03   1.0000000e+00   1.6350000e-01
   1.4470000e+03   1.0000000e+00   1.3140000e-01
   1.4480000e+03   1.0000000e+00   5.4900000e-02
   1.4490000e+03   1.0000000e+00   1.4260000e-01
   1.4500000e+03   1.0000000e+00   0.0000000e+00
   1.4510000e+03   1.0000000e+00   1.4490000e-01
   1.4520000e+03   1.0000000e+00   8.7100000e-02
   1.4530000e+03   1.0000000e+00   0.0000000e+00
   1.4540000e+03   1.0000000e+00   0.0000000e+00
   1.4550000e+03   1.0000000e+00   0.0000000e+00
   1.4560000e+03   1.0000000e+00   0.0000000e+00
   1.4570000e+03   1.0000000e+00   0.0000000e+00
   1.4580000e+03   1.0000000e+00   0.0000000e+00
   1.4590000e+03   1.0000000e+00   0.0000000e+00
   1.4600000e+03   1.0000000e+00   0.0000000e+00
   1.4610000e+03   1.0000000e+00   0.0000000e+00
   1.4620000e+03   1.0000000e+00   0.0000000e+00
   1.4630000e+03   1.0000000e+00   0.0000000e+00
   1.4640000e+03   1.0000000e+00   0.0000000e+00
   1.4650000e+03   1.0000000e+00   0.0000000e+00
   1.4660000e+03   1.0000000e+00   0.0000000e+00
   1.4670000e+03   1.0000000e+00   0.0000000e+00
   1.4680000e+03   1.0000000e+00   0.0000000e+00
   1.4690000e+03   1.0000000e+00   0.0000000e+00
   1.4700000e+03   1.0000000e+00   0.0000000e+00
   1.4710000e+03   1.0000000e+00   0.0000000e+00
   1.4720000e+03   1.0000000e+00   0.0000000e+00
   1.4730000e+03   1.0000000e+00   0.0000000e+00
   1.4740000e+03   1.0000000e+00   0.0000000e+00
   1.4750000e+03   1.0000000e+00   0.0000000e+00
   1.4760000e+03   1.0000000e+00   0.0000000e+00
   1.4770000e+03   1.0000000e+00   0.0000000e+00
   1.4780000e+03   1.0000000e+00   0.0000000e+00
   1.4790000e+03   1.0000000e+00   0.0000000e+00
   1.4800000e+03   1.0000000e+00   0.0000000e+00
   1.4810000e+03   1.0000000e+00   0.0000000e+00
   1.4820000e+03   1.0000000e+00   0.0000000e+00
   1.4830000e+03   1.0000000e+00   0.0000000e+00
   1.4840000e+03   1.0000000e+00   0.0000000e+00
   1.4850000e+03   1.0000000e+00   0.0000000e+00
   1.4860000e+03   1.0000000e+00   0.0000000e+00
   1.4870000e+03   1.0000000e+00   0.0000000e+00
   1.4880000e+03   1.0000000e+00   0.0000000e+00
   1.4890000e+03   1.0000000e+00   0.0000000e+00
   1.4900000e+03   1.0000000e+00   0.0000000e+00
   1.4910000e+03   1.0000000e+00   0.0000000e+00
   1.4920000e+03   1.0000000e+00   0.0000000e+00
   1.4930000e+03   1.0000000e+00   0.0000000e+00
   1.4940000e+03   1.0000000e+00   0.0000000e+00
   1.4950000e+03   1.0000000e+00   0.0000000e+00
   1.4960000e+03   1.0000000e+00   0.0000000e+00
   1.4970000e+03   1.0000000e+00   0.0000000e+00
   1.4980000e+03   1.0000000e+00   0.0000000e+00
   1.4990000e+03   1.0000000e+00   0.0000000e+00
   1.5000000e+03   1.0000000e+00   0.0000000e+00
   1.5010000e+03   1.0000000e+00   0.0000000e+00
   1.5020000e+03   1.0000000e+00   0.0000000e+00
   1.5030000e+03   1.0000000e+00   0.0000000e+00
   1.5040000e+03   1.0000000e+00   0.0000000e+00
   1.5050000e+03   1.0000000e+00   0.0000000e+00
   1.5060000e+03   1.0000000e+00   0.0000000e+00
   1.5070000e+03   1.0000000e+00   0.0000000e+00
   1.5080000e+03   1.0000000e+00   0.0000000e+00
   1.5090000e+03   1.0000000e+00   0.0000000e+00
   1.5100000e+03   1.0000000e+00   1.3540000e-01
   1.5110000e+03   1.0000000e+00   0.0000000e+00
   1.5120000e+03   1.0000000e+00   0.0000000e+00
   1.5130000e+03   1.0000000e+00   0.0000000e+00
   1.5140000e+03   1.0000000e+00   0.0000000e+00
   1.5150000e+03   1.0000000e+00   0.0000000e+00
   1.5160000e+03   1.0000000e+00   0.0000000e+00
   1.5170000e+03   1.0000000e+00   0.0000000e+00
   1.5180000e+03   1.0000000e+00   0.0000000e+00
   1.5190000e+03   1.0000000e+00   0.0000000e+00
   1.5200000e+03   1.0000000e+00   0.0000000e+00
   1.5210000e+03   1.0000000e+00   0.0000000e+00
   1.5220000e+03   1.0000000e+00   0.0000000e+00
   1.5230000e+03   1.0000000e+00   0.0000000e+00
   1.5240000e+03   1.0000000e+00   0.0000000e+00
   1.5250000e+03   1.0000000e+00   0.0000000e+00
   1.5260000e+03   1.0000000e+00   9.7300000e-02
   1.5270000e+03   1.0000000e+00   0.0000000e+00
   1.5280000e+03   1.0000000e+00   0.0000000e+00
   1.5290000e+03   1.0000000e+00   3.1800000e-02
   1.5300000e+03   1.0000000e+00   5.2000000e-03
   1.5310000e+03   1.0000000e+00   3.8100000e-02
   1.5320000e+03   1.0000000e+00   9.5170000e-01
   1.5330000e+03   1.0000000e+00   6.9000000e-03
   1.5340000e+03   1.0000000e+00   0.0000000e+00
   1.5350000e+03   1.0000000e+00   0.0000000e+00
   1.5360000e+03   1.0000000e+00   0.0000000e+00
   1.5370000e+03   1.0000000e+00   2.1171300e+01
   1.5380000e+03   1.0000000e+00   1.1846000e+00
   1.5390000e+03   1.0000000e+00   4.2000000e-03
   1.5400000e+03   1.0000000e+00   2.6000000e-03
   1.5410000e+03   1.0000000e+00   2.6000000e-03
   1.5420000e+03   1.0000000e+00   0.0000000e+00
   1.5430000e+03   1.0000000e+00   2.0100000e-02
   1.5440000e+03   1.0000000e+00   0.0000000e+00
   1.5450000e+03   1.0000000e+00   0.0000000e+00
   1.5460000e+03   1.0000000e+00   0.0000000e+00
   1.5470000e+03   1.0000000e+00   0.0000000e+00
   1.5480000e+03   1.0000000e+00   0.0000000e+00
   1.5490000e+03   1.0000000e+00   0.0000000e+00
   1.5500000e+03   1.0000000e+00   0.0000000e+00
   1.5510000e+03   1.0000000e+00   0.0000000e+00
   1.5520000e+03   1.0000000e+00   5.2540000e-01
   1.5530000e+03   1.0000000e+00   7.6000000e-03
   1.5540000e+03   1.0000000e+00   1.2530000e-01
   1.5550000e+03   1.0000000e+00   0.0000000e+00
   1.5560000e+03   1.0000000e+00   0.0000000e+00
   1.5570000e+03   1.0000000e+00   5.0700000e-02
   1.5580000e+03   1.0000000e+00   9.7000000e-03
   1.5590000e+03   1.0000000e+00   0.0000000e+00
   1.5600000e+03   1.0000000e+00   0.0000000e+00
   1.5610000e+03   1.0000000e+00   0.0000000e+00
   1.5620000e+03   1.0000000e+00   0.0000000e+00
   1.5630000e+03   1.0000000e+00   0.0000000e+00
   1.5640000e+03   1.0000000e+00   0.0000000e+00
   1.5650000e+03   1.0000000e+00   0.0000000e+00
   1.5660000e+03   1.0000000e+00   0.0000000e+00
   1.5670000e+03   1.0000000e+00   0.0000000e+00
   1.5680000e+03   1.0000000e+00   0.0000000e+00
   1.5690000e+03   1.0000000e+00   0.0000000e+00
   1.5700000e+03   1.0000000e+00   4.3030000e-01
   1.5710000e+03   1.0000000e+00   0.0000000e+00
   1.5720000e+03   1.0000000e+00   0.0000000e+00
   1.5730000e+03   1.0000000e+00   0.0000000e+00
   1.5740000e+03   1.0000000e+00   3.5900000e-02
   1.5750000e+03   1.0000000e+00   0.0000000e+00
   1.5760000e+03   1.0000000e+00   0.0000000e+00
   1.5770000e+03   1.0000000e+00   0.0000000e+00
   1.5780000e+03   1.0000000e+00   0.0000000e+00
   1.5790000e+03   1.0000000e+00   0.0000000e+00
   1.5800000e+03   1.0000000e+00   0.0000000e+00
   1.5810000e+03   1.0000000e+00   0.0000000e+00
   1.5820000e+03   1.0000000e+00   0.0000000e+00
   1.5830000e+03   1.0000000e+00   0.0000000e+00
   1.5840000e+03   1.0000000e+00   0.0000000e+00
   1.5850000e+03   1.0000000e+00   0.0000000e+00
   1.5860000e+03   1.0000000e+00   9.2000000e-03
   1.5870000e+03   1.0000000e+00   9.9100000e-02
   1.5880000e+03   1.0000000e+00   0.0000000e+00
   1.5890000e+03   1.0000000e+00   0.0000000e+00
   1.5900000e+03   1.0000000e+00   0.0000000e+00
   1.5910000e+03   1.0000000e+00   0.0000000e+00
   1.5920000e+03   1.0000000e+00   0.0000000e+00
   1.5930000e+03   1.0000000e+00   0.0000000e+00
   1.5940000e+03   1.0000000e+00   0.0000000e+00
   1.5950000e+03   1.0000000e+00   0.0000000e+00
   1.5960000e+03   1.0000000e+00   0.0000000e+00
   1.5970000e+03   1.0000000e+00   0.0000000e+00
   1.5980000e+03   1.0000000e+00   0.0000000e+00
   1.5990000e+03   1.0000000e+00   0.0000000e+00
   1.6000000e+03   1.0000000e+00   4.9400000e-02
   1.6010000e+03   1.0000000e+00   6.9860000e+00
   1.6020000e+03   1.0000000e+00   2.6800000e-02
   1.6030000e+03   1.0000000e+00   3.8000000e-03
   1.6040000e+03   1.0000000e+00   1.3034000e+00
   1.6050000e+03   1.0000000e+00   6.1815000e+00
   1.6060000e+03   1.0000000e+00   2.2395000e+00
   1.6070000e+03   1.0000000e+00   2.2061000e+00
   1.6080000e+03   1.0000000e+00   3.5650000e-01
   1.6090000e+03   1.0000000e+00   0.0000000e+00
   1.6100000e+03   1.0000000e+00   3.8000000e-03
   1.6110000e+03   1.0000000e+00   3.6990000e-01
   1.6120000e+03   1.0000000e+00   2.7719000e+00
   1.6130000e+03   1.0000000e+00   0.0000000e+00
   1.6140000e+03   1.0000000e+00   3.3439000e+00
   1.6150000e+03   1.0000000e+00   3.1000000e-03
   1.6160000e+03   1.0000000e+00   5.4467000e+00
   1.6170000e+03   1.0000000e+00   5.3900000e-02
   1.6180000e+03   1.0000000e+00   7.4490000e+00
   1.6190000e+03   1.0000000e+00   5.3892000e+00
   1.6200000e+03   1.0000000e+00   3.8089000e+00
   1.6210000e+03   1.0000000e+00   1.7845300e+01
   1.6220000e+03   1.0000000e+00   7.4011000e+00
   1.6230000e+03   1.0000000e+00   4.0000000e-03
   1.6240000e+03   1.0000000e+00   0.0000000e+00
   1.6250000e+03   1.0000000e+00   2.9830000e-01
   1.6260000e+03   1.0000000e+00   1.3506800e+01
   1.6270000e+03   1.0000000e+00   3.2360000e-01
   1.6280000e+03   1.0000000e+00   1.0480000e-01
   1.6290000e+03   1.0000000e+00   3.3990000e+00
   1.6300000e+03   1.0000000e+00   5.0073000e+00
   1.6310000e+03   1.0000000e+00   1.4960500e+01
   1.6320000e+03   1.0000000e+00   9.1749000e+00
   1.6330000e+03   1.0000000e+00   2.4461000e+00
   1.6340000e+03   1.0000000e+00   4.7980000e-01
   1.6350000e+03   1.0000000e+00   9.4200000e-02
   1.6360000e+03   1.0000000e+00   1.0620000e-01
   1.6370000e+03   1.0000000e+00   1.0717500e+01
   1.6380000e+03   1.0000000e+00   6.3400000e-02
   1.6390000e+03   1.0000000e+00   2.8400000e-02
   1.6400000e+03   1.0000000e+00   0.0000000e+00
   1.6410000e+03   1.0000000e+00   8.1000000e-02
   1.6420000e+03   1.0000000e+00   5.2840000e-01
   1.6430000e+03   1.0000000e+00   1.0168000e+00
   1.6440000e+03   1.0000000e+00   2.0876000e+00
   1.6450000e+03   1.0000000e+00   2.9450000e+00
   1.6460000e+03   1.0000000e+00   9.4000000e-03
   1.6470000e+03   1.0000000e+00   6.4007000e+00
   1.6480000e+03   1.0000000e+00   2.7064000e+00
   1.6490000e+03   1.0000000e+00   5.4360000e-01
   1.6500000e+03   1.0000000e+00   1.2530000e-01
   1.6510000e+03   1.0000000e+00   1.7170000e-01
   1.6520000e+03   1.0000000e+00   1.7320000e+01
   1.6530000e+03   1.0000000e+00   1.8030000e-01
   1.6540000e+03   1.0000000e+00   1.9045000e+00
   1.6550000e+03   1.0000000e+00   2.2130000e-01
   1.6560000e+03   1.0000000e+00   1.8931700e+01
   1.6570000e+03   1.0000000e+00   6.8477000e+00
   1.6580000e+03   1.0000000e+00   3.2350000e-01
   1.6590000e+03   1.0000000e+00   1.2275700e+01
   1.6600000e+03   1.0000000e+00   1.3022000e+00
   1.6610000e+03   1.0000000e+00   1.3979900e+01
   1.6620000e+03   1.0000000e+00   2.6548000e+00
   1.6630000e+03   1.0000000e+00   2.8820000e-01
   1.6640000e+03   1.0000000e+00   2.7680000e+00
   1.6650000e+03   1.0000000e+00   8.0351000e+00
   1.6660000e+03   1.0000000e+00   3.0773000e+00
   1.6670000e+03   1.0000000e+00   2.3312000e+00
   1.6680000e+03   1.0000000e+00   4.0020000e-01
   1.6690000e+03   1.0000000e+00   2.0950000e-01
   1.6700000e+03   1.0000000e+00   2.9100000e-02
   1.6710000e+03   1.0000000e+00   4.0790000e+00
   1.6720000e+03   1.0000000e+00   1.6687000e+00
   1.6730000e+03   1.0000000e+00   8.2474000e+00
   1.6740000e+03   1.0000000e+00   1.2424000e+00
   1.6750000e+03   1.0000000e+00   2.3297000e+00
   1.6760000e+03   1.0000000e+00   8.1258000e+00
   1.6770000e+03   1.0000000e+00   4.2392000e+00
   1.6780000e+03   1.0000000e+00   1.2747000e+00
   1.6790000e+03   1.0000000e+00   2.3264000e+00
   1.6800000e+03   1.0000000e+00   2.0200000e-02
   1.6810000e+03   1.0000000e+00   3.7400000e-02
   1.6820000e+03   1.0000000e+00   1.4099000e+00
   1.6830000e+03   1.0000000e+00   6.4400000e-02
   1.6840000e+03   1.0000000e+00   2.0270000e-01
   1.6850000e+03   1.0000000e+00   0.0000000e+00
   1.6860000e+03   1.0000000e+00   1.7700000e-02
   1.6870000e+03   1.0000000e+00   1.7334400e+01
   1.6880000e+03   1.0000000e+00   4.1948000e+00
   1.6890000e+03   1.0000000e+00   5.9610000e-01
   1.6900000e+03   1.0000000e+00   1.4776800e+01
   1.6910000e+03   1.0000000e+00   5.0251000e+00
   1.6920000e+03   1.0000000e+00   1.5269700e+01
   1.6930000e+03   1.0000000e+00   1.1569400e+01
   1.6940000e+03   1.0000000e+00   1.5427300e+01
   1.6950000e+03   1.0000000e+00   1.7481700e+01
   1.6960000e+03   1.0000000e+00   9.0890000e-01
   1.6970000e+03   1.0000000e+00   5.2463000e+00
   1.6980000e+03   1.0000000e+00   9.6019000e+00
   1.6990000e+03   1.0000000e+00   6.7400000e-02
   1.7000000e+03   1.0000000e+00   1.0089600e+01
   1.7010000e+03   1.0000000e+00   6.4605000e+00
   1.7020000e+03   1.0000000e+00   8.5200000e-02
   1.7030000e+03   1.0000000e+00   6.4317000e+00
   1.7040000e+03   1.0000000e+00   2.6730000e-01
   1.7050000e+03   1.0000000e+00   1.1771400e+01
   1.7060000e+03   1.0000000e+00   9.6640000e-01
   1.7070000e+03   1.0000000e+00   3.5504000e+00
   1.7080000e+03   1.0000000e+00   1.0331000e+01
   1.7090000e+03   1.0000000e+00   6.2504000e+00
   1.7100000e+03   1.0000000e+00   4.2126000e+00
   1.7110000e+03   1.0000000e+00   1.7416000e+00
   1.7120000e+03   1.0000000e+00   3.1016000e+00
   1.7130000e+03   1.0000000e+00   1.5140000e-01
   1.7140000e+03   1.0000000e+00   1.7587500e+01
   1.7150000e+03   1.0000000e+00   1.4033300e+01
   1.7160000e+03   1.0000000e+00   3.0748000e+00
   1.7170000e+03   1.0000000e+00   3.1290000e-01
   1.7180000e+03   1.0000000e+00   3.0445000e+00
   1.7190000e+03   1.0000000e+00   9.3615000e+00
   1.7200000e+03   1.0000000e+00   3.9044000e+00
   1.7210000e+03   1.0000000e+00   2.5013100e+01
   1.7220000e+03   1.0000000e+00   1.4728000e+00
   1.7230000e+03   1.0000000e+00   3.6690000e-01
   1.7240000e+03   1.0000000e+00   1.9010000e-01
   1.7250000e+03   1.0000000e+00   1.6500000e-01
   1.7260000e+03   1.0000000e+00   2.8820800e+01
   1.7270000e+03   1.0000000e+00   1.5512800e+01
   1.7280000e+03   1.0000000e+00   9.4120000e-01
   1.7290000e+03   1.0000000e+00   1.3357000e+00
   1.7300000e+03   1.0000000e+00   1.8196000e+01
   1.7310000e+03   1.0000000e+00   5.4990000e+00
   1.7320000e+03   1.0000000e+00   9.0820000e+00
   1.7330000e+03   1.0000000e+00   1.6431400e+01
   1.7340000e+03   1.0000000e+00   1.7739400e+01
   1.7350000e+03   1.0000000e+00   1.5665300e+01
   1.7360000e+03   1.0000000e+00   2.7203000e+00
   1.7370000e+03   1.0000000e+00   2.8470000e-01
   1.7380000e+03   1.0000000e+00   3.4864700e+01
   1.7390000e+03   1.0000000e+00   1.5440000e-01
   1.7400000e+03   1.0000000e+00   8.0085000e+00
   1.7410000e+03   1.0000000e+00   2.8900000e+00
   1.7420000e+03   1.0000000e+00   4.3470000e+00
   1.7430000e+03   1.0000000e+00   1.5785000e+00
   1.7440000e+03   1.0000000e+00   1.0384800e+01
   1.7450000e+03   1.0000000e+00   3.3916000e+00
   1.7460000e+03   1.0000000e+00   3.3356800e+01
   1.7470000e+03   1.0000000e+00   1.7207100e+01
   1.7480000e+03   1.0000000e+00   2.3380000e-01
   1.7490000e+03   1.0000000e+00   3.9800000e-02
   1.7500000e+03   1.0000000e+00   1.3724500e+01
   1.7510000e+03   1.0000000e+00   4.7020000e-01
   1.7520000e+03   1.0000000e+00   7.4800000e-01
   1.7530000e+03   1.0000000e+00   2.5149000e+00
   1.7540000e+03   1.0000000e+00   1.1686900e+01
   1.7550000e+03   1.0000000e+00   1.5430000e+00
   1.7560000e+03   1.0000000e+00   4.9770000e-01
   1.7570000e+03   1.0000000e+00   3.1872100e+01
   1.7580000e+03   1.0000000e+00   8.0980000e-01
   1.7590000e+03   1.0000000e+00   4.2430000e-01
   1.7600000e+03   1.0000000e+00   9.9249000e+00
   1.7610000e+03   1.0000000e+00   7.0024000e+00
   1.7620000e+03   1.0000000e+00   3.8470000e-01
   1.7630000e+03   1.0000000e+00   7.7075000e+00
   1.7640000e+03   1.0000000e+00   2.9470000e-01
   1.7650000e+03   1.0000000e+00   1.0279800e+01
   1.7660000e+03   1.0000000e+00   2.3899000e+00
   1.7670000e+03   1.0000000e+00   4.7994000e+00
   1.7680000e+03   1.0000000e+00   3.6036000e+00
   1.7690000e+03   1.0000000e+00   3.4584000e+00
   1.7700000e+03   1.0000000e+00   3.6560000e-01
   1.7710000e+03   1.0000000e+00   2.9390000e-01
   1.7720000e+03   1.0000000e+00   2.8906800e+01
   1.7730000e+03   1.0000000e+00   6.5871000e+00
   1.7740000e+03   1.0000000e+00   5.5583000e+00
   1.7750000e+03   1.0000000e+00   1.0400000e-01
   1.7760000e+03   1.0000000e+00   1.3302600e+01
   1.7770000e+03   1.0000000e+00   8.4659000e+00
   1.7780000e+03   1.0000000e+00   1.4700000e-01
   1.7790000e+03   1.0000000e+00   1.6114000e+00
   1.7800000e+03   1.0000000e+00   8.0800000e-02
   1.7810000e+03   1.0000000e+00   1.0931000e+00
   1.7820000e+03   1.0000000e+00   3.1700000e-02
   1.7830000e+03   1.0000000e+00   1.0027500e+01
   1.7840000e+03   1.0000000e+00   1.4100000e-01
   1.7850000e+03   1.0000000e+00   1.3840000e-01
   1.7860000e+03   1.0000000e+00   4.6190000e-01
   1.7870000e+03   1.0000000e+00   7.5700000e-02
   1.7880000e+03   1.0000000e+00   8.4257000e+00
   1.7890000e+03   1.0000000e+00   3.4250000e-01
   1.7900000e+03   1.0000000e+00   2.0179000e+00
   1.7910000e+03   1.0000000e+00   8.3800000e-02
   1.7920000e+03   1.0000000e+00   9.1300000e-02
   1.7930000e+03   1.0000000e+00   2.8370000e-01
   1.7940000e+03   1.0000000e+00   1.2380000e-01
   1.7950000e+03   1.0000000e+00   1.3210000e-01
   1.7960000e+03   1.0000000e+00   2.5300000e-01
   1.7970000e+03   1.0000000e+00   2.6537000e+00
   1.7980000e+03   1.0000000e+00   7.4700000e-02
   1.7990000e+03   1.0000000e+00   6.3500000e-02
   1.8000000e+03   1.0000000e+00   0.0000000e+00
   1.8010000e+03   1.0000000e+00   1.1420000e-01
   1.8020000e+03   1.0000000e+00   2.6560000e-01
   1.8030000e+03   1.0000000e+00   0.0000000e+00
   1.8040000e+03   1.0000000e+00   0.0000000e+00
   1.8050000e+03   1.0000000e+00   0.0000000e+00
   1.8060000e+03   1.0000000e+00   0.0000000e+00
   1.8070000e+03   1.0000000e+00   0.0000000e+00
   1.8080000e+03   1.0000000e+00   0.0000000e+00
   1.8090000e+03   1.0000000e+00   0.0000000e+00
   1.8100000e+03   1.0000000e+00   0.0000000e+00
   1.8110000e+03   1.0000000e+00   0.0000000e+00
   1.8120000e+03   1.0000000e+00   0.0000000e+00
   1.8130000e+03   1.0000000e+00   0.0000000e+00
   1.8140000e+03   1.0000000e+00   0.0000000e+00
   1.8150000e+03   1.0000000e+00   0.0000000e+00
   1.8160000e+03   1.0000000e+00   0.0000000e+00
   1.8170000e+03   1.0000000e+00   0.0000000e+00
   1.8180000e+03   1.0000000e+00   0.0000000e+00
   1.8190000e+03   1.0000000e+00   0.0000000e+00
   1.8200000e+03   1.0000000e+00   0.0000000e+00
   1.8210000e+03   1.0000000e+00   0.0000000e+00
   1.8220000e+03   1.0000000e+00   0.0000000e+00
   1.8230000e+03   1.0000000e+00   0.0000000e+00
   1.8240000e+03   1.0000000e+00   0.0000000e+00
   1.8250000e+03   1.0000000e+00   0.0000000e+00
   1.8260000e+03   1.0000000e+00   0.0000000e+00
   1.8270000e+03   1.0000000e+00   0.0000000e+00
   1.8280000e+03   1.0000000e+00   0.0000000e+00
   1.8290000e+03   1.0000000e+00   0.0000000e+00
   1.8300000e+03   1.0000000e+00   0.0000000e+00
   1.8310000e+03   1.0000000e+00   0.0000000e+00
   1.8320000e+03   1.0000000e+00   0.0000000e+00
   1.8330000e+03   1.0000000e+00   0.0000000e+00
   1.8340000e+03   1.0000000e+00   0.0000000e+00
   1.8350000e+03   1.0000000e+00   0.0000000e+00
   1.8360000e+03   1.0000000e+00   0.0000000e+00
   1.8370000e+03   1.0000000e+00   0.0000000e+00
   1.8380000e+03   1.0000000e+00   0.0000000e+00
   1.8390000e+03   1.0000000e+00   0.0000000e+00
   1.8400000e+03   1.0000000e+00   0.0000000e+00
   1.8410000e+03   1.0000000e+00   0.0000000e+00
   1.8420000e+03   1.0000000e+00   0.0000000e+00
   1.8430000e+03   1.0000000e+00   0.0000000e+00
   1.8440000e+03   1.0000000e+00   0.0000000e+00
   1.8450000e+03   1.0000000e+00   0.0000000e+00
   1.8460000e+03   1.0000000e+00   0.0000000e+00
   1.8470000e+03   1.0000000e+00   0.0000000e+00
   1.8480000e+03   1.0000000e+00   0.0000000e+00
   1.8490000e+03   1.0000000e+00   0.0000000e+00
   1.8500000e+03   1.0000000e+00   0.0000000e+00
   1.8510000e+03   1.0000000e+00   0.0000000e+00
   1.8520000e+03   1.0000000e+00   0.0000000e+00
   1.8530000e+03   1.0000000e+00   0.0000000e+00
   1.8540000e+03   1.0000000e+00   0.0000000e+00
   1.8550000e+03   1.0000000e+00   0.0000000e+00
   1.8560000e+03   1.0000000e+00   0.0000000e+00
