   3.1000000e+01   1.0000000e+00   1.7400000e-02
   3.2000000e+01   1.0000000e+00   1.2000000e-02
   3.3000000e+01   1.0000000e+00   1.1914286e-02
   3.4000000e+01   1.0000000e+00   1.1828571e-02
   3.5000000e+01   1.0000000e+00   1.1657143e-02
   3.6000000e+01   1.0000000e+00   1.1571429e-02
   3.7000000e+01   1.0000000e+00   1.1485714e-02
   3.8000000e+01   1.0000000e+00   1.1314286e-02
   3.9000000e+01   1.0000000e+00   1.1228571e-02
   4.0000000e+01   1.0000000e+00   1.1142857e-02
   4.1000000e+01   1.0000000e+00   1.0971429e-02
   4.2000000e+01   1.0000000e+00   1.0885714e-02
   4.3000000e+01   1.0000000e+00   1.0714286e-02
   4.4000000e+01   1.0000000e+00   1.0628571e-02
   4.5000000e+01   1.0000000e+00   1.0542857e-02
   4.6000000e+01   1.0000000e+00   1.0371429e-02
   4.7000000e+01   1.0000000e+00   1.0285714e-02
   4.8000000e+01   1.0000000e+00   1.0200000e-02
   4.9000000e+01   1.0000000e+00   1.0028571e-02
   5.0000000e+01   1.0000000e+00   9.8571429e-03
   5.1000000e+01   1.0000000e+00   9.5142857e-03
   5.2000000e+01   1.0000000e+00   9.5142857e-03
   5.3000000e+01   1.0000000e+00   9.5142857e-03
   5.4000000e+01   1.0000000e+00   9.5142857e-03
   5.5000000e+01   1.0000000e+00   9.5142857e-03
   5.6000000e+01   1.0000000e+00   9.5142857e-03
   5.7000000e+01   1.0000000e+00   9.5142857e-03
   5.8000000e+01   1.0000000e+00   9.5142857e-03
   5.9000000e+01   1.0000000e+00   9.5142857e-03
   6.0000000e+01   1.0000000e+00   9.5142857e-03
   6.1000000e+01   1.0000000e+00   9.5142857e-03
   6.2000000e+01   1.0000000e+00   9.5142857e-03
   6.3000000e+01   1.0000000e+00   9.5142857e-03
   6.4000000e+01   1.0000000e+00   9.5142857e-03
   6.5000000e+01   1.0000000e+00   9.5142857e-03
   6.6000000e+01   1.0000000e+00   9.5142857e-03
   6.7000000e+01   1.0000000e+00   9.5142857e-03
   6.8000000e+01   1.0000000e+00   9.5142857e-03
   6.9000000e+01   1.0000000e+00   9.5142857e-03
   7.0000000e+01   1.0000000e+00   9.5142857e-03
   7.1000000e+01   1.0000000e+00   9.5142857e-03
   7.2000000e+01   1.0000000e+00   9.5142857e-03
   7.3000000e+01   1.0000000e+00   9.5142857e-03
   7.4000000e+01   1.0000000e+00   9.5142857e-03
   7.5000000e+01   1.0000000e+00   9.5142857e-03
   7.6000000e+01   1.0000000e+00   9.5142857e-03
   7.7000000e+01   1.0000000e+00   9.5142857e-03
   7.8000000e+01   1.0000000e+00   9.5142857e-03
   7.9000000e+01   1.0000000e+00   9.5142857e-03
   8.0000000e+01   1.0000000e+00   9.5142857e-03
   8.1000000e+01   1.0000000e+00   9.5142857e-03
   8.2000000e+01   1.0000000e+00   9.5142857e-03
   8.3000000e+01   1.0000000e+00   9.5142857e-03
   8.4000000e+01   1.0000000e+00   9.5142857e-03
   8.5000000e+01   1.0000000e+00   9.5142857e-03
   8.6000000e+01   1.0000000e+00   9.5142857e-03
   8.7000000e+01   1.0000000e+00   9.5142857e-03
   8.8000000e+01   1.0000000e+00   9.5142857e-03
   8.9000000e+01   1.0000000e+00   9.5142857e-03
   9.0000000e+01   1.0000000e+00   9.5142857e-03
   9.1000000e+01   1.0000000e+00   9.5142857e-03
   9.2000000e+01   1.0000000e+00   9.5142857e-03
   9.3000000e+01   1.0000000e+00   9.5142857e-03
   9.4000000e+01   1.0000000e+00   9.5142857e-03
   9.5000000e+01   1.0000000e+00   9.5142857e-03
   9.6000000e+01   1.0000000e+00   9.5142857e-03
   9.7000000e+01   1.0000000e+00   9.5142857e-03
   9.8000000e+01   1.0000000e+00   9.5142857e-03
   9.9000000e+01   1.0000000e+00   9.5142857e-03
   1.0000000e+02   1.0000000e+00   9.5142857e-03
   1.0100000e+02   1.0000000e+00   9.5142857e-03
   1.0200000e+02   1.0000000e+00   9.5142857e-03
   1.0300000e+02   1.0000000e+00   9.5142857e-03
   1.0400000e+02   1.0000000e+00   9.5142857e-03
   1.0500000e+02   1.0000000e+00   9.5142857e-03
   1.0600000e+02   1.0000000e+00   9.5142857e-03
   1.0700000e+02   1.0000000e+00   9.5142857e-03
   1.0800000e+02   1.0000000e+00   9.5142857e-03
   1.0900000e+02   1.0000000e+00   9.5142857e-03
   1.1000000e+02   1.0000000e+00   9.5142857e-03
   1.1100000e+02   1.0000000e+00   9.5142857e-03
   1.1200000e+02   1.0000000e+00   9.5142857e-03
   1.1300000e+02   1.0000000e+00   9.5142857e-03
   1.1400000e+02   1.0000000e+00   9.5142857e-03
   1.1500000e+02   1.0000000e+00   9.5142857e-03
   1.1600000e+02   1.0000000e+00   9.5142857e-03
   1.1700000e+02   1.0000000e+00   9.5142857e-03
   1.1800000e+02   1.0000000e+00   9.5142857e-03
   1.1900000e+02   1.0000000e+00   9.5142857e-03
   1.2000000e+02   1.0000000e+00   9.5142857e-03
   1.2100000e+02   1.0000000e+00   9.5142857e-03
   1.2200000e+02   1.0000000e+00   9.5142857e-03
   1.2300000e+02   1.0000000e+00   9.5142857e-03
   1.2400000e+02   1.0000000e+00   9.5142857e-03
   1.2500000e+02   1.0000000e+00   9.5142857e-03
   1.2600000e+02   1.0000000e+00   9.5142857e-03
   1.2700000e+02   1.0000000e+00   9.5142857e-03
   1.2800000e+02   1.0000000e+00   9.5142857e-03
   1.2900000e+02   1.0000000e+00   9.5142857e-03
   1.3000000e+02   1.0000000e+00   9.5142857e-03
   1.3100000e+02   1.0000000e+00   9.5142857e-03
   1.3200000e+02   1.0000000e+00   9.5142857e-03
   1.3300000e+02   1.0000000e+00   9.5142857e-03
   1.3400000e+02   1.0000000e+00   9.5142857e-03
   1.3500000e+02   1.0000000e+00   9.5142857e-03
   1.3600000e+02   1.0000000e+00   9.5142857e-03
   1.3700000e+02   1.0000000e+00   9.5142857e-03
   1.3800000e+02   1.0000000e+00   9.5142857e-03
   1.3900000e+02   1.0000000e+00   9.5142857e-03
   1.4000000e+02   1.0000000e+00   9.5142857e-03
   1.4100000e+02   1.0000000e+00   9.5142857e-03
   1.4200000e+02   1.0000000e+00   9.5142857e-03
   1.4300000e+02   1.0000000e+00   9.5142857e-03
   1.4400000e+02   1.0000000e+00   9.5142857e-03
   1.4500000e+02   1.0000000e+00   9.5142857e-03
   1.4600000e+02   1.0000000e+00   9.5142857e-03
   1.4700000e+02   1.0000000e+00   9.5142857e-03
   1.4800000e+02   1.0000000e+00   9.5142857e-03
   1.4900000e+02   1.0000000e+00   9.4285714e-03
   1.5000000e+02   1.0000000e+00   9.3428571e-03
   1.5100000e+02   1.0000000e+00   9.2571429e-03
   1.5200000e+02   1.0000000e+00   9.1714286e-03
   1.5300000e+02   1.0000000e+00   9.0857143e-03
   1.5400000e+02   1.0000000e+00   9.0000000e-03
   1.5500000e+02   1.0000000e+00   8.9142857e-03
   1.5600000e+02   1.0000000e+00   8.8285714e-03
   1.5700000e+02   1.0000000e+00   8.7428571e-03
   1.5800000e+02   1.0000000e+00   8.6571429e-03
   1.5900000e+02   1.0000000e+00   8.5714286e-03
   1.6000000e+02   1.0000000e+00   8.4857143e-03
   1.6100000e+02   1.0000000e+00   8.4000000e-03
   1.6200000e+02   1.0000000e+00   8.3142857e-03
   1.6300000e+02   1.0000000e+00   8.2285714e-03
   1.6400000e+02   1.0000000e+00   8.1428571e-03
   1.6500000e+02   1.0000000e+00   8.0571429e-03
   1.6600000e+02   1.0000000e+00   7.9714286e-03
   1.6700000e+02   1.0000000e+00   7.8857143e-03
   1.6800000e+02   1.0000000e+00   7.8000000e-03
   1.6900000e+02   1.0000000e+00   7.7142857e-03
   1.7000000e+02   1.0000000e+00   7.6285714e-03
   1.7100000e+02   1.0000000e+00   7.5428571e-03
   1.7200000e+02   1.0000000e+00   7.4571429e-03
   1.7300000e+02   1.0000000e+00   7.3714286e-03
   1.7400000e+02   1.0000000e+00   7.2857143e-03
   1.7500000e+02   1.0000000e+00   7.2000000e-03
   1.7600000e+02   1.0000000e+00   7.2000000e-03
   1.7700000e+02   1.0000000e+00   7.2000000e-03
   1.7800000e+02   1.0000000e+00   7.2000000e-03
   1.7900000e+02   1.0000000e+00   7.2000000e-03
   1.8000000e+02   1.0000000e+00   7.2000000e-03
   1.8100000e+02   1.0000000e+00   7.2000000e-03
   1.8200000e+02   1.0000000e+00   7.2000000e-03
   1.8300000e+02   1.0000000e+00   7.2000000e-03
   1.8400000e+02   1.0000000e+00   7.2000000e-03
   1.8500000e+02   1.0000000e+00   7.2000000e-03
   1.8600000e+02   1.0000000e+00   7.2000000e-03
   1.8700000e+02   1.0000000e+00   7.2000000e-03
   1.8800000e+02   1.0000000e+00   7.2000000e-03
   1.8900000e+02   1.0000000e+00   7.2000000e-03
   1.9000000e+02   1.0000000e+00   7.2000000e-03
   1.9100000e+02   1.0000000e+00   7.2000000e-03
   1.9200000e+02   1.0000000e+00   7.2000000e-03
   1.9300000e+02   1.0000000e+00   7.2000000e-03
   1.9400000e+02   1.0000000e+00   7.2000000e-03
   1.9500000e+02   1.0000000e+00   7.2000000e-03
   1.9600000e+02   1.0000000e+00   7.2000000e-03
   1.9700000e+02   1.0000000e+00   7.2000000e-03
   1.9800000e+02   1.0000000e+00   7.2000000e-03
   1.9900000e+02   1.0000000e+00   2.6142857e-02
   2.0000000e+02   1.0000000e+00   1.3585714e-01
   2.0100000e+02   1.0000000e+00   1.5060000e-01
   2.0200000e+02   1.0000000e+00   1.0448571e-01
   2.0300000e+02   1.0000000e+00   1.9148571e-01
   2.0400000e+02   1.0000000e+00   1.5171429e-01
   2.0500000e+02   1.0000000e+00   1.3174286e-01
   2.0600000e+02   1.0000000e+00   1.1837143e-01
   2.0700000e+02   1.0000000e+00   8.6400000e-02
   2.0800000e+02   1.0000000e+00   7.5257143e-02
   2.0900000e+02   1.0000000e+00   6.5057143e-02
   2.1000000e+02   1.0000000e+00   6.6257143e-02
   2.1100000e+02   1.0000000e+00   5.8371429e-02
   2.1200000e+02   1.0000000e+00   4.9800000e-02
   2.1300000e+02   1.0000000e+00   5.2628571e-02
   2.1400000e+02   1.0000000e+00   1.2248571e-01
   2.1500000e+02   1.0000000e+00   1.4982857e-01
   2.1600000e+02   1.0000000e+00   1.3705714e-01
   2.1700000e+02   1.0000000e+00   1.1974286e-01
   2.1800000e+02   1.0000000e+00   1.3508571e-01
   2.1900000e+02   1.0000000e+00   1.5231429e-01
   2.2000000e+02   1.0000000e+00   1.5917143e-01
   2.2100000e+02   1.0000000e+00   1.4605714e-01
   2.2200000e+02   1.0000000e+00   1.2514286e-01
   2.2300000e+02   1.0000000e+00   1.4682857e-01
   2.2400000e+02   1.0000000e+00   1.6088571e-01
   2.2500000e+02   1.0000000e+00   3.8014286e-01
   2.2600000e+02   1.0000000e+00   5.1265714e-01
   2.2700000e+02   1.0000000e+00   8.3477143e-01
   2.2800000e+02   1.0000000e+00   1.5945429e+00
   2.2900000e+02   1.0000000e+00   2.0904000e+00
   2.3000000e+02   1.0000000e+00   1.8754286e+00
   2.3100000e+02   1.0000000e+00   1.2462000e+00
   2.3200000e+02   1.0000000e+00   1.3228286e+00
   2.3300000e+02   1.0000000e+00   1.8192857e+00
   2.3400000e+02   1.0000000e+00   1.8531429e+00
   2.3500000e+02   1.0000000e+00   1.7996571e+00
   2.3600000e+02   1.0000000e+00   1.2238286e+00
   2.3700000e+02   1.0000000e+00   7.5840000e-01
   2.3800000e+02   1.0000000e+00   9.8614286e-01
   2.3900000e+02   1.0000000e+00   1.3902857e+00
   2.4000000e+02   1.0000000e+00   1.1483143e+00
   2.4100000e+02   1.0000000e+00   6.0334286e-01
   2.4200000e+02   1.0000000e+00   5.5148571e-01
   2.4300000e+02   1.0000000e+00   7.5017143e-01
   2.4400000e+02   1.0000000e+00   8.8637143e-01
   2.4500000e+02   1.0000000e+00   1.0141714e+00
   2.4600000e+02   1.0000000e+00   1.1571429e+00
   2.4700000e+02   1.0000000e+00   1.1300571e+00
   2.4800000e+02   1.0000000e+00   9.2520000e-01
   2.4900000e+02   1.0000000e+00   9.6334286e-01
   2.5000000e+02   1.0000000e+00   1.5017143e+00
   2.5100000e+02   1.0000000e+00   9.5057143e-01
   2.5200000e+02   1.0000000e+00   8.6117143e-01
   2.5300000e+02   1.0000000e+00   1.0810286e+00
   2.5400000e+02   1.0000000e+00   1.0074000e+00
   2.5500000e+02   1.0000000e+00   7.1014286e-01
   2.5600000e+02   1.0000000e+00   5.9177143e-01
   2.5700000e+02   1.0000000e+00   5.8748571e-01
   2.5800000e+02   1.0000000e+00   8.4574286e-01
   2.5900000e+02   1.0000000e+00   1.3152000e+00
   2.6000000e+02   1.0000000e+00   7.9200000e-01
   2.6100000e+02   1.0000000e+00   6.7525714e-01
   2.6200000e+02   1.0000000e+00   5.5251429e-01
   2.6300000e+02   1.0000000e+00   4.7520000e-01
   2.6400000e+02   1.0000000e+00   4.3868571e-01
   2.6500000e+02   1.0000000e+00   4.6500000e-01
   2.6600000e+02   1.0000000e+00   6.0411429e-01
   2.6700000e+02   1.0000000e+00   5.8028571e-01
   2.6800000e+02   1.0000000e+00   5.3717143e-01
   2.6900000e+02   1.0000000e+00   5.1214286e-01
   2.7000000e+02   1.0000000e+00   5.1531429e-01
   2.7100000e+02   1.0000000e+00   4.8402857e-01
   2.7200000e+02   1.0000000e+00   5.2774286e-01
   2.7300000e+02   1.0000000e+00   8.2594286e-01
   2.7400000e+02   1.0000000e+00   9.0334286e-01
   2.7500000e+02   1.0000000e+00   6.9060000e-01
   2.7600000e+02   1.0000000e+00   7.7614286e-01
   2.7700000e+02   1.0000000e+00   9.9960000e-01
   2.7800000e+02   1.0000000e+00   9.6351429e-01
   2.7900000e+02   1.0000000e+00   7.8574286e-01
   2.8000000e+02   1.0000000e+00   7.3320000e-01
   2.8100000e+02   1.0000000e+00   7.6680000e-01
   2.8200000e+02   1.0000000e+00   7.5128571e-01
   2.8300000e+02   1.0000000e+00   7.7802857e-01
   2.8400000e+02   1.0000000e+00   8.0802857e-01
   2.8500000e+02   1.0000000e+00   7.3354286e-01
   2.8600000e+02   1.0000000e+00   6.0822857e-01
   2.8700000e+02   1.0000000e+00   5.3417143e-01
   2.8800000e+02   1.0000000e+00   4.7005714e-01
   2.8900000e+02   1.0000000e+00   4.7991429e-01
   2.9000000e+02   1.0000000e+00   5.0082857e-01
   2.9100000e+02   1.0000000e+00   4.5205714e-01
   2.9200000e+02   1.0000000e+00   4.2788571e-01
   2.9300000e+02   1.0000000e+00   3.6308571e-01
   2.9400000e+02   1.0000000e+00   3.2537143e-01
   2.9500000e+02   1.0000000e+00   8.5560000e-01
   2.9600000e+02   1.0000000e+00   8.6425714e-01
   2.9700000e+02   1.0000000e+00   8.0074286e-01
   2.9800000e+02   1.0000000e+00   1.0096286e+00
   2.9900000e+02   1.0000000e+00   1.2918857e+00
   3.0000000e+02   1.0000000e+00   1.3431429e+00
   3.0100000e+02   1.0000000e+00   1.4187429e+00
   3.0200000e+02   1.0000000e+00   1.2906000e+00
   3.0300000e+02   1.0000000e+00   1.4052857e+00
   3.0400000e+02   1.0000000e+00   1.2908571e+00
   3.0500000e+02   1.0000000e+00   1.1407714e+00
   3.0600000e+02   1.0000000e+00   9.6325714e-01
   3.0700000e+02   1.0000000e+00   8.2860000e-01
   3.0800000e+02   1.0000000e+00   1.2473143e+00
   3.0900000e+02   1.0000000e+00   1.3877143e+00
   3.1000000e+02   1.0000000e+00   1.5109714e+00
   3.1100000e+02   1.0000000e+00   1.9594286e+00
   3.1200000e+02   1.0000000e+00   1.9053429e+00
   3.1300000e+02   1.0000000e+00   1.8214286e+00
   3.1400000e+02   1.0000000e+00   1.8610286e+00
   3.1500000e+02   1.0000000e+00   2.0093143e+00
   3.1600000e+02   1.0000000e+00   1.8842571e+00
   3.1700000e+02   1.0000000e+00   1.6170000e+00
   3.1800000e+02   1.0000000e+00   1.3773429e+00
   3.1900000e+02   1.0000000e+00   1.1895429e+00
   3.2000000e+02   1.0000000e+00   1.0858286e+00
   3.2100000e+02   1.0000000e+00   1.0093714e+00
   3.2200000e+02   1.0000000e+00   9.4234286e-01
   3.2300000e+02   1.0000000e+00   8.3708571e-01
   3.2400000e+02   1.0000000e+00   7.4477143e-01
   3.2500000e+02   1.0000000e+00   6.7217143e-01
   3.2600000e+02   1.0000000e+00   6.3120000e-01
   3.2700000e+02   1.0000000e+00   5.7865714e-01
   3.2800000e+02   1.0000000e+00   5.1857143e-01
   3.2900000e+02   1.0000000e+00   4.7417143e-01
   3.3000000e+02   1.0000000e+00   4.1682857e-01
   3.3100000e+02   1.0000000e+00   3.6454286e-01
   3.3200000e+02   1.0000000e+00   3.2691429e-01
   3.3300000e+02   1.0000000e+00   2.9648571e-01
   3.3400000e+02   1.0000000e+00   2.7205714e-01
   3.3500000e+02   1.0000000e+00   2.4848571e-01
   3.3600000e+02   1.0000000e+00   2.2860000e-01
   3.3700000e+02   1.0000000e+00   2.0965714e-01
   3.3800000e+02   1.0000000e+00   1.9251429e-01
   3.3900000e+02   1.0000000e+00   1.7794286e-01
   3.4000000e+02   1.0000000e+00   1.6534286e-01
   3.4100000e+02   1.0000000e+00   1.5162857e-01
   3.4200000e+02   1.0000000e+00   1.3928571e-01
   3.4300000e+02   1.0000000e+00   1.2805714e-01
   3.4400000e+02   1.0000000e+00   1.1691429e-01
   3.4500000e+02   1.0000000e+00   1.0671429e-01
   3.4600000e+02   1.0000000e+00   9.7371429e-02
   3.4700000e+02   1.0000000e+00   8.9742857e-02
   3.4800000e+02   1.0000000e+00   8.2800000e-02
   3.4900000e+02   1.0000000e+00   7.6457143e-02
   3.5000000e+02   1.0000000e+00   7.0714286e-02
   3.5100000e+02   1.0000000e+00   6.6000000e-02
   3.5200000e+02   1.0000000e+00   6.3514286e-02
   3.5300000e+02   1.0000000e+00   6.2142857e-02
   3.5400000e+02   1.0000000e+00   6.0685714e-02
   3.5500000e+02   1.0000000e+00   5.9228571e-02
   3.5600000e+02   1.0000000e+00   5.7857143e-02
   3.5700000e+02   1.0000000e+00   5.6400000e-02
   3.5800000e+02   1.0000000e+00   5.4942857e-02
   3.5900000e+02   1.0000000e+00   5.3571429e-02
   3.6000000e+02   1.0000000e+00   5.2114286e-02
   3.6100000e+02   1.0000000e+00   5.0657143e-02
   3.6200000e+02   1.0000000e+00   4.9285714e-02
   3.6300000e+02   1.0000000e+00   4.7828571e-02
   3.6400000e+02   1.0000000e+00   4.6371429e-02
   3.6500000e+02   1.0000000e+00   4.5000000e-02
   3.6600000e+02   1.0000000e+00   4.3542857e-02
   3.6700000e+02   1.0000000e+00   4.2085714e-02
   3.6800000e+02   1.0000000e+00   4.0714286e-02
   3.6900000e+02   1.0000000e+00   3.9257143e-02
   3.7000000e+02   1.0000000e+00   3.7800000e-02
   3.7100000e+02   1.0000000e+00   3.6428571e-02
   3.7200000e+02   1.0000000e+00   3.4971429e-02
   3.7300000e+02   1.0000000e+00   3.3514286e-02
   3.7400000e+02   1.0000000e+00   3.2142857e-02
   3.7500000e+02   1.0000000e+00   3.0685714e-02
   3.7600000e+02   1.0000000e+00   2.9228571e-02
   3.7700000e+02   1.0000000e+00   2.7857143e-02
   3.7800000e+02   1.0000000e+00   2.6400000e-02
   3.7900000e+02   1.0000000e+00   2.4942857e-02
   3.8000000e+02   1.0000000e+00   2.3571429e-02
   3.8100000e+02   1.0000000e+00   2.2114286e-02
   3.8200000e+02   1.0000000e+00   2.0657143e-02
   3.8300000e+02   1.0000000e+00   1.9285714e-02
   3.8400000e+02   1.0000000e+00   1.7828571e-02
   3.8500000e+02   1.0000000e+00   1.6371429e-02
   3.8600000e+02   1.0000000e+00   1.5000000e-02
   3.8700000e+02   1.0000000e+00   1.3542857e-02
   3.8800000e+02   1.0000000e+00   1.2085714e-02
   3.8900000e+02   1.0000000e+00   1.0714286e-02
   3.9000000e+02   1.0000000e+00   9.2571429e-03
   3.9100000e+02   1.0000000e+00   7.8857143e-03
   3.9200000e+02   1.0000000e+00   6.4285714e-03
   3.9300000e+02   1.0000000e+00   4.9714286e-03
   3.9400000e+02   1.0000000e+00   3.6000000e-03
   3.9500000e+02   1.0000000e+00   2.1428571e-03
   3.9600000e+02   1.0000000e+00   6.8571429e-04
   3.9700000e+02   1.0000000e+00   0.0000000e+00
   3.9800000e+02   1.0000000e+00   0.0000000e+00
   3.9900000e+02   1.0000000e+00   0.0000000e+00
   4.0000000e+02   1.0000000e+00   0.0000000e+00
   4.0100000e+02   1.0000000e+00   0.0000000e+00
   4.0200000e+02   1.0000000e+00   0.0000000e+00
   4.0300000e+02   1.0000000e+00   0.0000000e+00
   4.0400000e+02   1.0000000e+00   0.0000000e+00
   4.0500000e+02   1.0000000e+00   0.0000000e+00
   4.0600000e+02   1.0000000e+00   0.0000000e+00
   4.0700000e+02   1.0000000e+00   0.0000000e+00
   4.0800000e+02   1.0000000e+00   0.0000000e+00
   4.0900000e+02   1.0000000e+00   0.0000000e+00
   4.1000000e+02   1.0000000e+00   0.0000000e+00
   4.1100000e+02   1.0000000e+00   0.0000000e+00
   4.1200000e+02   1.0000000e+00   0.0000000e+00
   4.1300000e+02   1.0000000e+00   0.0000000e+00
   4.1400000e+02   1.0000000e+00   0.0000000e+00
   4.1500000e+02   1.0000000e+00   0.0000000e+00
   4.1600000e+02   1.0000000e+00   0.0000000e+00
   4.1700000e+02   1.0000000e+00   0.0000000e+00
   4.1800000e+02   1.0000000e+00   0.0000000e+00
   4.1900000e+02   1.0000000e+00   0.0000000e+00
   4.2000000e+02   1.0000000e+00   0.0000000e+00
   4.2100000e+02   1.0000000e+00   0.0000000e+00
   4.2200000e+02   1.0000000e+00   0.0000000e+00
   4.2300000e+02   1.0000000e+00   0.0000000e+00
   4.2400000e+02   1.0000000e+00   0.0000000e+00
   4.2500000e+02   1.0000000e+00   0.0000000e+00
   4.2600000e+02   1.0000000e+00   0.0000000e+00
   4.2700000e+02   1.0000000e+00   0.0000000e+00
   4.2800000e+02   1.0000000e+00   0.0000000e+00
   4.2900000e+02   1.0000000e+00   0.0000000e+00
   4.3000000e+02   1.0000000e+00   0.0000000e+00
   4.3100000e+02   1.0000000e+00   0.0000000e+00
   4.3200000e+02   1.0000000e+00   0.0000000e+00
   4.3300000e+02   1.0000000e+00   0.0000000e+00
   4.3400000e+02   1.0000000e+00   0.0000000e+00
   4.3500000e+02   1.0000000e+00   0.0000000e+00
   4.3600000e+02   1.0000000e+00   0.0000000e+00
   4.3700000e+02   1.0000000e+00   0.0000000e+00
   4.3800000e+02   1.0000000e+00   0.0000000e+00
   4.3900000e+02   1.0000000e+00   0.0000000e+00
   4.4000000e+02   1.0000000e+00   0.0000000e+00
   4.4100000e+02   1.0000000e+00   0.0000000e+00
   4.4200000e+02   1.0000000e+00   0.0000000e+00
   4.4300000e+02   1.0000000e+00   0.0000000e+00
   4.4400000e+02   1.0000000e+00   0.0000000e+00
   4.4500000e+02   1.0000000e+00   0.0000000e+00
   4.4600000e+02   1.0000000e+00   0.0000000e+00
   4.4700000e+02   1.0000000e+00   0.0000000e+00
   4.4800000e+02   1.0000000e+00   0.0000000e+00
   4.4900000e+02   1.0000000e+00   0.0000000e+00
   4.5000000e+02   1.0000000e+00   0.0000000e+00
   4.5100000e+02   1.0000000e+00   0.0000000e+00
   4.5200000e+02   1.0000000e+00   0.0000000e+00
   4.5300000e+02   1.0000000e+00   0.0000000e+00
   4.5400000e+02   1.0000000e+00   0.0000000e+00
   4.5500000e+02   1.0000000e+00   0.0000000e+00
   4.5600000e+02   1.0000000e+00   0.0000000e+00
   4.5700000e+02   1.0000000e+00   0.0000000e+00
   4.5800000e+02   1.0000000e+00   0.0000000e+00
   4.5900000e+02   1.0000000e+00   0.0000000e+00
   4.6000000e+02   1.0000000e+00   0.0000000e+00
   4.6100000e+02   1.0000000e+00   0.0000000e+00
   4.6200000e+02   1.0000000e+00   0.0000000e+00
   4.6300000e+02   1.0000000e+00   0.0000000e+00
   4.6400000e+02   1.0000000e+00   0.0000000e+00
   4.6500000e+02   1.0000000e+00   0.0000000e+00
   4.6600000e+02   1.0000000e+00   0.0000000e+00
   4.6700000e+02   1.0000000e+00   0.0000000e+00
   4.6800000e+02   1.0000000e+00   0.0000000e+00
   4.6900000e+02   1.0000000e+00   0.0000000e+00
   4.7000000e+02   1.0000000e+00   0.0000000e+00
   4.7100000e+02   1.0000000e+00   0.0000000e+00
   4.7200000e+02   1.0000000e+00   0.0000000e+00
   4.7300000e+02   1.0000000e+00   0.0000000e+00
   4.7400000e+02   1.0000000e+00   0.0000000e+00
   4.7500000e+02   1.0000000e+00   0.0000000e+00
   4.7600000e+02   1.0000000e+00   0.0000000e+00
   4.7700000e+02   1.0000000e+00   0.0000000e+00
   4.7800000e+02   1.0000000e+00   0.0000000e+00
   4.7900000e+02   1.0000000e+00   0.0000000e+00
   4.8000000e+02   1.0000000e+00   0.0000000e+00
   4.8100000e+02   1.0000000e+00   0.0000000e+00
   4.8200000e+02   1.0000000e+00   0.0000000e+00
   4.8300000e+02   1.0000000e+00   0.0000000e+00
   4.8400000e+02   1.0000000e+00   0.0000000e+00
   4.8500000e+02   1.0000000e+00   0.0000000e+00
   4.8600000e+02   1.0000000e+00   0.0000000e+00
   4.8700000e+02   1.0000000e+00   0.0000000e+00
   4.8800000e+02   1.0000000e+00   0.0000000e+00
   4.8900000e+02   1.0000000e+00   0.0000000e+00
   4.9000000e+02   1.0000000e+00   0.0000000e+00
   4.9100000e+02   1.0000000e+00   0.0000000e+00
   4.9200000e+02   1.0000000e+00   0.0000000e+00
   4.9300000e+02   1.0000000e+00   0.0000000e+00
   4.9400000e+02   1.0000000e+00   0.0000000e+00
   4.9500000e+02   1.0000000e+00   0.0000000e+00
   4.9600000e+02   1.0000000e+00   0.0000000e+00
   4.9700000e+02   1.0000000e+00   0.0000000e+00
   4.9800000e+02   1.0000000e+00   0.0000000e+00
   4.9900000e+02   1.0000000e+00   0.0000000e+00
   5.0000000e+02   1.0000000e+00   0.0000000e+00
   5.0100000e+02   1.0000000e+00   0.0000000e+00
   5.0200000e+02   1.0000000e+00   0.0000000e+00
   5.0300000e+02   1.0000000e+00   0.0000000e+00
   5.0400000e+02   1.0000000e+00   0.0000000e+00
   5.0500000e+02   1.0000000e+00   0.0000000e+00
   5.0600000e+02   1.0000000e+00   0.0000000e+00
   5.0700000e+02   1.0000000e+00   0.0000000e+00
   5.0800000e+02   1.0000000e+00   0.0000000e+00
   5.0900000e+02   1.0000000e+00   0.0000000e+00
   5.1000000e+02   1.0000000e+00   0.0000000e+00
   5.1100000e+02   1.0000000e+00   0.0000000e+00
   5.1200000e+02   1.0000000e+00   0.0000000e+00
   5.1300000e+02   1.0000000e+00   0.0000000e+00
   5.1400000e+02   1.0000000e+00   0.0000000e+00
   5.1500000e+02   1.0000000e+00   0.0000000e+00
   5.1600000e+02   1.0000000e+00   0.0000000e+00
   5.1700000e+02   1.0000000e+00   0.0000000e+00
   5.1800000e+02   1.0000000e+00   0.0000000e+00
   5.1900000e+02   1.0000000e+00   0.0000000e+00
   5.2000000e+02   1.0000000e+00   0.0000000e+00
   5.2100000e+02   1.0000000e+00   0.0000000e+00
   5.2200000e+02   1.0000000e+00   0.0000000e+00
   5.2300000e+02   1.0000000e+00   0.0000000e+00
   5.2400000e+02   1.0000000e+00   0.0000000e+00
   5.2500000e+02   1.0000000e+00   7.1142857e-03
   5.2600000e+02   1.0000000e+00   1.0200000e-02
   5.2700000e+02   1.0000000e+00   5.1428571e-03
   5.2800000e+02   1.0000000e+00   0.0000000e+00
   5.2900000e+02   1.0000000e+00   0.0000000e+00
   5.3000000e+02   1.0000000e+00   0.0000000e+00
   5.3100000e+02   1.0000000e+00   0.0000000e+00
   5.3200000e+02   1.0000000e+00   0.0000000e+00
   5.3300000e+02   1.0000000e+00   0.0000000e+00
   5.3400000e+02   1.0000000e+00   5.9142857e-03
   5.3500000e+02   1.0000000e+00   7.0285714e-03
   5.3600000e+02   1.0000000e+00   8.0571429e-03
   5.3700000e+02   1.0000000e+00   7.2000000e-03
   5.3800000e+02   1.0000000e+00   8.4857143e-03
   5.3900000e+02   1.0000000e+00   1.1571429e-02
   5.4000000e+02   1.0000000e+00   1.0542857e-02
   5.4100000e+02   1.0000000e+00   9.4285714e-03
   5.4200000e+02   1.0000000e+00   8.6571429e-03
   5.4300000e+02   1.0000000e+00   7.8857143e-03
   5.4400000e+02   1.0000000e+00   7.2000000e-03
   5.4500000e+02   1.0000000e+00   1.1657143e-02
   5.4600000e+02   1.0000000e+00   2.3142857e-02
   5.4700000e+02   1.0000000e+00   2.1685714e-02
   5.4800000e+02   1.0000000e+00   2.0400000e-02
   5.4900000e+02   1.0000000e+00   1.9114286e-02
   5.5000000e+02   1.0000000e+00   2.1600000e-02
   5.5100000e+02   1.0000000e+00   2.1085714e-02
   5.5200000e+02   1.0000000e+00   2.1685714e-02
   5.5300000e+02   1.0000000e+00   2.0828571e-02
   5.5400000e+02   1.0000000e+00   1.9542857e-02
   5.5500000e+02   1.0000000e+00   1.9371429e-02
   5.5600000e+02   1.0000000e+00   1.9628571e-02
   5.5700000e+02   1.0000000e+00   1.9371429e-02
   5.5800000e+02   1.0000000e+00   1.8857143e-02
   5.5900000e+02   1.0000000e+00   1.8171429e-02
   5.6000000e+02   1.0000000e+00   1.6628571e-02
   5.6100000e+02   1.0000000e+00   1.7914286e-02
   5.6200000e+02   1.0000000e+00   1.8514286e-02
   5.6300000e+02   1.0000000e+00   1.8257143e-02
   5.6400000e+02   1.0000000e+00   2.0142857e-02
   5.6500000e+02   1.0000000e+00   2.2714286e-02
   5.6600000e+02   1.0000000e+00   2.4428571e-02
   5.6700000e+02   1.0000000e+00   2.4000000e-02
   5.6800000e+02   1.0000000e+00   2.3314286e-02
   5.6900000e+02   1.0000000e+00   2.2628571e-02
   5.7000000e+02   1.0000000e+00   2.1685714e-02
   5.7100000e+02   1.0000000e+00   2.0742857e-02
   5.7200000e+02   1.0000000e+00   2.6400000e-02
   5.7300000e+02   1.0000000e+00   2.9228571e-02
   5.7400000e+02   1.0000000e+00   2.8371429e-02
   5.7500000e+02   1.0000000e+00   2.6742857e-02
   5.7600000e+02   1.0000000e+00   2.5457143e-02
   5.7700000e+02   1.0000000e+00   2.3571429e-02
   5.7800000e+02   1.0000000e+00   2.2200000e-02
   5.7900000e+02   1.0000000e+00   2.0914286e-02
   5.8000000e+02   1.0000000e+00   1.9800000e-02
   5.8100000e+02   1.0000000e+00   1.9285714e-02
   5.8200000e+02   1.0000000e+00   1.8600000e-02
   5.8300000e+02   1.0000000e+00   1.8085714e-02
   5.8400000e+02   1.0000000e+00   1.7571429e-02
   5.8500000e+02   1.0000000e+00   1.6714286e-02
   5.8600000e+02   1.0000000e+00   1.5857143e-02
   5.8700000e+02   1.0000000e+00   1.5685714e-02
   5.8800000e+02   1.0000000e+00   1.5257143e-02
   5.8900000e+02   1.0000000e+00   1.4742857e-02
   5.9000000e+02   1.0000000e+00   1.4228571e-02
   5.9100000e+02   1.0000000e+00   1.3714286e-02
   5.9200000e+02   1.0000000e+00   1.3628571e-02
   5.9300000e+02   1.0000000e+00   1.3200000e-02
   5.9400000e+02   1.0000000e+00   1.3114286e-02
   5.9500000e+02   1.0000000e+00   1.3371429e-02
   5.9600000e+02   1.0000000e+00   1.4828571e-02
   5.9700000e+02   1.0000000e+00   1.6028571e-02
   5.9800000e+02   1.0000000e+00   1.6714286e-02
   5.9900000e+02   1.0000000e+00   1.7314286e-02
   6.0000000e+02   1.0000000e+00   1.7485714e-02
   6.0100000e+02   1.0000000e+00   1.7485714e-02
   6.0200000e+02   1.0000000e+00   3.0514286e-02
   6.0300000e+02   1.0000000e+00   1.4348571e-01
   6.0400000e+02   1.0000000e+00   1.2882857e-01
   6.0500000e+02   1.0000000e+00   1.4022857e-01
   6.0600000e+02   1.0000000e+00   1.3148571e-01
   6.0700000e+02   1.0000000e+00   1.0277143e-01
   6.0800000e+02   1.0000000e+00   8.4428571e-02
   6.0900000e+02   1.0000000e+00   8.9742857e-02
   6.1000000e+02   1.0000000e+00   9.3942857e-02
   6.1100000e+02   1.0000000e+00   1.6362857e-01
   6.1200000e+02   1.0000000e+00   1.6457143e-01
   6.1300000e+02   1.0000000e+00   1.9671429e-01
   6.1400000e+02   1.0000000e+00   1.4451429e-01
   6.1500000e+02   1.0000000e+00   1.5094286e-01
   6.1600000e+02   1.0000000e+00   2.0785714e-01
   6.1700000e+02   1.0000000e+00   1.4725714e-01
   6.1800000e+02   1.0000000e+00   1.1760000e-01
   6.1900000e+02   1.0000000e+00   1.0980000e-01
   6.2000000e+02   1.0000000e+00   1.3765714e-01
   6.2100000e+02   1.0000000e+00   2.6160000e-01
   6.2200000e+02   1.0000000e+00   4.4811429e-01
   6.2300000e+02   1.0000000e+00   3.0977143e-01
   6.2400000e+02   1.0000000e+00   2.0965714e-01
   6.2500000e+02   1.0000000e+00   1.7957143e-01
   6.2600000e+02   1.0000000e+00   2.5782857e-01
   6.2700000e+02   1.0000000e+00   4.0405714e-01
   6.2800000e+02   1.0000000e+00   3.9634286e-01
   6.2900000e+02   1.0000000e+00   3.0480000e-01
   6.3000000e+02   1.0000000e+00   2.1017143e-01
   6.3100000e+02   1.0000000e+00   1.7905714e-01
   6.3200000e+02   1.0000000e+00   6.2142857e-01
   6.3300000e+02   1.0000000e+00   7.3071429e-01
   6.3400000e+02   1.0000000e+00   5.5817143e-01
   6.3500000e+02   1.0000000e+00   4.4665714e-01
   6.3600000e+02   1.0000000e+00   5.8551429e-01
   6.3700000e+02   1.0000000e+00   9.5537143e-01
   6.3800000e+02   1.0000000e+00   9.1191429e-01
   6.3900000e+02   1.0000000e+00   7.5265714e-01
   6.4000000e+02   1.0000000e+00   1.3797429e+00
   6.4100000e+02   1.0000000e+00   1.7207143e+00
   6.4200000e+02   1.0000000e+00   1.9271143e+00
   6.4300000e+02   1.0000000e+00   1.9022571e+00
   6.4400000e+02   1.0000000e+00   1.6068000e+00
   6.4500000e+02   1.0000000e+00   1.4778857e+00
   6.4600000e+02   1.0000000e+00   1.2876000e+00
   6.4700000e+02   1.0000000e+00   1.4561143e+00
   6.4800000e+02   1.0000000e+00   1.2621429e+00
   6.4900000e+02   1.0000000e+00   1.0432286e+00
   6.5000000e+02   1.0000000e+00   1.1575714e+00
   6.5100000e+02   1.0000000e+00   1.3423714e+00
   6.5200000e+02   1.0000000e+00   1.7965714e+00
   6.5300000e+02   1.0000000e+00   2.0081143e+00
   6.5400000e+02   1.0000000e+00   2.1984857e+00
   6.5500000e+02   1.0000000e+00   2.3186571e+00
   6.5600000e+02   1.0000000e+00   2.0861143e+00
   6.5700000e+02   1.0000000e+00   1.7531143e+00
   6.5800000e+02   1.0000000e+00   1.4105143e+00
   6.5900000e+02   1.0000000e+00   1.1499429e+00
   6.6000000e+02   1.0000000e+00   1.2236571e+00
   6.6100000e+02   1.0000000e+00   1.4761714e+00
   6.6200000e+02   1.0000000e+00   1.7492571e+00
   6.6300000e+02   1.0000000e+00   1.6150286e+00
   6.6400000e+02   1.0000000e+00   1.6716000e+00
   6.6500000e+02   1.0000000e+00   1.6855714e+00
   6.6600000e+02   1.0000000e+00   1.4708571e+00
   6.6700000e+02   1.0000000e+00   1.2764571e+00
   6.6800000e+02   1.0000000e+00   1.2762857e+00
   6.6900000e+02   1.0000000e+00   1.2282000e+00
   6.7000000e+02   1.0000000e+00   1.1475429e+00
   6.7100000e+02   1.0000000e+00   1.0938857e+00
   6.7200000e+02   1.0000000e+00   1.0960286e+00
   6.7300000e+02   1.0000000e+00   1.0324286e+00
   6.7400000e+02   1.0000000e+00   9.5057143e-01
   6.7500000e+02   1.0000000e+00   8.2997143e-01
   6.7600000e+02   1.0000000e+00   6.7620000e-01
   6.7700000e+02   1.0000000e+00   1.0922571e+00
   6.7800000e+02   1.0000000e+00   1.6997143e+00
   6.7900000e+02   1.0000000e+00   1.5796286e+00
   6.8000000e+02   1.0000000e+00   1.4721429e+00
   6.8100000e+02   1.0000000e+00   1.1097429e+00
   6.8200000e+02   1.0000000e+00   1.0464000e+00
   6.8300000e+02   1.0000000e+00   1.1070000e+00
   6.8400000e+02   1.0000000e+00   1.1232857e+00
   6.8500000e+02   1.0000000e+00   1.0330286e+00
   6.8600000e+02   1.0000000e+00   8.0914286e-01
   6.8700000e+02   1.0000000e+00   6.7157143e-01
   6.8800000e+02   1.0000000e+00   5.9820000e-01
   6.8900000e+02   1.0000000e+00   5.8851429e-01
   6.9000000e+02   1.0000000e+00   6.1628571e-01
   6.9100000e+02   1.0000000e+00   5.4437143e-01
   6.9200000e+02   1.0000000e+00   4.5900000e-01
   6.9300000e+02   1.0000000e+00   4.0148571e-01
   6.9400000e+02   1.0000000e+00   3.8708571e-01
   6.9500000e+02   1.0000000e+00   4.2591429e-01
   6.9600000e+02   1.0000000e+00   3.8580000e-01
   6.9700000e+02   1.0000000e+00   3.3257143e-01
   6.9800000e+02   1.0000000e+00   2.9614286e-01
   6.9900000e+02   1.0000000e+00   2.6185714e-01
   7.0000000e+02   1.0000000e+00   2.3280000e-01
   7.0100000e+02   1.0000000e+00   2.1308571e-01
   7.0200000e+02   1.0000000e+00   2.0254286e-01
   7.0300000e+02   1.0000000e+00   1.8651429e-01
   7.0400000e+02   1.0000000e+00   1.6765714e-01
   7.0500000e+02   1.0000000e+00   1.5154286e-01
   7.0600000e+02   1.0000000e+00   1.3688571e-01
   7.0700000e+02   1.0000000e+00   1.2471429e-01
   7.0800000e+02   1.0000000e+00   1.1322857e-01
   7.0900000e+02   1.0000000e+00   1.0302857e-01
   7.1000000e+02   1.0000000e+00   9.4285714e-02
   7.1100000e+02   1.0000000e+00   8.6142857e-02
   7.1200000e+02   1.0000000e+00   7.9371429e-02
   7.1300000e+02   1.0000000e+00   7.3800000e-02
   7.1400000e+02   1.0000000e+00   6.7457143e-02
   7.1500000e+02   1.0000000e+00   6.3000000e-02
   7.1600000e+02   1.0000000e+00   5.8800000e-02
   7.1700000e+02   1.0000000e+00   5.5114286e-02
   7.1800000e+02   1.0000000e+00   5.1685714e-02
   7.1900000e+02   1.0000000e+00   4.8257143e-02
   7.2000000e+02   1.0000000e+00   4.6028571e-02
   7.2100000e+02   1.0000000e+00   4.3628571e-02
   7.2200000e+02   1.0000000e+00   4.1228571e-02
   7.2300000e+02   1.0000000e+00   3.9600000e-02
   7.2400000e+02   1.0000000e+00   3.7971429e-02
   7.2500000e+02   1.0000000e+00   3.6171429e-02
   7.2600000e+02   1.0000000e+00   3.4885714e-02
   7.2700000e+02   1.0000000e+00   3.4028571e-02
   7.2800000e+02   1.0000000e+00   3.2571429e-02
   7.2900000e+02   1.0000000e+00   3.1457143e-02
   7.3000000e+02   1.0000000e+00   3.0600000e-02
   7.3100000e+02   1.0000000e+00   2.9828571e-02
   7.3200000e+02   1.0000000e+00   2.8971429e-02
   7.3300000e+02   1.0000000e+00   2.8200000e-02
   7.3400000e+02   1.0000000e+00   2.7428571e-02
   7.3500000e+02   1.0000000e+00   2.6657143e-02
   7.3600000e+02   1.0000000e+00   2.5885714e-02
   7.3700000e+02   1.0000000e+00   2.5114286e-02
   7.3800000e+02   1.0000000e+00   2.4428571e-02
   7.3900000e+02   1.0000000e+00   2.3742857e-02
   7.4000000e+02   1.0000000e+00   2.3228571e-02
   7.4100000e+02   1.0000000e+00   2.3057143e-02
   7.4200000e+02   1.0000000e+00   2.2371429e-02
   7.4300000e+02   1.0000000e+00   2.1857143e-02
   7.4400000e+02   1.0000000e+00   2.1685714e-02
   7.4500000e+02   1.0000000e+00   2.1000000e-02
   7.4600000e+02   1.0000000e+00   2.0314286e-02
   7.4700000e+02   1.0000000e+00   1.9885714e-02
   7.4800000e+02   1.0000000e+00   1.9885714e-02
   7.4900000e+02   1.0000000e+00   1.9885714e-02
   7.5000000e+02   1.0000000e+00   1.9371429e-02
   7.5100000e+02   1.0000000e+00   1.9285714e-02
   7.5200000e+02   1.0000000e+00   1.9285714e-02
   7.5300000e+02   1.0000000e+00   1.9285714e-02
   7.5400000e+02   1.0000000e+00   1.9285714e-02
   7.5500000e+02   1.0000000e+00   1.9285714e-02
   7.5600000e+02   1.0000000e+00   1.9285714e-02
   7.5700000e+02   1.0000000e+00   1.8771429e-02
   7.5800000e+02   1.0000000e+00   1.8685714e-02
   7.5900000e+02   1.0000000e+00   1.8685714e-02
   7.6000000e+02   1.0000000e+00  -8.5705714e+01
