   3.1000000e+01   1.0000000e+00   0.0000000e+00
   3.2000000e+01   1.0000000e+00   0.0000000e+00
   3.3000000e+01   1.0000000e+00   0.0000000e+00
   3.4000000e+01   1.0000000e+00   0.0000000e+00
   3.5000000e+01   1.0000000e+00   0.0000000e+00
   3.6000000e+01   1.0000000e+00   0.0000000e+00
   3.7000000e+01   1.0000000e+00   0.0000000e+00
   3.8000000e+01   1.0000000e+00   0.0000000e+00
   3.9000000e+01   1.0000000e+00   0.0000000e+00
   4.0000000e+01   1.0000000e+00   0.0000000e+00
   4.1000000e+01   1.0000000e+00   0.0000000e+00
   4.2000000e+01   1.0000000e+00   0.0000000e+00
   4.3000000e+01   1.0000000e+00   0.0000000e+00
   4.4000000e+01   1.0000000e+00   0.0000000e+00
   4.5000000e+01   1.0000000e+00   0.0000000e+00
   4.6000000e+01   1.0000000e+00   0.0000000e+00
   4.7000000e+01   1.0000000e+00   0.0000000e+00
   4.8000000e+01   1.0000000e+00   0.0000000e+00
   4.9000000e+01   1.0000000e+00   0.0000000e+00
   5.0000000e+01   1.0000000e+00   0.0000000e+00
   5.1000000e+01   1.0000000e+00   0.0000000e+00
   5.2000000e+01   1.0000000e+00   0.0000000e+00
   5.3000000e+01   1.0000000e+00   0.0000000e+00
   5.4000000e+01   1.0000000e+00   0.0000000e+00
   5.5000000e+01   1.0000000e+00   0.0000000e+00
   5.6000000e+01   1.0000000e+00   0.0000000e+00
   5.7000000e+01   1.0000000e+00   0.0000000e+00
   5.8000000e+01   1.0000000e+00   0.0000000e+00
   5.9000000e+01   1.0000000e+00   0.0000000e+00
   6.0000000e+01   1.0000000e+00   0.0000000e+00
   6.1000000e+01   1.0000000e+00   0.0000000e+00
   6.2000000e+01   1.0000000e+00   0.0000000e+00
   6.3000000e+01   1.0000000e+00   0.0000000e+00
   6.4000000e+01   1.0000000e+00   0.0000000e+00
   6.5000000e+01   1.0000000e+00   0.0000000e+00
   6.6000000e+01   1.0000000e+00   0.0000000e+00
   6.7000000e+01   1.0000000e+00   0.0000000e+00
   6.8000000e+01   1.0000000e+00   0.0000000e+00
   6.9000000e+01   1.0000000e+00   0.0000000e+00
   7.0000000e+01   1.0000000e+00   0.0000000e+00
   7.1000000e+01   1.0000000e+00   0.0000000e+00
   7.2000000e+01   1.0000000e+00   0.0000000e+00
   7.3000000e+01   1.0000000e+00   0.0000000e+00
   7.4000000e+01   1.0000000e+00   0.0000000e+00
   7.5000000e+01   1.0000000e+00   0.0000000e+00
   7.6000000e+01   1.0000000e+00   0.0000000e+00
   7.7000000e+01   1.0000000e+00   0.0000000e+00
   7.8000000e+01   1.0000000e+00   0.0000000e+00
   7.9000000e+01   1.0000000e+00   0.0000000e+00
   8.0000000e+01   1.0000000e+00   0.0000000e+00
   8.1000000e+01   1.0000000e+00   0.0000000e+00
   8.2000000e+01   1.0000000e+00   0.0000000e+00
   8.3000000e+01   1.0000000e+00   0.0000000e+00
   8.4000000e+01   1.0000000e+00   0.0000000e+00
   8.5000000e+01   1.0000000e+00   0.0000000e+00
   8.6000000e+01   1.0000000e+00   0.0000000e+00
   8.7000000e+01   1.0000000e+00   0.0000000e+00
   8.8000000e+01   1.0000000e+00   0.0000000e+00
   8.9000000e+01   1.0000000e+00   0.0000000e+00
   9.0000000e+01   1.0000000e+00   0.0000000e+00
   9.1000000e+01   1.0000000e+00   0.0000000e+00
   9.2000000e+01   1.0000000e+00   0.0000000e+00
   9.3000000e+01   1.0000000e+00   0.0000000e+00
   9.4000000e+01   1.0000000e+00   0.0000000e+00
   9.5000000e+01   1.0000000e+00   0.0000000e+00
   9.6000000e+01   1.0000000e+00   0.0000000e+00
   9.7000000e+01   1.0000000e+00   0.0000000e+00
   9.8000000e+01   1.0000000e+00   0.0000000e+00
   9.9000000e+01   1.0000000e+00   0.0000000e+00
   1.0000000e+02   1.0000000e+00   0.0000000e+00
   1.0100000e+02   1.0000000e+00   0.0000000e+00
   1.0200000e+02   1.0000000e+00   0.0000000e+00
   1.0300000e+02   1.0000000e+00   0.0000000e+00
   1.0400000e+02   1.0000000e+00   0.0000000e+00
   1.0500000e+02   1.0000000e+00   0.0000000e+00
   1.0600000e+02   1.0000000e+00   0.0000000e+00
   1.0700000e+02   1.0000000e+00   0.0000000e+00
   1.0800000e+02   1.0000000e+00   0.0000000e+00
   1.0900000e+02   1.0000000e+00   0.0000000e+00
   1.1000000e+02   1.0000000e+00   0.0000000e+00
   1.1100000e+02   1.0000000e+00   0.0000000e+00
   1.1200000e+02   1.0000000e+00   0.0000000e+00
   1.1300000e+02   1.0000000e+00   0.0000000e+00
   1.1400000e+02   1.0000000e+00   0.0000000e+00
   1.1500000e+02   1.0000000e+00   0.0000000e+00
   1.1600000e+02   1.0000000e+00   0.0000000e+00
   1.1700000e+02   1.0000000e+00   0.0000000e+00
   1.1800000e+02   1.0000000e+00   0.0000000e+00
   1.1900000e+02   1.0000000e+00   0.0000000e+00
   1.2000000e+02   1.0000000e+00   0.0000000e+00
   1.2100000e+02   1.0000000e+00   0.0000000e+00
   1.2200000e+02   1.0000000e+00   0.0000000e+00
   1.2300000e+02   1.0000000e+00   0.0000000e+00
   1.2400000e+02   1.0000000e+00   0.0000000e+00
   1.2500000e+02   1.0000000e+00   0.0000000e+00
   1.2600000e+02   1.0000000e+00   0.0000000e+00
   1.2700000e+02   1.0000000e+00   0.0000000e+00
   1.2800000e+02   1.0000000e+00   0.0000000e+00
   1.2900000e+02   1.0000000e+00   0.0000000e+00
   1.3000000e+02   1.0000000e+00   0.0000000e+00
   1.3100000e+02   1.0000000e+00   0.0000000e+00
   1.3200000e+02   1.0000000e+00   0.0000000e+00
   1.3300000e+02   1.0000000e+00   0.0000000e+00
   1.3400000e+02   1.0000000e+00   0.0000000e+00
   1.3500000e+02   1.0000000e+00   0.0000000e+00
   1.3600000e+02   1.0000000e+00   0.0000000e+00
   1.3700000e+02   1.0000000e+00   0.0000000e+00
   1.3800000e+02   1.0000000e+00   0.0000000e+00
   1.3900000e+02   1.0000000e+00   0.0000000e+00
   1.4000000e+02   1.0000000e+00   0.0000000e+00
   1.4100000e+02   1.0000000e+00   0.0000000e+00
   1.4200000e+02   1.0000000e+00   0.0000000e+00
   1.4300000e+02   1.0000000e+00   0.0000000e+00
   1.4400000e+02   1.0000000e+00   0.0000000e+00
   1.4500000e+02   1.0000000e+00   0.0000000e+00
   1.4600000e+02   1.0000000e+00   0.0000000e+00
   1.4700000e+02   1.0000000e+00   0.0000000e+00
   1.4800000e+02   1.0000000e+00   0.0000000e+00
   1.4900000e+02   1.0000000e+00   0.0000000e+00
   1.5000000e+02   1.0000000e+00   0.0000000e+00
   1.5100000e+02   1.0000000e+00   0.0000000e+00
   1.5200000e+02   1.0000000e+00   0.0000000e+00
   1.5300000e+02   1.0000000e+00   0.0000000e+00
   1.5400000e+02   1.0000000e+00   0.0000000e+00
   1.5500000e+02   1.0000000e+00   0.0000000e+00
   1.5600000e+02   1.0000000e+00   0.0000000e+00
   1.5700000e+02   1.0000000e+00   0.0000000e+00
   1.5800000e+02   1.0000000e+00   0.0000000e+00
   1.5900000e+02   1.0000000e+00   0.0000000e+00
   1.6000000e+02   1.0000000e+00   0.0000000e+00
   1.6100000e+02   1.0000000e+00   0.0000000e+00
   1.6200000e+02   1.0000000e+00   0.0000000e+00
   1.6300000e+02   1.0000000e+00   0.0000000e+00
   1.6400000e+02   1.0000000e+00   0.0000000e+00
   1.6500000e+02   1.0000000e+00   0.0000000e+00
   1.6600000e+02   1.0000000e+00   0.0000000e+00
   1.6700000e+02   1.0000000e+00   0.0000000e+00
   1.6800000e+02   1.0000000e+00   0.0000000e+00
   1.6900000e+02   1.0000000e+00   0.0000000e+00
   1.7000000e+02   1.0000000e+00   0.0000000e+00
   1.7100000e+02   1.0000000e+00   0.0000000e+00
   1.7200000e+02   1.0000000e+00   0.0000000e+00
   1.7300000e+02   1.0000000e+00   0.0000000e+00
   1.7400000e+02   1.0000000e+00   0.0000000e+00
   1.7500000e+02   1.0000000e+00   0.0000000e+00
   1.7600000e+02   1.0000000e+00   0.0000000e+00
   1.7700000e+02   1.0000000e+00   0.0000000e+00
   1.7800000e+02   1.0000000e+00   0.0000000e+00
   1.7900000e+02   1.0000000e+00   0.0000000e+00
   1.8000000e+02   1.0000000e+00   0.0000000e+00
   1.8100000e+02   1.0000000e+00   0.0000000e+00
   1.8200000e+02   1.0000000e+00   0.0000000e+00
   1.8300000e+02   1.0000000e+00   0.0000000e+00
   1.8400000e+02   1.0000000e+00   0.0000000e+00
   1.8500000e+02   1.0000000e+00   0.0000000e+00
   1.8600000e+02   1.0000000e+00   0.0000000e+00
   1.8700000e+02   1.0000000e+00   0.0000000e+00
   1.8800000e+02   1.0000000e+00   0.0000000e+00
   1.8900000e+02   1.0000000e+00   0.0000000e+00
   1.9000000e+02   1.0000000e+00   0.0000000e+00
   1.9100000e+02   1.0000000e+00   0.0000000e+00
   1.9200000e+02   1.0000000e+00   0.0000000e+00
   1.9300000e+02   1.0000000e+00   1.0285714e-04
   1.9400000e+02   1.0000000e+00   2.0571429e-04
   1.9500000e+02   1.0000000e+00   2.0571429e-04
   1.9600000e+02   1.0000000e+00   2.0571429e-04
   1.9700000e+02   1.0000000e+00   2.0571429e-04
   1.9800000e+02   1.0000000e+00   2.0571429e-04
   1.9900000e+02   1.0000000e+00   2.0571429e-04
   2.0000000e+02   1.0000000e+00   2.0571429e-04
   2.0100000e+02   1.0000000e+00   2.0571429e-04
   2.0200000e+02   1.0000000e+00   2.0571429e-04
   2.0300000e+02   1.0000000e+00   2.0571429e-04
   2.0400000e+02   1.0000000e+00   2.0571429e-04
   2.0500000e+02   1.0000000e+00   2.0571429e-04
   2.0600000e+02   1.0000000e+00   2.0571429e-04
   2.0700000e+02   1.0000000e+00   1.0285714e-04
   2.0800000e+02   1.0000000e+00   0.0000000e+00
   2.0900000e+02   1.0000000e+00   1.0285714e-04
   2.1000000e+02   1.0000000e+00   1.5685714e-03
   2.1100000e+02   1.0000000e+00   9.3000000e-03
   2.1200000e+02   1.0000000e+00   2.4522857e-02
   2.1300000e+02   1.0000000e+00   3.8142857e-02
   2.1400000e+02   1.0000000e+00   3.7320000e-02
   2.1500000e+02   1.0000000e+00   2.7368571e-02
   2.1600000e+02   1.0000000e+00   1.8711429e-02
   2.1700000e+02   1.0000000e+00   1.5051429e-02
   2.1800000e+02   1.0000000e+00   3.8957143e-02
   2.1900000e+02   1.0000000e+00   5.4128571e-02
   2.2000000e+02   1.0000000e+00   3.8220000e-02
   2.2100000e+02   1.0000000e+00   2.6254286e-02
   2.2200000e+02   1.0000000e+00   2.0580000e-02
   2.2300000e+02   1.0000000e+00   1.7640000e-02
   2.2400000e+02   1.0000000e+00   1.3508571e-02
   2.2500000e+02   1.0000000e+00   2.9520000e-02
   2.2600000e+02   1.0000000e+00   4.1665714e-02
   2.2700000e+02   1.0000000e+00   5.6134286e-02
   2.2800000e+02   1.0000000e+00   4.8591429e-02
   2.2900000e+02   1.0000000e+00   3.6411429e-02
   2.3000000e+02   1.0000000e+00   2.8508571e-02
   2.3100000e+02   1.0000000e+00   2.8611429e-02
   2.3200000e+02   1.0000000e+00   6.4482857e-02
   2.3300000e+02   1.0000000e+00   6.4800000e-02
   2.3400000e+02   1.0000000e+00   5.4102857e-02
   2.3500000e+02   1.0000000e+00   5.8800000e-02
   2.3600000e+02   1.0000000e+00   4.9997143e-02
   2.3700000e+02   1.0000000e+00   4.7597143e-02
   2.3800000e+02   1.0000000e+00   3.7620000e-02
   2.3900000e+02   1.0000000e+00   2.7968571e-02
   2.4000000e+02   1.0000000e+00   2.1137143e-02
   2.4100000e+02   1.0000000e+00   1.6714286e-02
   2.4200000e+02   1.0000000e+00   1.5565714e-02
   2.4300000e+02   1.0000000e+00   5.5971429e-02
   2.4400000e+02   1.0000000e+00   2.3811429e-01
   2.4500000e+02   1.0000000e+00   1.8685714e-01
   2.4600000e+02   1.0000000e+00   1.3200000e-01
   2.4700000e+02   1.0000000e+00   1.3362857e-01
   2.4800000e+02   1.0000000e+00   4.9980000e-01
   2.4900000e+02   1.0000000e+00   4.6877143e-01
   2.5000000e+02   1.0000000e+00   2.0245714e-01
   2.5100000e+02   1.0000000e+00   2.1891429e-01
   2.5200000e+02   1.0000000e+00   2.4737143e-01
   2.5300000e+02   1.0000000e+00   3.5400000e-01
   2.5400000e+02   1.0000000e+00   4.7742857e-01
   2.5500000e+02   1.0000000e+00   4.6662857e-01
   2.5600000e+02   1.0000000e+00   6.7097143e-01
   2.5700000e+02   1.0000000e+00   8.3365714e-01
   2.5800000e+02   1.0000000e+00   6.9360000e-01
   2.5900000e+02   1.0000000e+00   9.3857143e-01
   2.6000000e+02   1.0000000e+00   8.1762857e-01
   2.6100000e+02   1.0000000e+00   7.8240000e-01
   2.6200000e+02   1.0000000e+00   8.8028571e-01
   2.6300000e+02   1.0000000e+00   7.8565714e-01
   2.6400000e+02   1.0000000e+00   7.5197143e-01
   2.6500000e+02   1.0000000e+00   8.1617143e-01
   2.6600000e+02   1.0000000e+00   9.5057143e-01
   2.6700000e+02   1.0000000e+00   7.4648571e-01
   2.6800000e+02   1.0000000e+00   6.5142857e-01
   2.6900000e+02   1.0000000e+00   5.9271429e-01
   2.7000000e+02   1.0000000e+00   5.3074286e-01
   2.7100000e+02   1.0000000e+00   6.1037143e-01
   2.7200000e+02   1.0000000e+00   7.1220000e-01
   2.7300000e+02   1.0000000e+00   1.0380000e+00
   2.7400000e+02   1.0000000e+00   1.0920000e+00
   2.7500000e+02   1.0000000e+00   9.5828571e-01
   2.7600000e+02   1.0000000e+00   8.4497143e-01
   2.7700000e+02   1.0000000e+00   7.4674286e-01
   2.7800000e+02   1.0000000e+00   7.5917143e-01
   2.7900000e+02   1.0000000e+00   1.4880000e+00
   2.8000000e+02   1.0000000e+00   2.0468571e+00
   2.8100000e+02   1.0000000e+00   1.9542857e+00
   2.8200000e+02   1.0000000e+00   1.6114286e+00
   2.8300000e+02   1.0000000e+00   1.2925714e+00
   2.8400000e+02   1.0000000e+00   1.0971429e+00
   2.8500000e+02   1.0000000e+00   9.6600000e-01
   2.8600000e+02   1.0000000e+00   9.5314286e-01
   2.8700000e+02   1.0000000e+00   1.2171429e+00
   2.8800000e+02   1.0000000e+00   2.0468571e+00
   2.8900000e+02   1.0000000e+00   2.5928571e+00
   2.9000000e+02   1.0000000e+00   2.4805714e+00
   2.9100000e+02   1.0000000e+00   2.7557143e+00
   2.9200000e+02   1.0000000e+00   2.8157143e+00
   2.9300000e+02   1.0000000e+00   2.5894286e+00
   2.9400000e+02   1.0000000e+00   2.3974286e+00
   2.9500000e+02   1.0000000e+00   2.2611429e+00
   2.9600000e+02   1.0000000e+00   1.9542857e+00
   2.9700000e+02   1.0000000e+00   1.7237143e+00
   2.9800000e+02   1.0000000e+00   1.7151429e+00
   2.9900000e+02   1.0000000e+00   1.5574286e+00
   3.0000000e+02   1.0000000e+00   1.3774286e+00
   3.0100000e+02   1.0000000e+00   1.1520000e+00
   3.0200000e+02   1.0000000e+00   9.6857143e-01
   3.0300000e+02   1.0000000e+00   8.6828571e-01
   3.0400000e+02   1.0000000e+00   1.0002857e+00
   3.0500000e+02   1.0000000e+00   1.1571429e+00
   3.0600000e+02   1.0000000e+00   1.6440000e+00
   3.0700000e+02   1.0000000e+00   1.6071429e+00
   3.0800000e+02   1.0000000e+00   1.4742857e+00
   3.0900000e+02   1.0000000e+00   1.2171429e+00
   3.1000000e+02   1.0000000e+00   1.2908571e+00
   3.1100000e+02   1.0000000e+00   1.5394286e+00
   3.1200000e+02   1.0000000e+00   1.5900000e+00
   3.1300000e+02   1.0000000e+00   1.5411429e+00
   3.1400000e+02   1.0000000e+00   1.3140000e+00
   3.1500000e+02   1.0000000e+00   1.0740000e+00
   3.1600000e+02   1.0000000e+00   9.8571429e-01
   3.1700000e+02   1.0000000e+00   8.8628571e-01
   3.1800000e+02   1.0000000e+00   8.0237143e-01
   3.1900000e+02   1.0000000e+00   8.6828571e-01
   3.2000000e+02   1.0000000e+00   9.3514286e-01
   3.2100000e+02   1.0000000e+00   7.7888571e-01
   3.2200000e+02   1.0000000e+00   6.6008571e-01
   3.2300000e+02   1.0000000e+00   5.8508571e-01
   3.2400000e+02   1.0000000e+00   5.2097143e-01
   3.2500000e+02   1.0000000e+00   4.6551429e-01
   3.2600000e+02   1.0000000e+00   4.1005714e-01
   3.2700000e+02   1.0000000e+00   3.6188571e-01
   3.2800000e+02   1.0000000e+00   3.2485714e-01
   3.2900000e+02   1.0000000e+00   3.0197143e-01
   3.3000000e+02   1.0000000e+00   2.7917143e-01
   3.3100000e+02   1.0000000e+00   2.5380000e-01
   3.3200000e+02   1.0000000e+00   2.3271429e-01
   3.3300000e+02   1.0000000e+00   2.1274286e-01
   3.3400000e+02   1.0000000e+00   1.9448571e-01
   3.3500000e+02   1.0000000e+00   1.7571429e-01
   3.3600000e+02   1.0000000e+00   1.5702857e-01
   3.3700000e+02   1.0000000e+00   1.3962857e-01
   3.3800000e+02   1.0000000e+00   1.2651429e-01
   3.3900000e+02   1.0000000e+00   1.1391429e-01
   3.4000000e+02   1.0000000e+00   1.1100000e-01
   3.4100000e+02   1.0000000e+00   1.0491429e-01
   3.4200000e+02   1.0000000e+00   9.1885714e-02
   3.4300000e+02   1.0000000e+00   8.1514286e-02
   3.4400000e+02   1.0000000e+00   7.5094286e-02
   3.4500000e+02   1.0000000e+00   6.8374286e-02
   3.4600000e+02   1.0000000e+00   6.1774286e-02
   3.4700000e+02   1.0000000e+00   5.5397143e-02
   3.4800000e+02   1.0000000e+00   4.9002857e-02
   3.4900000e+02   1.0000000e+00   4.3551429e-02
   3.5000000e+02   1.0000000e+00   3.8211429e-02
   3.5100000e+02   1.0000000e+00   3.5048571e-02
   3.5200000e+02   1.0000000e+00   3.1602857e-02
   3.5300000e+02   1.0000000e+00   2.8457143e-02
   3.5400000e+02   1.0000000e+00   2.5551429e-02
   3.5500000e+02   1.0000000e+00   2.2388571e-02
   3.5600000e+02   1.0000000e+00   1.9971429e-02
   3.5700000e+02   1.0000000e+00   1.8060000e-02
   3.5800000e+02   1.0000000e+00   1.6671429e-02
   3.5900000e+02   1.0000000e+00   1.4700000e-02
   3.6000000e+02   1.0000000e+00   1.3851429e-02
   3.6100000e+02   1.0000000e+00   1.2762857e-02
   3.6200000e+02   1.0000000e+00   1.0842857e-02
   3.6300000e+02   1.0000000e+00   9.3257143e-03
   3.6400000e+02   1.0000000e+00   8.5628571e-03
   3.6500000e+02   1.0000000e+00   7.8257143e-03
   3.6600000e+02   1.0000000e+00   7.0628571e-03
   3.6700000e+02   1.0000000e+00   6.5400000e-03
   3.6800000e+02   1.0000000e+00   6.0514286e-03
   3.6900000e+02   1.0000000e+00   5.5542857e-03
   3.7000000e+02   1.0000000e+00   5.0571429e-03
   3.7100000e+02   1.0000000e+00   4.5600000e-03
   3.7200000e+02   1.0000000e+00   4.0542857e-03
   3.7300000e+02   1.0000000e+00   3.5657143e-03
   3.7400000e+02   1.0000000e+00   3.0600000e-03
   3.7500000e+02   1.0000000e+00   2.5628571e-03
   3.7600000e+02   1.0000000e+00   2.0914286e-03
   3.7700000e+02   1.0000000e+00   1.8600000e-03
   3.7800000e+02   1.0000000e+00   1.6542857e-03
   3.7900000e+02   1.0000000e+00   1.4485714e-03
   3.8000000e+02   1.0000000e+00   1.2428571e-03
   3.8100000e+02   1.0000000e+00   1.0371429e-03
   3.8200000e+02   1.0000000e+00   8.2285714e-04
   3.8300000e+02   1.0000000e+00   6.1714286e-04
   3.8400000e+02   1.0000000e+00   4.1142857e-04
   3.8500000e+02   1.0000000e+00   2.1428571e-04
   3.8600000e+02   1.0000000e+00   2.5714286e-05
   3.8700000e+02   1.0000000e+00   0.0000000e+00
   3.8800000e+02   1.0000000e+00   0.0000000e+00
   3.8900000e+02   1.0000000e+00   0.0000000e+00
   3.9000000e+02   1.0000000e+00   0.0000000e+00
   3.9100000e+02   1.0000000e+00   0.0000000e+00
   3.9200000e+02   1.0000000e+00   0.0000000e+00
   3.9300000e+02   1.0000000e+00   0.0000000e+00
   3.9400000e+02   1.0000000e+00   0.0000000e+00
   3.9500000e+02   1.0000000e+00   0.0000000e+00
   3.9600000e+02   1.0000000e+00   0.0000000e+00
   3.9700000e+02   1.0000000e+00   0.0000000e+00
   3.9800000e+02   1.0000000e+00   0.0000000e+00
   3.9900000e+02   1.0000000e+00   0.0000000e+00
   4.0000000e+02   1.0000000e+00   0.0000000e+00
   4.0100000e+02   1.0000000e+00   0.0000000e+00
   4.0200000e+02   1.0000000e+00   0.0000000e+00
   4.0300000e+02   1.0000000e+00   0.0000000e+00
   4.0400000e+02   1.0000000e+00   0.0000000e+00
   4.0500000e+02   1.0000000e+00   0.0000000e+00
   4.0600000e+02   1.0000000e+00   0.0000000e+00
   4.0700000e+02   1.0000000e+00   0.0000000e+00
   4.0800000e+02   1.0000000e+00   0.0000000e+00
   4.0900000e+02   1.0000000e+00   0.0000000e+00
   4.1000000e+02   1.0000000e+00   0.0000000e+00
   4.1100000e+02   1.0000000e+00   0.0000000e+00
   4.1200000e+02   1.0000000e+00   0.0000000e+00
   4.1300000e+02   1.0000000e+00   0.0000000e+00
   4.1400000e+02   1.0000000e+00   0.0000000e+00
   4.1500000e+02   1.0000000e+00   0.0000000e+00
   4.1600000e+02   1.0000000e+00   0.0000000e+00
   4.1700000e+02   1.0000000e+00   0.0000000e+00
   4.1800000e+02   1.0000000e+00   0.0000000e+00
   4.1900000e+02   1.0000000e+00   0.0000000e+00
   4.2000000e+02   1.0000000e+00   0.0000000e+00
   4.2100000e+02   1.0000000e+00   0.0000000e+00
   4.2200000e+02   1.0000000e+00   0.0000000e+00
   4.2300000e+02   1.0000000e+00   0.0000000e+00
   4.2400000e+02   1.0000000e+00   0.0000000e+00
   4.2500000e+02   1.0000000e+00   0.0000000e+00
   4.2600000e+02   1.0000000e+00   0.0000000e+00
   4.2700000e+02   1.0000000e+00   0.0000000e+00
   4.2800000e+02   1.0000000e+00   0.0000000e+00
   4.2900000e+02   1.0000000e+00   0.0000000e+00
   4.3000000e+02   1.0000000e+00   0.0000000e+00
   4.3100000e+02   1.0000000e+00   0.0000000e+00
   4.3200000e+02   1.0000000e+00   0.0000000e+00
   4.3300000e+02   1.0000000e+00   0.0000000e+00
   4.3400000e+02   1.0000000e+00   0.0000000e+00
   4.3500000e+02   1.0000000e+00   0.0000000e+00
   4.3600000e+02   1.0000000e+00   0.0000000e+00
   4.3700000e+02   1.0000000e+00   0.0000000e+00
   4.3800000e+02   1.0000000e+00   0.0000000e+00
   4.3900000e+02   1.0000000e+00   0.0000000e+00
   4.4000000e+02   1.0000000e+00   0.0000000e+00
   4.4100000e+02   1.0000000e+00   0.0000000e+00
   4.4200000e+02   1.0000000e+00   0.0000000e+00
   4.4300000e+02   1.0000000e+00   0.0000000e+00
   4.4400000e+02   1.0000000e+00   0.0000000e+00
   4.4500000e+02   1.0000000e+00   0.0000000e+00
   4.4600000e+02   1.0000000e+00   0.0000000e+00
   4.4700000e+02   1.0000000e+00   0.0000000e+00
   4.4800000e+02   1.0000000e+00   0.0000000e+00
   4.4900000e+02   1.0000000e+00   0.0000000e+00
   4.5000000e+02   1.0000000e+00   0.0000000e+00
   4.5100000e+02   1.0000000e+00   0.0000000e+00
   4.5200000e+02   1.0000000e+00   0.0000000e+00
   4.5300000e+02   1.0000000e+00   0.0000000e+00
   4.5400000e+02   1.0000000e+00   0.0000000e+00
   4.5500000e+02   1.0000000e+00   0.0000000e+00
   4.5600000e+02   1.0000000e+00   0.0000000e+00
   4.5700000e+02   1.0000000e+00   0.0000000e+00
   4.5800000e+02   1.0000000e+00   0.0000000e+00
   4.5900000e+02   1.0000000e+00   0.0000000e+00
   4.6000000e+02   1.0000000e+00   0.0000000e+00
   4.6100000e+02   1.0000000e+00   0.0000000e+00
   4.6200000e+02   1.0000000e+00   0.0000000e+00
   4.6300000e+02   1.0000000e+00   0.0000000e+00
   4.6400000e+02   1.0000000e+00   0.0000000e+00
   4.6500000e+02   1.0000000e+00   0.0000000e+00
   4.6600000e+02   1.0000000e+00   0.0000000e+00
   4.6700000e+02   1.0000000e+00   0.0000000e+00
   4.6800000e+02   1.0000000e+00   0.0000000e+00
   4.6900000e+02   1.0000000e+00   0.0000000e+00
   4.7000000e+02   1.0000000e+00   0.0000000e+00
   4.7100000e+02   1.0000000e+00   0.0000000e+00
   4.7200000e+02   1.0000000e+00   0.0000000e+00
   4.7300000e+02   1.0000000e+00   0.0000000e+00
   4.7400000e+02   1.0000000e+00   0.0000000e+00
   4.7500000e+02   1.0000000e+00   0.0000000e+00
   4.7600000e+02   1.0000000e+00   0.0000000e+00
   4.7700000e+02   1.0000000e+00   0.0000000e+00
   4.7800000e+02   1.0000000e+00   0.0000000e+00
   4.7900000e+02   1.0000000e+00   0.0000000e+00
   4.8000000e+02   1.0000000e+00   0.0000000e+00
   4.8100000e+02   1.0000000e+00   0.0000000e+00
   4.8200000e+02   1.0000000e+00   0.0000000e+00
   4.8300000e+02   1.0000000e+00   0.0000000e+00
   4.8400000e+02   1.0000000e+00   0.0000000e+00
   4.8500000e+02   1.0000000e+00   0.0000000e+00
   4.8600000e+02   1.0000000e+00   0.0000000e+00
   4.8700000e+02   1.0000000e+00   0.0000000e+00
   4.8800000e+02   1.0000000e+00   0.0000000e+00
   4.8900000e+02   1.0000000e+00   0.0000000e+00
   4.9000000e+02   1.0000000e+00   0.0000000e+00
   4.9100000e+02   1.0000000e+00   0.0000000e+00
   4.9200000e+02   1.0000000e+00   0.0000000e+00
   4.9300000e+02   1.0000000e+00   0.0000000e+00
   4.9400000e+02   1.0000000e+00   0.0000000e+00
   4.9500000e+02   1.0000000e+00   0.0000000e+00
   4.9600000e+02   1.0000000e+00   0.0000000e+00
   4.9700000e+02   1.0000000e+00   0.0000000e+00
   4.9800000e+02   1.0000000e+00   0.0000000e+00
   4.9900000e+02   1.0000000e+00   0.0000000e+00
   5.0000000e+02   1.0000000e+00   0.0000000e+00
   5.0100000e+02   1.0000000e+00   0.0000000e+00
   5.0200000e+02   1.0000000e+00   0.0000000e+00
   5.0300000e+02   1.0000000e+00   0.0000000e+00
   5.0400000e+02   1.0000000e+00   0.0000000e+00
   5.0500000e+02   1.0000000e+00   0.0000000e+00
   5.0600000e+02   1.0000000e+00   0.0000000e+00
   5.0700000e+02   1.0000000e+00   0.0000000e+00
   5.0800000e+02   1.0000000e+00   0.0000000e+00
   5.0900000e+02   1.0000000e+00   0.0000000e+00
   5.1000000e+02   1.0000000e+00   0.0000000e+00
   5.1100000e+02   1.0000000e+00   0.0000000e+00
   5.1200000e+02   1.0000000e+00   0.0000000e+00
   5.1300000e+02   1.0000000e+00   0.0000000e+00
   5.1400000e+02   1.0000000e+00   0.0000000e+00
   5.1500000e+02   1.0000000e+00   8.0571429e-04
   5.1600000e+02   1.0000000e+00   1.3028571e-02
   5.1700000e+02   1.0000000e+00   7.7314286e-03
   5.1800000e+02   1.0000000e+00   6.4371429e-03
   5.1900000e+02   1.0000000e+00   3.3685714e-03
   5.2000000e+02   1.0000000e+00   4.2000000e-04
   5.2100000e+02   1.0000000e+00   7.8000000e-04
   5.2200000e+02   1.0000000e+00   4.2000000e-04
   5.2300000e+02   1.0000000e+00   1.7142857e-05
   5.2400000e+02   1.0000000e+00   0.0000000e+00
   5.2500000e+02   1.0000000e+00   0.0000000e+00
   5.2600000e+02   1.0000000e+00   0.0000000e+00
   5.2700000e+02   1.0000000e+00   0.0000000e+00
   5.2800000e+02   1.0000000e+00   0.0000000e+00
   5.2900000e+02   1.0000000e+00   0.0000000e+00
   5.3000000e+02   1.0000000e+00   0.0000000e+00
   5.3100000e+02   1.0000000e+00   0.0000000e+00
   5.3200000e+02   1.0000000e+00   0.0000000e+00
   5.3300000e+02   1.0000000e+00   0.0000000e+00
   5.3400000e+02   1.0000000e+00   0.0000000e+00
   5.3500000e+02   1.0000000e+00   0.0000000e+00
   5.3600000e+02   1.0000000e+00   0.0000000e+00
   5.3700000e+02   1.0000000e+00   0.0000000e+00
   5.3800000e+02   1.0000000e+00   0.0000000e+00
   5.3900000e+02   1.0000000e+00   0.0000000e+00
   5.4000000e+02   1.0000000e+00   0.0000000e+00
   5.4100000e+02   1.0000000e+00   0.0000000e+00
   5.4200000e+02   1.0000000e+00   0.0000000e+00
   5.4300000e+02   1.0000000e+00   0.0000000e+00
   5.4400000e+02   1.0000000e+00   0.0000000e+00
   5.4500000e+02   1.0000000e+00   0.0000000e+00
   5.4600000e+02   1.0000000e+00   0.0000000e+00
   5.4700000e+02   1.0000000e+00   0.0000000e+00
   5.4800000e+02   1.0000000e+00   1.5942857e-03
   5.4900000e+02   1.0000000e+00   2.2174286e-02
   5.5000000e+02   1.0000000e+00   6.2597143e-02
   5.5100000e+02   1.0000000e+00   1.4974286e-01
   5.5200000e+02   1.0000000e+00   1.5394286e-01
   5.5300000e+02   1.0000000e+00   9.8742857e-02
   5.5400000e+02   1.0000000e+00   7.0791429e-02
   5.5500000e+02   1.0000000e+00   6.5922857e-02
   5.5600000e+02   1.0000000e+00   7.1391429e-02
   5.5700000e+02   1.0000000e+00   7.9285714e-02
   5.5800000e+02   1.0000000e+00   8.6314286e-02
   5.5900000e+02   1.0000000e+00   1.0414286e-01
   5.6000000e+02   1.0000000e+00   1.3234286e-01
   5.6100000e+02   1.0000000e+00   1.6577143e-01
   5.6200000e+02   1.0000000e+00   2.3434286e-01
   5.6300000e+02   1.0000000e+00   2.1625714e-01
   5.6400000e+02   1.0000000e+00   1.4288571e-01
   5.6500000e+02   1.0000000e+00   1.2188571e-01
   5.6600000e+02   1.0000000e+00   9.3942857e-02
   5.6700000e+02   1.0000000e+00   7.9482857e-02
   5.6800000e+02   1.0000000e+00   5.9957143e-02
   5.6900000e+02   1.0000000e+00   5.8114286e-02
   5.7000000e+02   1.0000000e+00   8.1771429e-02
   5.7100000e+02   1.0000000e+00   8.2268571e-02
   5.7200000e+02   1.0000000e+00   7.8437143e-02
   5.7300000e+02   1.0000000e+00   1.2300000e-01
   5.7400000e+02   1.0000000e+00   1.8857143e-01
   5.7500000e+02   1.0000000e+00   6.7551429e-01
   5.7600000e+02   1.0000000e+00   6.0402857e-01
   5.7700000e+02   1.0000000e+00   4.1700000e-01
   5.7800000e+02   1.0000000e+00   4.1057143e-01
   5.7900000e+02   1.0000000e+00   3.0231429e-01
   5.8000000e+02   1.0000000e+00   2.4822857e-01
   5.8100000e+02   1.0000000e+00   2.7282857e-01
   5.8200000e+02   1.0000000e+00   2.6991429e-01
   5.8300000e+02   1.0000000e+00   2.1128571e-01
   5.8400000e+02   1.0000000e+00   4.6114286e-02
   5.8500000e+02   1.0000000e+00   1.3088571e-01
   5.8600000e+02   1.0000000e+00   1.7751429e-01
   5.8700000e+02   1.0000000e+00   4.3200000e-01
   5.8800000e+02   1.0000000e+00   3.2160000e-01
   5.8900000e+02   1.0000000e+00   1.9268571e-01
   5.9000000e+02   1.0000000e+00   1.7494286e-01
   5.9100000e+02   1.0000000e+00   1.3988571e-01
   5.9200000e+02   1.0000000e+00   1.4057143e-01
   5.9300000e+02   1.0000000e+00   2.4908571e-01
   5.9400000e+02   1.0000000e+00   3.0865714e-01
   5.9500000e+02   1.0000000e+00   2.9262857e-01
   5.9600000e+02   1.0000000e+00   3.9582857e-01
   5.9700000e+02   1.0000000e+00   4.0542857e-01
   5.9800000e+02   1.0000000e+00   3.8794286e-01
   5.9900000e+02   1.0000000e+00   4.7717143e-01
   6.0000000e+02   1.0000000e+00   5.2371429e-01
   6.0100000e+02   1.0000000e+00   5.2020000e-01
   6.0200000e+02   1.0000000e+00   5.2980000e-01
   6.0300000e+02   1.0000000e+00   5.2662857e-01
   6.0400000e+02   1.0000000e+00   4.1442857e-01
   6.0500000e+02   1.0000000e+00   2.8885714e-01
   6.0600000e+02   1.0000000e+00   2.9134286e-01
   6.0700000e+02   1.0000000e+00   7.3071429e-01
   6.0800000e+02   1.0000000e+00   1.1305714e+00
   6.0900000e+02   1.0000000e+00   1.0817143e+00
   6.1000000e+02   1.0000000e+00   1.4288571e+00
   6.1100000e+02   1.0000000e+00   1.6028571e+00
   6.1200000e+02   1.0000000e+00   1.7022857e+00
   6.1300000e+02   1.0000000e+00   1.8360000e+00
   6.1400000e+02   1.0000000e+00   1.8737143e+00
   6.1500000e+02   1.0000000e+00   1.7691429e+00
   6.1600000e+02   1.0000000e+00   1.5951429e+00
   6.1700000e+02   1.0000000e+00   1.5085714e+00
   6.1800000e+02   1.0000000e+00   1.3705714e+00
   6.1900000e+02   1.0000000e+00   1.2720000e+00
   6.2000000e+02   1.0000000e+00   1.6585714e+00
   6.2100000e+02   1.0000000e+00   2.3262857e+00
   6.2200000e+02   1.0000000e+00   2.5971429e+00
   6.2300000e+02   1.0000000e+00   2.7325714e+00
   6.2400000e+02   1.0000000e+00   2.8680000e+00
   6.2500000e+02   1.0000000e+00   2.9614286e+00
   6.2600000e+02   1.0000000e+00   3.1714286e+00
   6.2700000e+02   1.0000000e+00   3.8802857e+00
   6.2800000e+02   1.0000000e+00   3.8485714e+00
   6.2900000e+02   1.0000000e+00   3.9180000e+00
   6.3000000e+02   1.0000000e+00   3.2837143e+00
   6.3100000e+02   1.0000000e+00   2.9948571e+00
   6.3200000e+02   1.0000000e+00   2.7634286e+00
   6.3300000e+02   1.0000000e+00   2.5628571e+00
   6.3400000e+02   1.0000000e+00   2.3125714e+00
   6.3500000e+02   1.0000000e+00   2.1771429e+00
   6.3600000e+02   1.0000000e+00   2.2045714e+00
   6.3700000e+02   1.0000000e+00   2.6040000e+00
   6.3800000e+02   1.0000000e+00   3.0394286e+00
   6.3900000e+02   1.0000000e+00   3.1011429e+00
   6.4000000e+02   1.0000000e+00   3.1294286e+00
   6.4100000e+02   1.0000000e+00   3.1800000e+00
   6.4200000e+02   1.0000000e+00   3.1122857e+00
   6.4300000e+02   1.0000000e+00   3.2580000e+00
   6.4400000e+02   1.0000000e+00   3.5880000e+00
   6.4500000e+02   1.0000000e+00   3.6368571e+00
   6.4600000e+02   1.0000000e+00   3.1105714e+00
   6.4700000e+02   1.0000000e+00   2.7702857e+00
   6.4800000e+02   1.0000000e+00   2.6442857e+00
   6.4900000e+02   1.0000000e+00   2.5380000e+00
   6.5000000e+02   1.0000000e+00   2.3202857e+00
   6.5100000e+02   1.0000000e+00   1.9894286e+00
   6.5200000e+02   1.0000000e+00   1.7511429e+00
   6.5300000e+02   1.0000000e+00   1.6225714e+00
   6.5400000e+02   1.0000000e+00   1.5471429e+00
   6.5500000e+02   1.0000000e+00   1.4931429e+00
   6.5600000e+02   1.0000000e+00   1.4982857e+00
   6.5700000e+02   1.0000000e+00   1.4597143e+00
   6.5800000e+02   1.0000000e+00   1.4365714e+00
   6.5900000e+02   1.0000000e+00   1.5162857e+00
   6.6000000e+02   1.0000000e+00   1.8077143e+00
   6.6100000e+02   1.0000000e+00   1.9628571e+00
   6.6200000e+02   1.0000000e+00   1.9371429e+00
   6.6300000e+02   1.0000000e+00   2.3460000e+00
   6.6400000e+02   1.0000000e+00   2.4034286e+00
   6.6500000e+02   1.0000000e+00   2.0982857e+00
   6.6600000e+02   1.0000000e+00   1.9585714e+00
   6.6700000e+02   1.0000000e+00   2.0622857e+00
   6.6800000e+02   1.0000000e+00   2.0434286e+00
   6.6900000e+02   1.0000000e+00   2.0082857e+00
   6.7000000e+02   1.0000000e+00   1.9174286e+00
   6.7100000e+02   1.0000000e+00   2.0905714e+00
   6.7200000e+02   1.0000000e+00   1.8994286e+00
   6.7300000e+02   1.0000000e+00   1.6611429e+00
   6.7400000e+02   1.0000000e+00   1.6474286e+00
   6.7500000e+02   1.0000000e+00   1.5685714e+00
   6.7600000e+02   1.0000000e+00   1.3825714e+00
   6.7700000e+02   1.0000000e+00   1.3337143e+00
   6.7800000e+02   1.0000000e+00   1.2291429e+00
   6.7900000e+02   1.0000000e+00   1.1340000e+00
   6.8000000e+02   1.0000000e+00   9.2742857e-01
   6.8100000e+02   1.0000000e+00   8.1642857e-01
   6.8200000e+02   1.0000000e+00   7.7494286e-01
   6.8300000e+02   1.0000000e+00   1.0791429e+00
   6.8400000e+02   1.0000000e+00   1.1502857e+00
   6.8500000e+02   1.0000000e+00   1.1091429e+00
   6.8600000e+02   1.0000000e+00   1.2385714e+00
   6.8700000e+02   1.0000000e+00   9.7714286e-01
   6.8800000e+02   1.0000000e+00   8.9228571e-01
   6.8900000e+02   1.0000000e+00   7.2154286e-01
   6.9000000e+02   1.0000000e+00   6.4482857e-01
   6.9100000e+02   1.0000000e+00   5.8628571e-01
   6.9200000e+02   1.0000000e+00   5.3811429e-01
   6.9300000e+02   1.0000000e+00   5.1968571e-01
   6.9400000e+02   1.0000000e+00   4.6397143e-01
   6.9500000e+02   1.0000000e+00   4.2531429e-01
   6.9600000e+02   1.0000000e+00   3.6942857e-01
   6.9700000e+02   1.0000000e+00   3.5194286e-01
   6.9800000e+02   1.0000000e+00   3.0797143e-01
   6.9900000e+02   1.0000000e+00   2.7642857e-01
   7.0000000e+02   1.0000000e+00   2.6057143e-01
   7.0100000e+02   1.0000000e+00   2.4428571e-01
   7.0200000e+02   1.0000000e+00   2.4317143e-01
   7.0300000e+02   1.0000000e+00   1.9482857e-01
   7.0400000e+02   1.0000000e+00   1.7374286e-01
   7.0500000e+02   1.0000000e+00   1.6851429e-01
   7.0600000e+02   1.0000000e+00   1.6097143e-01
   7.0700000e+02   1.0000000e+00   1.4648571e-01
   7.0800000e+02   1.0000000e+00   1.3740000e-01
   7.0900000e+02   1.0000000e+00   1.3354286e-01
   7.1000000e+02   1.0000000e+00   1.2745714e-01
   7.1100000e+02   1.0000000e+00   1.1888571e-01
   7.1200000e+02   1.0000000e+00   1.0560000e-01
   7.1300000e+02   1.0000000e+00   9.3000000e-02
   7.1400000e+02   1.0000000e+00   8.4951429e-02
   7.1500000e+02   1.0000000e+00   8.0905714e-02
   7.1600000e+02   1.0000000e+00   7.4485714e-02
   7.1700000e+02   1.0000000e+00   5.6297143e-02
   7.1800000e+02   1.0000000e+00   4.9542857e-02
   7.1900000e+02   1.0000000e+00   4.6620000e-02
   7.2000000e+02   1.0000000e+00   4.3902857e-02
   7.2100000e+02   1.0000000e+00   4.1142857e-02
   7.2200000e+02   1.0000000e+00   3.9368571e-02
   7.2300000e+02   1.0000000e+00   3.4517143e-02
   7.2400000e+02   1.0000000e+00   3.0737143e-02
   7.2500000e+02   1.0000000e+00   2.9417143e-02
   7.2600000e+02   1.0000000e+00   2.8140000e-02
   7.2700000e+02   1.0000000e+00   2.5611429e-02
   7.2800000e+02   1.0000000e+00   1.9191429e-02
   7.2900000e+02   1.0000000e+00   1.7588571e-02
   7.3000000e+02   1.0000000e+00   1.6577143e-02
   7.3100000e+02   1.0000000e+00   1.5591429e-02
   7.3200000e+02   1.0000000e+00   1.4597143e-02
   7.3300000e+02   1.0000000e+00   1.3834286e-02
   7.3400000e+02   1.0000000e+00   1.2985714e-02
   7.3500000e+02   1.0000000e+00   1.1245714e-02
   7.3600000e+02   1.0000000e+00   8.9742857e-03
   7.3700000e+02   1.0000000e+00   7.8000000e-03
   7.3800000e+02   1.0000000e+00   7.0714286e-03
   7.3900000e+02   1.0000000e+00   6.5485714e-03
   7.4000000e+02   1.0000000e+00   6.1114286e-03
   7.4100000e+02   1.0000000e+00   5.7857143e-03
   7.4200000e+02   1.0000000e+00   5.3057143e-03
   7.4300000e+02   1.0000000e+00   4.8000000e-03
   7.4400000e+02   1.0000000e+00   4.0628571e-03
   7.4500000e+02   1.0000000e+00   3.5657143e-03
   7.4600000e+02   1.0000000e+00   2.8457143e-03
   7.4700000e+02   1.0000000e+00   2.0828571e-03
   7.4800000e+02   1.0000000e+00   1.8685714e-03
   7.4900000e+02   1.0000000e+00   1.7485714e-03
   7.5000000e+02   1.0000000e+00   1.6371429e-03
   7.5100000e+02   1.0000000e+00   1.4400000e-03
   7.5200000e+02   1.0000000e+00   1.2514286e-03
   7.5300000e+02   1.0000000e+00   1.1314286e-03
   7.5400000e+02   1.0000000e+00   1.0285714e-03
   7.5500000e+02   1.0000000e+00   1.0200000e-03
   7.5600000e+02   1.0000000e+00   8.3142857e-04
   7.5700000e+02   1.0000000e+00   6.2571429e-04
   7.5800000e+02   1.0000000e+00   4.1142857e-04
   7.5900000e+02   1.0000000e+00   3.4285714e-05
   7.6000000e+02   1.0000000e+00   0.0000000e+00
   7.6100000e+02   1.0000000e+00   0.0000000e+00
   7.6200000e+02   1.0000000e+00   0.0000000e+00
   7.6300000e+02   1.0000000e+00   0.0000000e+00
   7.6400000e+02   1.0000000e+00   0.0000000e+00
   7.6500000e+02   1.0000000e+00   0.0000000e+00
   7.6600000e+02   1.0000000e+00   0.0000000e+00
   7.6700000e+02   1.0000000e+00   0.0000000e+00
   7.6800000e+02   1.0000000e+00   0.0000000e+00
   7.6900000e+02   1.0000000e+00   0.0000000e+00
   7.7000000e+02   1.0000000e+00   0.0000000e+00
   7.7100000e+02   1.0000000e+00   0.0000000e+00
   7.7200000e+02   1.0000000e+00   0.0000000e+00
   7.7300000e+02   1.0000000e+00   0.0000000e+00
   7.7400000e+02   1.0000000e+00   0.0000000e+00
   7.7500000e+02   1.0000000e+00   0.0000000e+00
   7.7600000e+02   1.0000000e+00   0.0000000e+00
   7.7700000e+02   1.0000000e+00   0.0000000e+00
   7.7800000e+02   1.0000000e+00   0.0000000e+00
   7.7900000e+02   1.0000000e+00   0.0000000e+00
   7.8000000e+02   1.0000000e+00   0.0000000e+00
   7.8100000e+02   1.0000000e+00   0.0000000e+00
   7.8200000e+02   1.0000000e+00   0.0000000e+00
   7.8300000e+02   1.0000000e+00   0.0000000e+00
   7.8400000e+02   1.0000000e+00   4.2000000e-04
   7.8500000e+02   1.0000000e+00   6.3171429e-03
   7.8600000e+02   1.0000000e+00   8.0485714e-03
   7.8700000e+02   1.0000000e+00   7.4742857e-03
   7.8800000e+02   1.0000000e+00   6.3085714e-03
   7.8900000e+02   1.0000000e+00   2.5028571e-03
   7.9000000e+02   1.0000000e+00   2.0485714e-03
   7.9100000e+02   1.0000000e+00   1.8685714e-03
   7.9200000e+02   1.0000000e+00   1.6200000e-03
   7.9300000e+02   1.0000000e+00   6.7714286e-04
   7.9400000e+02   1.0000000e+00   2.3142857e-04
   7.9500000e+02   1.0000000e+00   1.7142857e-05
   7.9600000e+02   1.0000000e+00   0.0000000e+00
   7.9700000e+02   1.0000000e+00   1.7142857e-05
   7.9800000e+02   1.0000000e+00   1.8857143e-04
   7.9900000e+02   1.0000000e+00   2.0571429e-04
   8.0000000e+02   1.0000000e+00   1.8857143e-04
   8.0100000e+02   1.0000000e+00   1.7142857e-05
   8.0200000e+02   1.0000000e+00   0.0000000e+00
   8.0300000e+02   1.0000000e+00   0.0000000e+00
   8.0400000e+02   1.0000000e+00   0.0000000e+00
   8.0500000e+02   1.0000000e+00   0.0000000e+00
   8.0600000e+02   1.0000000e+00   0.0000000e+00
   8.0700000e+02   1.0000000e+00   0.0000000e+00
   8.0800000e+02   1.0000000e+00   0.0000000e+00
   8.0900000e+02   1.0000000e+00   0.0000000e+00
   8.1000000e+02   1.0000000e+00   0.0000000e+00
   8.1100000e+02   1.0000000e+00   0.0000000e+00
   8.1200000e+02   1.0000000e+00   0.0000000e+00
   8.1300000e+02   1.0000000e+00   0.0000000e+00
   8.1400000e+02   1.0000000e+00   0.0000000e+00
   8.1500000e+02   1.0000000e+00   0.0000000e+00
   8.1600000e+02   1.0000000e+00   0.0000000e+00
   8.1700000e+02   1.0000000e+00   0.0000000e+00
   8.1800000e+02   1.0000000e+00   0.0000000e+00
   8.1900000e+02   1.0000000e+00   0.0000000e+00
   8.2000000e+02   1.0000000e+00   0.0000000e+00
   8.2100000e+02   1.0000000e+00   0.0000000e+00
   8.2200000e+02   1.0000000e+00   0.0000000e+00
   8.2300000e+02   1.0000000e+00   0.0000000e+00
   8.2400000e+02   1.0000000e+00   0.0000000e+00
   8.2500000e+02   1.0000000e+00   0.0000000e+00
   8.2600000e+02   1.0000000e+00   0.0000000e+00
   8.2700000e+02   1.0000000e+00   0.0000000e+00
   8.2800000e+02   1.0000000e+00   0.0000000e+00
   8.2900000e+02   1.0000000e+00   0.0000000e+00
   8.3000000e+02   1.0000000e+00   0.0000000e+00
   8.3100000e+02   1.0000000e+00   0.0000000e+00
   8.3200000e+02   1.0000000e+00   0.0000000e+00
   8.3300000e+02   1.0000000e+00   0.0000000e+00
   8.3400000e+02   1.0000000e+00   0.0000000e+00
   8.3500000e+02   1.0000000e+00   0.0000000e+00
   8.3600000e+02   1.0000000e+00   0.0000000e+00
   8.3700000e+02   1.0000000e+00   0.0000000e+00
   8.3800000e+02   1.0000000e+00   0.0000000e+00
   8.3900000e+02   1.0000000e+00   0.0000000e+00
   8.4000000e+02   1.0000000e+00   0.0000000e+00
   8.4100000e+02   1.0000000e+00   0.0000000e+00
   8.4200000e+02   1.0000000e+00   0.0000000e+00
   8.4300000e+02   1.0000000e+00   0.0000000e+00
   8.4400000e+02   1.0000000e+00   0.0000000e+00
   8.4500000e+02   1.0000000e+00   0.0000000e+00
   8.4600000e+02   1.0000000e+00   0.0000000e+00
   8.4700000e+02   1.0000000e+00   0.0000000e+00
   8.4800000e+02   1.0000000e+00   0.0000000e+00
   8.4900000e+02   1.0000000e+00   0.0000000e+00
   8.5000000e+02   1.0000000e+00   0.0000000e+00
   8.5100000e+02   1.0000000e+00   0.0000000e+00
   8.5200000e+02   1.0000000e+00   0.0000000e+00
   8.5300000e+02   1.0000000e+00   0.0000000e+00
   8.5400000e+02   1.0000000e+00   0.0000000e+00
   8.5500000e+02   1.0000000e+00   0.0000000e+00
   8.5600000e+02   1.0000000e+00   0.0000000e+00
   8.5700000e+02   1.0000000e+00   0.0000000e+00
   8.5800000e+02   1.0000000e+00   0.0000000e+00
   8.5900000e+02   1.0000000e+00   0.0000000e+00
   8.6000000e+02   1.0000000e+00   0.0000000e+00
   8.6100000e+02   1.0000000e+00   0.0000000e+00
   8.6200000e+02   1.0000000e+00   0.0000000e+00
   8.6300000e+02   1.0000000e+00   0.0000000e+00
   8.6400000e+02   1.0000000e+00   0.0000000e+00
   8.6500000e+02   1.0000000e+00   0.0000000e+00
   8.6600000e+02   1.0000000e+00   0.0000000e+00
   8.6700000e+02   1.0000000e+00   5.3142857e-04
   8.6800000e+02   1.0000000e+00   1.3200000e-03
   8.6900000e+02   1.0000000e+00   1.2342857e-03
   8.7000000e+02   1.0000000e+00   8.9142857e-04
   8.7100000e+02   1.0000000e+00   2.3142857e-04
   8.7200000e+02   1.0000000e+00   1.7142857e-05
   8.7300000e+02   1.0000000e+00   0.0000000e+00
   8.7400000e+02   1.0000000e+00   0.0000000e+00
   8.7500000e+02   1.0000000e+00   0.0000000e+00
   8.7600000e+02   1.0000000e+00   0.0000000e+00
   8.7700000e+02   1.0000000e+00   0.0000000e+00
   8.7800000e+02   1.0000000e+00   0.0000000e+00
   8.7900000e+02   1.0000000e+00   0.0000000e+00
   8.8000000e+02   1.0000000e+00   0.0000000e+00
   8.8100000e+02   1.0000000e+00   0.0000000e+00
   8.8200000e+02   1.0000000e+00   0.0000000e+00
   8.8300000e+02   1.0000000e+00   0.0000000e+00
   8.8400000e+02   1.0000000e+00   0.0000000e+00
   8.8500000e+02   1.0000000e+00   0.0000000e+00
   8.8600000e+02   1.0000000e+00   0.0000000e+00
   8.8700000e+02   1.0000000e+00   0.0000000e+00
   8.8800000e+02   1.0000000e+00   0.0000000e+00
   8.8900000e+02   1.0000000e+00   0.0000000e+00
   8.9000000e+02   1.0000000e+00   0.0000000e+00
   8.9100000e+02   1.0000000e+00   0.0000000e+00
   8.9200000e+02   1.0000000e+00   0.0000000e+00
   8.9300000e+02   1.0000000e+00   0.0000000e+00
   8.9400000e+02   1.0000000e+00   0.0000000e+00
   8.9500000e+02   1.0000000e+00   0.0000000e+00
   8.9600000e+02   1.0000000e+00   0.0000000e+00
   8.9700000e+02   1.0000000e+00   0.0000000e+00
   8.9800000e+02   1.0000000e+00   0.0000000e+00
   8.9900000e+02   1.0000000e+00   0.0000000e+00
   9.0000000e+02   1.0000000e+00   0.0000000e+00
   9.0100000e+02   1.0000000e+00   0.0000000e+00
   9.0200000e+02   1.0000000e+00   0.0000000e+00
   9.0300000e+02   1.0000000e+00   0.0000000e+00
   9.0400000e+02   1.0000000e+00   0.0000000e+00
   9.0500000e+02   1.0000000e+00   0.0000000e+00
   9.0600000e+02   1.0000000e+00   0.0000000e+00
   9.0700000e+02   1.0000000e+00   0.0000000e+00
   9.0800000e+02   1.0000000e+00   0.0000000e+00
   9.0900000e+02   1.0000000e+00   0.0000000e+00
   9.1000000e+02   1.0000000e+00   0.0000000e+00
   9.1100000e+02   1.0000000e+00   0.0000000e+00
   9.1200000e+02   1.0000000e+00   0.0000000e+00
   9.1300000e+02   1.0000000e+00   0.0000000e+00
   9.1400000e+02   1.0000000e+00   0.0000000e+00
   9.1500000e+02   1.0000000e+00   0.0000000e+00
   9.1600000e+02   1.0000000e+00   0.0000000e+00
   9.1700000e+02   1.0000000e+00   0.0000000e+00
   9.1800000e+02   1.0000000e+00   0.0000000e+00
   9.1900000e+02   1.0000000e+00   0.0000000e+00
   9.2000000e+02   1.0000000e+00   0.0000000e+00
   9.2100000e+02   1.0000000e+00   0.0000000e+00
   9.2200000e+02   1.0000000e+00   0.0000000e+00
   9.2300000e+02   1.0000000e+00   0.0000000e+00
   9.2400000e+02   1.0000000e+00   0.0000000e+00
   9.2500000e+02   1.0000000e+00   0.0000000e+00
   9.2600000e+02   1.0000000e+00   4.5857143e-03
   9.2700000e+02   1.0000000e+00   8.1145714e-02
   9.2800000e+02   1.0000000e+00   1.2900000e-01
   9.2900000e+02   1.0000000e+00   9.5228571e-02
   9.3000000e+02   1.0000000e+00   1.4614286e-01
   9.3100000e+02   1.0000000e+00   1.5737143e-01
   9.3200000e+02   1.0000000e+00   1.1682857e-01
   9.3300000e+02   1.0000000e+00   8.7428571e-02
   9.3400000e+02   1.0000000e+00   1.0671429e-01
   9.3500000e+02   1.0000000e+00   2.1745714e-01
   9.3600000e+02   1.0000000e+00   1.6517143e-01
   9.3700000e+02   1.0000000e+00   8.7771429e-02
   9.3800000e+02   1.0000000e+00   6.7405714e-02
   9.3900000e+02   1.0000000e+00   6.4002857e-02
   9.4000000e+02   1.0000000e+00   6.1937143e-02
   9.4100000e+02   1.0000000e+00   5.9742857e-02
   9.4200000e+02   1.0000000e+00   7.5805714e-02
   9.4300000e+02   1.0000000e+00   1.0508571e-01
   9.4400000e+02   1.0000000e+00   1.0980000e-01
   9.4500000e+02   1.0000000e+00   1.1417143e-01
   9.4600000e+02   1.0000000e+00   1.2942857e-01
   9.4700000e+02   1.0000000e+00   2.1462857e-01
   9.4800000e+02   1.0000000e+00   2.3691429e-01
   9.4900000e+02   1.0000000e+00   3.8837143e-01
   9.5000000e+02   1.0000000e+00   3.3394286e-01
   9.5100000e+02   1.0000000e+00   2.6108571e-01
   9.5200000e+02   1.0000000e+00   2.4480000e-01
   9.5300000e+02   1.0000000e+00   2.9468571e-01
   9.5400000e+02   1.0000000e+00   4.7382857e-01
   9.5500000e+02   1.0000000e+00   4.7425714e-01
   9.5600000e+02   1.0000000e+00   3.8914286e-01
   9.5700000e+02   1.0000000e+00   3.3514286e-01
   9.5800000e+02   1.0000000e+00   3.8237143e-01
   9.5900000e+02   1.0000000e+00   5.1394286e-01
   9.6000000e+02   1.0000000e+00   5.7248571e-01
   9.6100000e+02   1.0000000e+00   5.8740000e-01
   9.6200000e+02   1.0000000e+00   5.7754286e-01
   9.6300000e+02   1.0000000e+00   4.9714286e-01
   9.6400000e+02   1.0000000e+00   6.8220000e-01
   9.6500000e+02   1.0000000e+00   1.2600000e+00
   9.6600000e+02   1.0000000e+00   1.3037143e+00
   9.6700000e+02   1.0000000e+00   1.6928571e+00
   9.6800000e+02   1.0000000e+00   2.1891429e+00
   9.6900000e+02   1.0000000e+00   2.1454286e+00
   9.7000000e+02   1.0000000e+00   1.8660000e+00
   9.7100000e+02   1.0000000e+00   1.7434286e+00
   9.7200000e+02   1.0000000e+00   1.5882857e+00
   9.7300000e+02   1.0000000e+00   1.5034286e+00
   9.7400000e+02   1.0000000e+00   1.8214286e+00
   9.7500000e+02   1.0000000e+00   2.0065714e+00
   9.7600000e+02   1.0000000e+00   1.5805714e+00
   9.7700000e+02   1.0000000e+00   1.1340000e+00
   9.7800000e+02   1.0000000e+00   1.0457143e+00
   9.7900000e+02   1.0000000e+00   1.0534286e+00
   9.8000000e+02   1.0000000e+00   1.0431429e+00
   9.8100000e+02   1.0000000e+00   9.6171429e-01
   9.8200000e+02   1.0000000e+00   8.4865714e-01
   9.8300000e+02   1.0000000e+00   7.5471429e-01
   9.8400000e+02   1.0000000e+00   8.6828571e-01
   9.8500000e+02   1.0000000e+00   1.1485714e+00
   9.8600000e+02   1.0000000e+00   1.1545714e+00
   9.8700000e+02   1.0000000e+00   1.0251429e+00
   9.8800000e+02   1.0000000e+00   1.0680000e+00
   9.8900000e+02   1.0000000e+00   1.0397143e+00
   9.9000000e+02   1.0000000e+00   1.0842857e+00
   9.9100000e+02   1.0000000e+00   9.6085714e-01
   9.9200000e+02   1.0000000e+00   9.2657143e-01
   9.9300000e+02   1.0000000e+00   1.0980000e+00
   9.9400000e+02   1.0000000e+00   2.0220000e+00
   9.9500000e+02   1.0000000e+00   2.7334286e+00
   9.9600000e+02   1.0000000e+00   3.1371429e+00
   9.9700000e+02   1.0000000e+00   3.2305714e+00
   9.9800000e+02   1.0000000e+00   3.5545714e+00
   9.9900000e+02   1.0000000e+00   3.5828571e+00
   1.0000000e+03   1.0000000e+00   3.5948571e+00
   1.0010000e+03   1.0000000e+00   3.6394286e+00
   1.0020000e+03   1.0000000e+00   3.4585714e+00
   1.0030000e+03   1.0000000e+00   3.3042857e+00
   1.0040000e+03   1.0000000e+00   3.1585714e+00
   1.0050000e+03   1.0000000e+00   2.9854286e+00
   1.0060000e+03   1.0000000e+00   2.6091429e+00
   1.0070000e+03   1.0000000e+00   2.2894286e+00
   1.0080000e+03   1.0000000e+00   2.3082857e+00
   1.0090000e+03   1.0000000e+00   2.5782857e+00
   1.0100000e+03   1.0000000e+00   2.6382857e+00
   1.0110000e+03   1.0000000e+00   2.6785714e+00
   1.0120000e+03   1.0000000e+00   2.6520000e+00
   1.0130000e+03   1.0000000e+00   2.4874286e+00
   1.0140000e+03   1.0000000e+00   2.3382857e+00
   1.0150000e+03   1.0000000e+00   2.1420000e+00
   1.0160000e+03   1.0000000e+00   2.0511429e+00
   1.0170000e+03   1.0000000e+00   1.9011429e+00
   1.0180000e+03   1.0000000e+00   1.6817143e+00
   1.0190000e+03   1.0000000e+00   1.4151429e+00
   1.0200000e+03   1.0000000e+00   1.3534286e+00
   1.0210000e+03   1.0000000e+00   1.4545714e+00
   1.0220000e+03   1.0000000e+00   1.5111429e+00
   1.0230000e+03   1.0000000e+00   1.5968571e+00
   1.0240000e+03   1.0000000e+00   1.6405714e+00
   1.0250000e+03   1.0000000e+00   1.7717143e+00
   1.0260000e+03   1.0000000e+00   1.7391429e+00
   1.0270000e+03   1.0000000e+00   1.6551429e+00
   1.0280000e+03   1.0000000e+00   1.8694286e+00
   1.0290000e+03   1.0000000e+00   2.0982857e+00
   1.0300000e+03   1.0000000e+00   2.3040000e+00
   1.0310000e+03   1.0000000e+00   2.4025714e+00
   1.0320000e+03   1.0000000e+00   2.3545714e+00
   1.0330000e+03   1.0000000e+00   2.2011429e+00
   1.0340000e+03   1.0000000e+00   2.0974286e+00
   1.0350000e+03   1.0000000e+00   2.1411429e+00
   1.0360000e+03   1.0000000e+00   2.0365714e+00
   1.0370000e+03   1.0000000e+00   1.8042857e+00
   1.0380000e+03   1.0000000e+00   1.6937143e+00
   1.0390000e+03   1.0000000e+00   1.5557143e+00
   1.0400000e+03   1.0000000e+00   1.4048571e+00
   1.0410000e+03   1.0000000e+00   1.2411429e+00
   1.0420000e+03   1.0000000e+00   1.0937143e+00
   1.0430000e+03   1.0000000e+00   9.6685714e-01
   1.0440000e+03   1.0000000e+00   8.6571429e-01
   1.0450000e+03   1.0000000e+00   7.8420000e-01
   1.0460000e+03   1.0000000e+00   7.1220000e-01
   1.0470000e+03   1.0000000e+00   6.4791429e-01
   1.0480000e+03   1.0000000e+00   5.8182857e-01
   1.0490000e+03   1.0000000e+00   5.2680000e-01
   1.0500000e+03   1.0000000e+00   4.7734286e-01
   1.0510000e+03   1.0000000e+00   4.3482857e-01
   1.0520000e+03   1.0000000e+00   3.9822857e-01
   1.0530000e+03   1.0000000e+00   3.6188571e-01
   1.0540000e+03   1.0000000e+00   3.2974286e-01
   1.0550000e+03   1.0000000e+00   3.0257143e-01
   1.0560000e+03   1.0000000e+00   2.8028571e-01
   1.0570000e+03   1.0000000e+00   2.6074286e-01
   1.0580000e+03   1.0000000e+00   2.4102857e-01
   1.0590000e+03   1.0000000e+00   2.2002857e-01
   1.0600000e+03   1.0000000e+00   2.0460000e-01
   1.0610000e+03   1.0000000e+00   1.9234286e-01
   1.0620000e+03   1.0000000e+00   1.7400000e-01
   1.0630000e+03   1.0000000e+00   1.5822857e-01
   1.0640000e+03   1.0000000e+00   1.4528571e-01
   1.0650000e+03   1.0000000e+00   1.3517143e-01
   1.0660000e+03   1.0000000e+00   1.2925714e-01
   1.0670000e+03   1.0000000e+00   1.2788571e-01
   1.0680000e+03   1.0000000e+00   1.2728571e-01
   1.0690000e+03   1.0000000e+00   1.4031429e-01
   1.0700000e+03   1.0000000e+00   1.5051429e-01
   1.0710000e+03   1.0000000e+00   1.4940000e-01
   1.0720000e+03   1.0000000e+00   1.3971429e-01
   1.0730000e+03   1.0000000e+00   1.1494286e-01
   1.0740000e+03   1.0000000e+00   9.6942857e-02
   1.0750000e+03   1.0000000e+00   8.5182857e-02
   1.0760000e+03   1.0000000e+00   7.7057143e-02
   1.0770000e+03   1.0000000e+00   7.5188571e-02
   1.0780000e+03   1.0000000e+00   7.6371429e-02
   1.0790000e+03   1.0000000e+00   7.6371429e-02
   1.0800000e+03   1.0000000e+00   7.6371429e-02
   1.0810000e+03   1.0000000e+00   7.6371429e-02
   1.0820000e+03   1.0000000e+00   6.8425714e-02
   1.0830000e+03   1.0000000e+00   5.5782857e-02
   1.0840000e+03   1.0000000e+00   5.1437143e-02
   1.0850000e+03   1.0000000e+00   4.6234286e-02
   1.0860000e+03   1.0000000e+00   4.0645714e-02
   1.0870000e+03   1.0000000e+00   3.5905714e-02
   1.0880000e+03   1.0000000e+00   3.2074286e-02
   1.0890000e+03   1.0000000e+00   2.8911429e-02
   1.0900000e+03   1.0000000e+00   2.6254286e-02
   1.0910000e+03   1.0000000e+00   2.4025714e-02
   1.0920000e+03   1.0000000e+00   2.2045714e-02
   1.0930000e+03   1.0000000e+00   2.0931429e-02
   1.0940000e+03   1.0000000e+00   1.9054286e-02
   1.0950000e+03   1.0000000e+00   1.7640000e-02
   1.0960000e+03   1.0000000e+00   1.6054286e-02
   1.0970000e+03   1.0000000e+00   1.4202857e-02
   1.0980000e+03   1.0000000e+00   1.3448571e-02
   1.0990000e+03   1.0000000e+00   1.2694286e-02
   1.1000000e+03   1.0000000e+00   1.1588571e-02
   1.1010000e+03   1.0000000e+00   1.0440000e-02
   1.1020000e+03   1.0000000e+00   9.6857143e-03
   1.1030000e+03   1.0000000e+00   8.9314286e-03
   1.1040000e+03   1.0000000e+00   8.1771429e-03
   1.1050000e+03   1.0000000e+00   7.1828571e-03
   1.1060000e+03   1.0000000e+00   6.2914286e-03
   1.1070000e+03   1.0000000e+00   5.7942857e-03
   1.1080000e+03   1.0000000e+00   5.2971429e-03
   1.1090000e+03   1.0000000e+00   4.8000000e-03
   1.1100000e+03   1.0000000e+00   3.8228571e-03
   1.1110000e+03   1.0000000e+00   3.3085714e-03
   1.1120000e+03   1.0000000e+00   2.8114286e-03
   1.1130000e+03   1.0000000e+00   2.3142857e-03
   1.1140000e+03   1.0000000e+00   1.9542857e-03
   1.1150000e+03   1.0000000e+00   1.7485714e-03
   1.1160000e+03   1.0000000e+00   1.6457143e-03
   1.1170000e+03   1.0000000e+00   1.6457143e-03
   1.1180000e+03   1.0000000e+00   1.6457143e-03
   1.1190000e+03   1.0000000e+00   1.6457143e-03
   1.1200000e+03   1.0000000e+00   1.6457143e-03
   1.1210000e+03   1.0000000e+00   1.5428571e-03
   1.1220000e+03   1.0000000e+00   1.4400000e-03
   1.1230000e+03   1.0000000e+00   1.4400000e-03
   1.1240000e+03   1.0000000e+00   1.4400000e-03
   1.1250000e+03   1.0000000e+00   1.4400000e-03
   1.1260000e+03   1.0000000e+00   1.4400000e-03
   1.1270000e+03   1.0000000e+00   1.3371429e-03
   1.1280000e+03   1.0000000e+00   1.2342857e-03
   1.1290000e+03   1.0000000e+00   1.2342857e-03
   1.1300000e+03   1.0000000e+00   1.2342857e-03
   1.1310000e+03   1.0000000e+00   1.2342857e-03
   1.1320000e+03   1.0000000e+00   1.2342857e-03
   1.1330000e+03   1.0000000e+00   1.1314286e-03
   1.1340000e+03   1.0000000e+00   1.0285714e-03
   1.1350000e+03   1.0000000e+00   1.0285714e-03
   1.1360000e+03   1.0000000e+00   1.0285714e-03
   1.1370000e+03   1.0000000e+00   1.0285714e-03
   1.1380000e+03   1.0000000e+00   1.0285714e-03
   1.1390000e+03   1.0000000e+00   9.2571429e-04
   1.1400000e+03   1.0000000e+00   8.2285714e-04
   1.1410000e+03   1.0000000e+00   8.2285714e-04
   1.1420000e+03   1.0000000e+00   8.2285714e-04
   1.1430000e+03   1.0000000e+00   8.2285714e-04
   1.1440000e+03   1.0000000e+00   8.2285714e-04
   1.1450000e+03   1.0000000e+00   7.2000000e-04
   1.1460000e+03   1.0000000e+00   6.1714286e-04
   1.1470000e+03   1.0000000e+00   6.1714286e-04
   1.1480000e+03   1.0000000e+00   6.1714286e-04
   1.1490000e+03   1.0000000e+00   6.1714286e-04
   1.1500000e+03   1.0000000e+00   6.1714286e-04
   1.1510000e+03   1.0000000e+00   5.1428571e-04
   1.1520000e+03   1.0000000e+00   4.1142857e-04
   1.1530000e+03   1.0000000e+00   4.1142857e-04
   1.1540000e+03   1.0000000e+00   4.1142857e-04
   1.1550000e+03   1.0000000e+00   4.1142857e-04
   1.1560000e+03   1.0000000e+00   4.1142857e-04
   1.1570000e+03   1.0000000e+00   3.0857143e-04
   1.1580000e+03   1.0000000e+00   2.0571429e-04
   1.1590000e+03   1.0000000e+00   2.0571429e-04
   1.1600000e+03   1.0000000e+00   2.0571429e-04
   1.1610000e+03   1.0000000e+00   2.0571429e-04
   1.1620000e+03   1.0000000e+00   2.0571429e-04
   1.1630000e+03   1.0000000e+00   1.0285714e-04
   1.1640000e+03   1.0000000e+00   0.0000000e+00
   1.1650000e+03   1.0000000e+00   0.0000000e+00
   1.1660000e+03   1.0000000e+00   0.0000000e+00
   1.1670000e+03   1.0000000e+00   0.0000000e+00
   1.1680000e+03   1.0000000e+00   0.0000000e+00
   1.1690000e+03   1.0000000e+00   0.0000000e+00
   1.1700000e+03   1.0000000e+00   0.0000000e+00
   1.1710000e+03   1.0000000e+00   0.0000000e+00
   1.1720000e+03   1.0000000e+00   0.0000000e+00
   1.1730000e+03   1.0000000e+00   0.0000000e+00
   1.1740000e+03   1.0000000e+00   0.0000000e+00
   1.1750000e+03   1.0000000e+00   0.0000000e+00
   1.1760000e+03   1.0000000e+00   0.0000000e+00
   1.1770000e+03   1.0000000e+00   0.0000000e+00
   1.1780000e+03   1.0000000e+00   0.0000000e+00
   1.1790000e+03   1.0000000e+00   0.0000000e+00
   1.1800000e+03   1.0000000e+00   0.0000000e+00
   1.1810000e+03   1.0000000e+00   0.0000000e+00
   1.1820000e+03   1.0000000e+00   0.0000000e+00
   1.1830000e+03   1.0000000e+00   0.0000000e+00
   1.1840000e+03   1.0000000e+00   0.0000000e+00
   1.1850000e+03   1.0000000e+00   0.0000000e+00
   1.1860000e+03   1.0000000e+00   0.0000000e+00
   1.1870000e+03   1.0000000e+00   0.0000000e+00
   1.1880000e+03   1.0000000e+00   0.0000000e+00
   1.1890000e+03   1.0000000e+00   0.0000000e+00
   1.1900000e+03   1.0000000e+00   0.0000000e+00
   1.1910000e+03   1.0000000e+00   0.0000000e+00
   1.1920000e+03   1.0000000e+00   0.0000000e+00
   1.1930000e+03   1.0000000e+00   0.0000000e+00
   1.1940000e+03   1.0000000e+00   0.0000000e+00
   1.1950000e+03   1.0000000e+00   0.0000000e+00
   1.1960000e+03   1.0000000e+00   0.0000000e+00
   1.1970000e+03   1.0000000e+00   0.0000000e+00
   1.1980000e+03   1.0000000e+00   0.0000000e+00
   1.1990000e+03   1.0000000e+00   0.0000000e+00
   1.2000000e+03   1.0000000e+00   0.0000000e+00
   1.2010000e+03   1.0000000e+00   0.0000000e+00
   1.2020000e+03   1.0000000e+00   0.0000000e+00
   1.2030000e+03   1.0000000e+00   0.0000000e+00
   1.2040000e+03   1.0000000e+00   0.0000000e+00
   1.2050000e+03   1.0000000e+00   0.0000000e+00
   1.2060000e+03   1.0000000e+00   0.0000000e+00
   1.2070000e+03   1.0000000e+00   0.0000000e+00
   1.2080000e+03   1.0000000e+00   0.0000000e+00
   1.2090000e+03   1.0000000e+00   0.0000000e+00
   1.2100000e+03   1.0000000e+00   0.0000000e+00
   1.2110000e+03   1.0000000e+00   0.0000000e+00
   1.2120000e+03   1.0000000e+00   0.0000000e+00
   1.2130000e+03   1.0000000e+00   0.0000000e+00
   1.2140000e+03   1.0000000e+00   0.0000000e+00
   1.2150000e+03   1.0000000e+00   0.0000000e+00
   1.2160000e+03   1.0000000e+00   0.0000000e+00
   1.2170000e+03   1.0000000e+00   0.0000000e+00
   1.2180000e+03   1.0000000e+00   0.0000000e+00
   1.2190000e+03   1.0000000e+00   0.0000000e+00
   1.2200000e+03   1.0000000e+00   0.0000000e+00
   1.2210000e+03   1.0000000e+00   0.0000000e+00
   1.2220000e+03   1.0000000e+00   0.0000000e+00
   1.2230000e+03   1.0000000e+00   0.0000000e+00
   1.2240000e+03   1.0000000e+00   0.0000000e+00
   1.2250000e+03   1.0000000e+00   0.0000000e+00
   1.2260000e+03   1.0000000e+00   0.0000000e+00
   1.2270000e+03   1.0000000e+00   0.0000000e+00
   1.2280000e+03   1.0000000e+00   0.0000000e+00
   1.2290000e+03   1.0000000e+00   0.0000000e+00
   1.2300000e+03   1.0000000e+00   0.0000000e+00
   1.2310000e+03   1.0000000e+00   0.0000000e+00
   1.2320000e+03   1.0000000e+00   0.0000000e+00
   1.2330000e+03   1.0000000e+00   0.0000000e+00
   1.2340000e+03   1.0000000e+00   0.0000000e+00
   1.2350000e+03   1.0000000e+00   0.0000000e+00
   1.2360000e+03   1.0000000e+00   0.0000000e+00
   1.2370000e+03   1.0000000e+00   0.0000000e+00
   1.2380000e+03   1.0000000e+00   0.0000000e+00
   1.2390000e+03   1.0000000e+00   0.0000000e+00
   1.2400000e+03   1.0000000e+00   0.0000000e+00
   1.2410000e+03   1.0000000e+00   0.0000000e+00
   1.2420000e+03   1.0000000e+00   0.0000000e+00
   1.2430000e+03   1.0000000e+00   0.0000000e+00
   1.2440000e+03   1.0000000e+00   0.0000000e+00
   1.2450000e+03   1.0000000e+00   0.0000000e+00
   1.2460000e+03   1.0000000e+00   0.0000000e+00
   1.2470000e+03   1.0000000e+00   0.0000000e+00
   1.2480000e+03   1.0000000e+00   0.0000000e+00
   1.2490000e+03   1.0000000e+00   0.0000000e+00
   1.2500000e+03   1.0000000e+00   0.0000000e+00
   1.2510000e+03   1.0000000e+00   0.0000000e+00
   1.2520000e+03   1.0000000e+00   0.0000000e+00
   1.2530000e+03   1.0000000e+00   0.0000000e+00
   1.2540000e+03   1.0000000e+00   0.0000000e+00
   1.2550000e+03   1.0000000e+00   0.0000000e+00
   1.2560000e+03   1.0000000e+00   0.0000000e+00
   1.2570000e+03   1.0000000e+00   0.0000000e+00
   1.2580000e+03   1.0000000e+00   0.0000000e+00
   1.2590000e+03   1.0000000e+00   0.0000000e+00
   1.2600000e+03   1.0000000e+00   0.0000000e+00
   1.2610000e+03   1.0000000e+00   0.0000000e+00
   1.2620000e+03   1.0000000e+00   0.0000000e+00
   1.2630000e+03   1.0000000e+00   0.0000000e+00
   1.2640000e+03   1.0000000e+00   0.0000000e+00
   1.2650000e+03   1.0000000e+00   0.0000000e+00
   1.2660000e+03   1.0000000e+00   0.0000000e+00
   1.2670000e+03   1.0000000e+00   0.0000000e+00
   1.2680000e+03   1.0000000e+00   0.0000000e+00
   1.2690000e+03   1.0000000e+00   0.0000000e+00
   1.2700000e+03   1.0000000e+00   0.0000000e+00
   1.2710000e+03   1.0000000e+00   0.0000000e+00
   1.2720000e+03   1.0000000e+00   0.0000000e+00
   1.2730000e+03   1.0000000e+00   0.0000000e+00
   1.2740000e+03   1.0000000e+00   0.0000000e+00
   1.2750000e+03   1.0000000e+00   0.0000000e+00
   1.2760000e+03   1.0000000e+00   0.0000000e+00
   1.2770000e+03   1.0000000e+00   0.0000000e+00
   1.2780000e+03   1.0000000e+00   0.0000000e+00
   1.2790000e+03   1.0000000e+00   0.0000000e+00
   1.2800000e+03   1.0000000e+00   0.0000000e+00
   1.2810000e+03   1.0000000e+00   0.0000000e+00
   1.2820000e+03   1.0000000e+00   0.0000000e+00
   1.2830000e+03   1.0000000e+00   0.0000000e+00
   1.2840000e+03   1.0000000e+00   0.0000000e+00
   1.2850000e+03   1.0000000e+00   0.0000000e+00
   1.2860000e+03   1.0000000e+00   0.0000000e+00
   1.2870000e+03   1.0000000e+00   0.0000000e+00
   1.2880000e+03   1.0000000e+00   0.0000000e+00
   1.2890000e+03   1.0000000e+00   0.0000000e+00
   1.2900000e+03   1.0000000e+00   0.0000000e+00
   1.2910000e+03   1.0000000e+00   0.0000000e+00
   1.2920000e+03   1.0000000e+00   0.0000000e+00
   1.2930000e+03   1.0000000e+00   9.9428571e-04
   1.2940000e+03   1.0000000e+00   3.1834286e-02
   1.2950000e+03   1.0000000e+00   8.2705714e-02
   1.2960000e+03   1.0000000e+00   2.8345714e-02
   1.2970000e+03   1.0000000e+00   8.3922857e-02
   1.2980000e+03   1.0000000e+00   7.7597143e-02
   1.2990000e+03   1.0000000e+00   4.9182857e-02
   1.3000000e+03   1.0000000e+00   4.5428571e-02
   1.3010000e+03   1.0000000e+00   2.3262857e-02
   1.3020000e+03   1.0000000e+00   1.2145714e-02
   1.3030000e+03   1.0000000e+00   7.6028571e-03
   1.3040000e+03   1.0000000e+00   6.3942857e-03
   1.3050000e+03   1.0000000e+00   4.8771429e-03
   1.3060000e+03   1.0000000e+00   1.5342857e-03
   1.3070000e+03   1.0000000e+00   1.0028571e-03
   1.3080000e+03   1.0000000e+00   1.9251429e-02
   1.3090000e+03   1.0000000e+00   7.6414286e-02
   1.3100000e+03   1.0000000e+00   5.3777143e-02
   1.3110000e+03   1.0000000e+00   4.3842857e-02
   1.3120000e+03   1.0000000e+00   4.6688571e-02
   1.3130000e+03   1.0000000e+00   6.3942857e-02
   1.3140000e+03   1.0000000e+00   6.4774286e-02
   1.3150000e+03   1.0000000e+00   7.2102857e-02
   1.3160000e+03   1.0000000e+00   4.5625714e-02
   1.3170000e+03   1.0000000e+00   5.3228571e-02
   1.3180000e+03   1.0000000e+00   6.8228571e-02
   1.3190000e+03   1.0000000e+00   1.9234286e-01
   1.3200000e+03   1.0000000e+00   3.6265714e-01
   1.3210000e+03   1.0000000e+00   7.0448571e-01
   1.3220000e+03   1.0000000e+00   1.1794286e+00
   1.3230000e+03   1.0000000e+00   1.9885714e+00
   1.3240000e+03   1.0000000e+00   1.9337143e+00
   1.3250000e+03   1.0000000e+00   1.2677143e+00
   1.3260000e+03   1.0000000e+00   1.1511429e+00
   1.3270000e+03   1.0000000e+00   1.5334286e+00
   1.3280000e+03   1.0000000e+00   1.7614286e+00
   1.3290000e+03   1.0000000e+00   1.7417143e+00
   1.3300000e+03   1.0000000e+00   1.3208571e+00
   1.3310000e+03   1.0000000e+00   7.6114286e-01
   1.3320000e+03   1.0000000e+00   8.6828571e-01
   1.3330000e+03   1.0000000e+00   1.1262857e+00
   1.3340000e+03   1.0000000e+00   1.2222857e+00
   1.3350000e+03   1.0000000e+00   6.7585714e-01
   1.3360000e+03   1.0000000e+00   5.2611429e-01
   1.3370000e+03   1.0000000e+00   6.6848571e-01
   1.3380000e+03   1.0000000e+00   8.0922857e-01
   1.3390000e+03   1.0000000e+00   8.8714286e-01
   1.3400000e+03   1.0000000e+00   1.0191429e+00
   1.3410000e+03   1.0000000e+00   1.0868571e+00
   1.3420000e+03   1.0000000e+00   8.8285714e-01
   1.3430000e+03   1.0000000e+00   7.7811429e-01
   1.3440000e+03   1.0000000e+00   1.3945714e+00
   1.3450000e+03   1.0000000e+00   9.9600000e-01
   1.3460000e+03   1.0000000e+00   7.5822857e-01
   1.3470000e+03   1.0000000e+00   9.7371429e-01
   1.3480000e+03   1.0000000e+00   9.6942857e-01
   1.3490000e+03   1.0000000e+00   7.4862857e-01
   1.3500000e+03   1.0000000e+00   6.0368571e-01
   1.3510000e+03   1.0000000e+00   5.8722857e-01
   1.3520000e+03   1.0000000e+00   6.1928571e-01
   1.3530000e+03   1.0000000e+00   1.2565714e+00
   1.3540000e+03   1.0000000e+00   8.2851429e-01
   1.3550000e+03   1.0000000e+00   6.8922857e-01
   1.3560000e+03   1.0000000e+00   5.8002857e-01
   1.3570000e+03   1.0000000e+00   4.9508571e-01
   1.3580000e+03   1.0000000e+00   4.4682857e-01
   1.3590000e+03   1.0000000e+00   4.4914286e-01
   1.3600000e+03   1.0000000e+00   5.6854286e-01
   1.3610000e+03   1.0000000e+00   5.8628571e-01
   1.3620000e+03   1.0000000e+00   5.4617143e-01
   1.3630000e+03   1.0000000e+00   5.2654286e-01
   1.3640000e+03   1.0000000e+00   5.0237143e-01
   1.3650000e+03   1.0000000e+00   5.0442857e-01
   1.3660000e+03   1.0000000e+00   4.8008571e-01
   1.3670000e+03   1.0000000e+00   7.1597143e-01
   1.3680000e+03   1.0000000e+00   8.5405714e-01
   1.3690000e+03   1.0000000e+00   7.1185714e-01
   1.3700000e+03   1.0000000e+00   6.8845714e-01
   1.3710000e+03   1.0000000e+00   8.9485714e-01
   1.3720000e+03   1.0000000e+00   9.0257143e-01
   1.3730000e+03   1.0000000e+00   7.9740000e-01
   1.3740000e+03   1.0000000e+00   6.9814286e-01
   1.3750000e+03   1.0000000e+00   7.3114286e-01
   1.3760000e+03   1.0000000e+00   7.2565714e-01
   1.3770000e+03   1.0000000e+00   7.3311429e-01
   1.3780000e+03   1.0000000e+00   7.5385714e-01
   1.3790000e+03   1.0000000e+00   7.4040000e-01
   1.3800000e+03   1.0000000e+00   6.2631429e-01
   1.3810000e+03   1.0000000e+00   5.5260000e-01
   1.3820000e+03   1.0000000e+00   4.8720000e-01
   1.3830000e+03   1.0000000e+00   4.4897143e-01
   1.3840000e+03   1.0000000e+00   4.4151429e-01
   1.3850000e+03   1.0000000e+00   4.3002857e-01
   1.3860000e+03   1.0000000e+00   4.3362857e-01
   1.3870000e+03   1.0000000e+00   3.5417143e-01
   1.3880000e+03   1.0000000e+00   3.4851429e-01
   1.3890000e+03   1.0000000e+00   7.4425714e-01
   1.3900000e+03   1.0000000e+00   8.5577143e-01
   1.3910000e+03   1.0000000e+00   7.2514286e-01
   1.3920000e+03   1.0000000e+00   8.2405714e-01
   1.3930000e+03   1.0000000e+00   1.2188571e+00
   1.3940000e+03   1.0000000e+00   1.1725714e+00
   1.3950000e+03   1.0000000e+00   1.3422857e+00
   1.3960000e+03   1.0000000e+00   1.1562857e+00
   1.3970000e+03   1.0000000e+00   1.2394286e+00
   1.3980000e+03   1.0000000e+00   1.1880000e+00
   1.3990000e+03   1.0000000e+00   1.0191429e+00
   1.4000000e+03   1.0000000e+00   8.9828571e-01
   1.4010000e+03   1.0000000e+00   7.5274286e-01
   1.4020000e+03   1.0000000e+00   9.5828571e-01
   1.4030000e+03   1.0000000e+00   1.2214286e+00
   1.4040000e+03   1.0000000e+00   1.3765714e+00
   1.4050000e+03   1.0000000e+00   1.7520000e+00
   1.4060000e+03   1.0000000e+00   1.8051429e+00
   1.4070000e+03   1.0000000e+00   1.7271429e+00
   1.4080000e+03   1.0000000e+00   1.6740000e+00
   1.4090000e+03   1.0000000e+00   1.8334286e+00
   1.4100000e+03   1.0000000e+00   1.7982857e+00
   1.4110000e+03   1.0000000e+00   1.5205714e+00
   1.4120000e+03   1.0000000e+00   1.2591429e+00
   1.4130000e+03   1.0000000e+00   1.0714286e+00
   1.4140000e+03   1.0000000e+00   9.8314286e-01
   1.4150000e+03   1.0000000e+00   9.0428571e-01
   1.4160000e+03   1.0000000e+00   8.4257143e-01
   1.4170000e+03   1.0000000e+00   7.8557143e-01
   1.4180000e+03   1.0000000e+00   7.1314286e-01
   1.4190000e+03   1.0000000e+00   6.6120000e-01
   1.4200000e+03   1.0000000e+00   6.0051429e-01
   1.4210000e+03   1.0000000e+00   5.9965714e-01
   1.4220000e+03   1.0000000e+00   5.6100000e-01
   1.4230000e+03   1.0000000e+00   4.6740000e-01
   1.4240000e+03   1.0000000e+00   4.1580000e-01
   1.4250000e+03   1.0000000e+00   3.6034286e-01
   1.4260000e+03   1.0000000e+00   3.2280000e-01
   1.4270000e+03   1.0000000e+00   2.9108571e-01
   1.4280000e+03   1.0000000e+00   2.6031429e-01
   1.4290000e+03   1.0000000e+00   2.4137143e-01
   1.4300000e+03   1.0000000e+00   2.2491429e-01
   1.4310000e+03   1.0000000e+00   2.0511429e-01
   1.4320000e+03   1.0000000e+00   1.8540000e-01
   1.4330000e+03   1.0000000e+00   1.6885714e-01
   1.4340000e+03   1.0000000e+00   1.5574286e-01
   1.4350000e+03   1.0000000e+00   1.4391429e-01
   1.4360000e+03   1.0000000e+00   1.2668571e-01
   1.4370000e+03   1.0000000e+00   1.1108571e-01
   1.4380000e+03   1.0000000e+00   9.8657143e-02
   1.4390000e+03   1.0000000e+00   8.8628571e-02
   1.4400000e+03   1.0000000e+00   8.2148571e-02
   1.4410000e+03   1.0000000e+00   6.7225714e-02
   1.4420000e+03   1.0000000e+00   6.2940000e-02
   1.4430000e+03   1.0000000e+00   5.5037143e-02
   1.4440000e+03   1.0000000e+00   4.8685714e-02
   1.4450000e+03   1.0000000e+00   4.5094286e-02
   1.4460000e+03   1.0000000e+00   4.0320000e-02
   1.4470000e+03   1.0000000e+00   3.5820000e-02
   1.4480000e+03   1.0000000e+00   3.2408571e-02
   1.4490000e+03   1.0000000e+00   2.7582857e-02
   1.4500000e+03   1.0000000e+00   2.3065714e-02
   1.4510000e+03   1.0000000e+00   2.1017143e-02
   1.4520000e+03   1.0000000e+00   1.9020000e-02
   1.4530000e+03   1.0000000e+00   1.7040000e-02
   1.4540000e+03   1.0000000e+00   1.5102857e-02
   1.4550000e+03   1.0000000e+00   1.3388571e-02
   1.4560000e+03   1.0000000e+00   1.1905714e-02
   1.4570000e+03   1.0000000e+00   1.0431429e-02
   1.4580000e+03   1.0000000e+00   8.8885714e-03
   1.4590000e+03   1.0000000e+00   8.0828571e-03
   1.4600000e+03   1.0000000e+00   1.3542857e-02
   1.4610000e+03   1.0000000e+00   9.8571429e-03
   1.4620000e+03   1.0000000e+00   6.2571429e-03
   1.4630000e+03   1.0000000e+00   5.2971429e-03
   1.4640000e+03   1.0000000e+00   4.2942857e-03
   1.4650000e+03   1.0000000e+00   3.3000000e-03
   1.4660000e+03   1.0000000e+00   2.6228571e-03
   1.4670000e+03   1.0000000e+00   3.8742857e-03
   1.4680000e+03   1.0000000e+00   3.2314286e-03
   1.4690000e+03   1.0000000e+00   1.1228571e-03
   1.4700000e+03   1.0000000e+00   7.2857143e-04
   1.4710000e+03   1.0000000e+00   3.0000000e-04
   1.4720000e+03   1.0000000e+00   1.7142857e-05
   1.4730000e+03   1.0000000e+00   0.0000000e+00
   1.4740000e+03   1.0000000e+00   0.0000000e+00
   1.4750000e+03   1.0000000e+00   0.0000000e+00
   1.4760000e+03   1.0000000e+00   0.0000000e+00
   1.4770000e+03   1.0000000e+00   0.0000000e+00
   1.4780000e+03   1.0000000e+00   0.0000000e+00
   1.4790000e+03   1.0000000e+00   0.0000000e+00
   1.4800000e+03   1.0000000e+00   0.0000000e+00
   1.4810000e+03   1.0000000e+00   0.0000000e+00
   1.4820000e+03   1.0000000e+00   0.0000000e+00
   1.4830000e+03   1.0000000e+00   0.0000000e+00
   1.4840000e+03   1.0000000e+00   0.0000000e+00
   1.4850000e+03   1.0000000e+00   0.0000000e+00
   1.4860000e+03   1.0000000e+00   0.0000000e+00
   1.4870000e+03   1.0000000e+00   0.0000000e+00
   1.4880000e+03   1.0000000e+00   0.0000000e+00
   1.4890000e+03   1.0000000e+00   0.0000000e+00
   1.4900000e+03   1.0000000e+00   0.0000000e+00
