   3.1000000e+01   1.0000000e+00  0+03
   3.2000000e+01   1.0000000e+00   2.0800000e+00
   3.3000000e+01   1.0000000e+00   1.4400000e+00
   3.4000000e+01   1.0000000e+00   1.1700000e+00
   3.5000000e+01   1.0000000e+00   1.1600000e+00
   3.6000000e+01   1.0000000e+00   1.1200000e+00
   3.7000000e+01   1.0000000e+00   1.1100000e+00
   3.8000000e+01   1.0000000e+00   1.1100000e+00
   3.9000000e+01   1.0000000e+00   1.0800000e+00
   4.0000000e+01   1.0000000e+00   1.0500000e+00
   4.1000000e+01   1.0000000e+00   1.0200000e+00
   4.2000000e+01   1.0000000e+00   1.0200000e+00
   4.3000000e+01   1.0000000e+00   1.0200000e+00
   4.4000000e+01   1.0000000e+00   9.9000000e-01
   4.5000000e+01   1.0000000e+00   9.8000000e-01
   4.6000000e+01   1.0000000e+00   9.8000000e-01
   4.7000000e+01   1.0000000e+00   9.6000000e-01
   4.8000000e+01   1.0000000e+00   9.3000000e-01
   4.9000000e+01   1.0000000e+00   9.3000000e-01
   5.0000000e+01   1.0000000e+00   9.2000000e-01
   5.1000000e+01   1.0000000e+00   8.9000000e-01
   5.2000000e+01   1.0000000e+00   8.9000000e-01
   5.3000000e+01   1.0000000e+00   8.3000000e-01
   5.4000000e+01   1.0000000e+00   7.8000000e-01
   5.5000000e+01   1.0000000e+00   2.1000000e-01
   5.6000000e+01   1.0000000e+00   0.0000000e+00
   5.7000000e+01   1.0000000e+00   0.0000000e+00
   5.8000000e+01   1.0000000e+00   0.0000000e+00
   5.9000000e+01   1.0000000e+00   0.0000000e+00
   6.0000000e+01   1.0000000e+00   0.0000000e+00
   6.1000000e+01   1.0000000e+00   0.0000000e+00
   6.2000000e+01   1.0000000e+00   0.0000000e+00
   6.3000000e+01   1.0000000e+00   0.0000000e+00
   6.4000000e+01   1.0000000e+00   0.0000000e+00
   6.5000000e+01   1.0000000e+00   0.0000000e+00
   6.6000000e+01   1.0000000e+00   0.0000000e+00
   6.7000000e+01   1.0000000e+00   0.0000000e+00
   6.8000000e+01   1.0000000e+00   0.0000000e+00
   6.9000000e+01   1.0000000e+00   0.0000000e+00
   7.0000000e+01   1.0000000e+00   0.0000000e+00
   7.1000000e+01   1.0000000e+00   0.0000000e+00
   7.2000000e+01   1.0000000e+00   0.0000000e+00
   7.3000000e+01   1.0000000e+00   0.0000000e+00
   7.4000000e+01   1.0000000e+00   0.0000000e+00
   7.5000000e+01   1.0000000e+00   0.0000000e+00
   7.6000000e+01   1.0000000e+00   0.0000000e+00
   7.7000000e+01   1.0000000e+00   0.0000000e+00
   7.8000000e+01   1.0000000e+00   0.0000000e+00
   7.9000000e+01   1.0000000e+00   0.0000000e+00
   8.0000000e+01   1.0000000e+00   0.0000000e+00
   8.1000000e+01   1.0000000e+00   0.0000000e+00
   8.2000000e+01   1.0000000e+00   0.0000000e+00
   8.3000000e+01   1.0000000e+00   0.0000000e+00
   8.4000000e+01   1.0000000e+00   0.0000000e+00
   8.5000000e+01   1.0000000e+00   0.0000000e+00
   8.6000000e+01   1.0000000e+00   0.0000000e+00
   8.7000000e+01   1.0000000e+00   0.0000000e+00
   8.8000000e+01   1.0000000e+00   0.0000000e+00
   8.9000000e+01   1.0000000e+00   0.0000000e+00
   9.0000000e+01   1.0000000e+00   0.0000000e+00
   9.1000000e+01   1.0000000e+00   0.0000000e+00
   9.2000000e+01   1.0000000e+00   0.0000000e+00
   9.3000000e+01   1.0000000e+00   0.0000000e+00
   9.4000000e+01   1.0000000e+00   0.0000000e+00
   9.5000000e+01   1.0000000e+00   0.0000000e+00
   9.6000000e+01   1.0000000e+00   0.0000000e+00
   9.7000000e+01   1.0000000e+00   0.0000000e+00
   9.8000000e+01   1.0000000e+00   0.0000000e+00
   9.9000000e+01   1.0000000e+00   0.0000000e+00
   1.0000000e+02   1.0000000e+00   0.0000000e+00
   1.0100000e+02   1.0000000e+00   0.0000000e+00
   1.0200000e+02   1.0000000e+00   0.0000000e+00
   1.0300000e+02   1.0000000e+00   0.0000000e+00
   1.0400000e+02   1.0000000e+00   0.0000000e+00
   1.0500000e+02   1.0000000e+00   0.0000000e+00
   1.0600000e+02   1.0000000e+00   0.0000000e+00
   1.0700000e+02   1.0000000e+00   0.0000000e+00
   1.0800000e+02   1.0000000e+00   0.0000000e+00
   1.0900000e+02   1.0000000e+00   0.0000000e+00
   1.1000000e+02   1.0000000e+00   0.0000000e+00
   1.1100000e+02   1.0000000e+00   0.0000000e+00
   1.1200000e+02   1.0000000e+00   0.0000000e+00
   1.1300000e+02   1.0000000e+00   0.0000000e+00
   1.1400000e+02   1.0000000e+00   0.0000000e+00
   1.1500000e+02   1.0000000e+00   0.0000000e+00
   1.1600000e+02   1.0000000e+00   0.0000000e+00
   1.1700000e+02   1.0000000e+00   0.0000000e+00
   1.1800000e+02   1.0000000e+00   0.0000000e+00
   1.1900000e+02   1.0000000e+00   0.0000000e+00
   1.2000000e+02   1.0000000e+00   0.0000000e+00
   1.2100000e+02   1.0000000e+00   0.0000000e+00
   1.2200000e+02   1.0000000e+00   0.0000000e+00
   1.2300000e+02   1.0000000e+00   0.0000000e+00
   1.2400000e+02   1.0000000e+00   0.0000000e+00
   1.2500000e+02   1.0000000e+00   0.0000000e+00
   1.2600000e+02   1.0000000e+00   0.0000000e+00
   1.2700000e+02   1.0000000e+00   0.0000000e+00
   1.2800000e+02   1.0000000e+00   0.0000000e+00
   1.2900000e+02   1.0000000e+00   0.0000000e+00
   1.3000000e+02   1.0000000e+00   0.0000000e+00
   1.3100000e+02   1.0000000e+00   0.0000000e+00
   1.3200000e+02   1.0000000e+00   0.0000000e+00
   1.3300000e+02   1.0000000e+00   0.0000000e+00
   1.3400000e+02   1.0000000e+00   0.0000000e+00
   1.3500000e+02   1.0000000e+00   0.0000000e+00
   1.3600000e+02   1.0000000e+00   0.0000000e+00
   1.3700000e+02   1.0000000e+00   0.0000000e+00
   1.3800000e+02   1.0000000e+00   0.0000000e+00
   1.3900000e+02   1.0000000e+00   0.0000000e+00
   1.4000000e+02   1.0000000e+00   0.0000000e+00
   1.4100000e+02   1.0000000e+00   0.0000000e+00
   1.4200000e+02   1.0000000e+00   0.0000000e+00
   1.4300000e+02   1.0000000e+00   0.0000000e+00
   1.4400000e+02   1.0000000e+00   0.0000000e+00
   1.4500000e+02   1.0000000e+00   0.0000000e+00
   1.4600000e+02   1.0000000e+00   0.0000000e+00
   1.4700000e+02   1.0000000e+00   0.0000000e+00
   1.4800000e+02   1.0000000e+00   0.0000000e+00
   1.4900000e+02   1.0000000e+00   0.0000000e+00
   1.5000000e+02   1.0000000e+00   0.0000000e+00
   1.5100000e+02   1.0000000e+00   0.0000000e+00
   1.5200000e+02   1.0000000e+00   8.1000000e-01
   1.5300000e+02   1.0000000e+00   1.3600000e+00
   1.5400000e+02   1.0000000e+00   4.6000000e+00
   1.5500000e+02   1.0000000e+00   5.7000000e+00
   1.5600000e+02   1.0000000e+00   4.3100000e+00
   1.5700000e+02   1.0000000e+00   3.5100000e+00
   1.5800000e+02   1.0000000e+00   3.0200000e+00
   1.5900000e+02   1.0000000e+00   2.7200000e+00
   1.6000000e+02   1.0000000e+00   2.4500000e+00
   1.6100000e+02   1.0000000e+00   2.2700000e+00
   1.6200000e+02   1.0000000e+00   2.1100000e+00
   1.6300000e+02   1.0000000e+00   1.9600000e+00
   1.6400000e+02   1.0000000e+00   1.8200000e+00
   1.6500000e+02   1.0000000e+00   1.7700000e+00
   1.6600000e+02   1.0000000e+00   1.7500000e+00
   1.6700000e+02   1.0000000e+00   1.6400000e+00
   1.6800000e+02   1.0000000e+00   4.7800000e+00
   1.6900000e+02   1.0000000e+00   1.0720000e+01
   1.7000000e+02   1.0000000e+00   8.0700000e+00
   1.7100000e+02   1.0000000e+00   6.6800000e+00
   1.7200000e+02   1.0000000e+00   6.3000000e+00
   1.7300000e+02   1.0000000e+00   5.2900000e+00
   1.7400000e+02   1.0000000e+00   4.2700000e+00
   1.7500000e+02   1.0000000e+00   4.0000000e+00
   1.7600000e+02   1.0000000e+00   3.5400000e+00
   1.7700000e+02   1.0000000e+00   3.1100000e+00
   1.7800000e+02   1.0000000e+00   3.0700000e+00
   1.7900000e+02   1.0000000e+00   3.0800000e+00
   1.8000000e+02   1.0000000e+00   3.3200000e+00
   1.8100000e+02   1.0000000e+00   3.6300000e+00
   1.8200000e+02   1.0000000e+00   3.4500000e+00
   1.8300000e+02   1.0000000e+00   3.4100000e+00
   1.8400000e+02   1.0000000e+00   3.5500000e+00
   1.8500000e+02   1.0000000e+00   3.3500000e+00
   1.8600000e+02   1.0000000e+00   3.2300000e+00
   1.8700000e+02   1.0000000e+00   3.1200000e+00
   1.8800000e+02   1.0000000e+00   3.0200000e+00
   1.8900000e+02   1.0000000e+00   2.9600000e+00
   1.9000000e+02   1.0000000e+00   3.1000000e+00
   1.9100000e+02   1.0000000e+00   3.1100000e+00
   1.9200000e+02   1.0000000e+00   2.9600000e+00
   1.9300000e+02   1.0000000e+00   2.8500000e+00
   1.9400000e+02   1.0000000e+00   2.7900000e+00
   1.9500000e+02   1.0000000e+00   2.7900000e+00
   1.9600000e+02   1.0000000e+00   2.7900000e+00
   1.9700000e+02   1.0000000e+00   2.7700000e+00
   1.9800000e+02   1.0000000e+00   2.6900000e+00
   1.9900000e+02   1.0000000e+00   2.6100000e+00
   2.0000000e+02   1.0000000e+00   2.4400000e+00
   2.0100000e+02   1.0000000e+00   2.3700000e+00
   2.0200000e+02   1.0000000e+00   2.3000000e+00
   2.0300000e+02   1.0000000e+00   2.2300000e+00
   2.0400000e+02   1.0000000e+00   2.1600000e+00
   2.0500000e+02   1.0000000e+00   2.1100000e+00
   2.0600000e+02   1.0000000e+00   2.0900000e+00
   2.0700000e+02   1.0000000e+00   2.0200000e+00
   2.0800000e+02   1.0000000e+00   1.9500000e+00
   2.0900000e+02   1.0000000e+00   1.9200000e+00
   2.1000000e+02   1.0000000e+00   2.7700000e+00
   2.1100000e+02   1.0000000e+00   2.6100000e+00
   2.1200000e+02   1.0000000e+00   2.3200000e+00
   2.1300000e+02   1.0000000e+00   2.4100000e+00
   2.1400000e+02   1.0000000e+00   3.1600000e+00
   2.1500000e+02   1.0000000e+00   3.2000000e+00
   2.1600000e+02   1.0000000e+00   3.1700000e+00
   2.1700000e+02   1.0000000e+00   3.7900000e+00
   2.1800000e+02   1.0000000e+00   4.0100000e+00
   2.1900000e+02   1.0000000e+00   3.4500000e+00
   2.2000000e+02   1.0000000e+00   3.1000000e+00
   2.2100000e+02   1.0000000e+00   2.8800000e+00
   2.2200000e+02   1.0000000e+00   2.7100000e+00
   2.2300000e+02   1.0000000e+00   2.5300000e+00
   2.2400000e+02   1.0000000e+00   2.4500000e+00
   2.2500000e+02   1.0000000e+00   2.3700000e+00
   2.2600000e+02   1.0000000e+00   2.3000000e+00
   2.2700000e+02   1.0000000e+00   2.2300000e+00
   2.2800000e+02   1.0000000e+00   2.1600000e+00
   2.2900000e+02   1.0000000e+00   2.1100000e+00
   2.3000000e+02   1.0000000e+00   2.2600000e+00
   2.3100000e+02   1.0000000e+00   3.2900000e+00
   2.3200000e+02   1.0000000e+00   3.9800000e+00
   2.3300000e+02   1.0000000e+00   4.9200000e+00
   2.3400000e+02   1.0000000e+00   7.9700000e+00
   2.3500000e+02   1.0000000e+00   7.7800000e+00
   2.3600000e+02   1.0000000e+00   8.4600000e+00
   2.3700000e+02   1.0000000e+00   1.6740000e+01
   2.3800000e+02   1.0000000e+00   1.9240000e+01
   2.3900000e+02   1.0000000e+00   1.4970000e+01
   2.4000000e+02   1.0000000e+00   1.4090000e+01
   2.4100000e+02   1.0000000e+00   1.5950000e+01
   2.4200000e+02   1.0000000e+00   1.6860000e+01
   2.4300000e+02   1.0000000e+00   1.8580000e+01
   2.4400000e+02   1.0000000e+00   2.2170000e+01
   2.4500000e+02   1.0000000e+00   3.1770000e+01
   2.4600000e+02   1.0000000e+00   4.3150000e+01
   2.4700000e+02   1.0000000e+00   4.0160000e+01
   2.4800000e+02   1.0000000e+00   3.4880000e+01
   2.4900000e+02   1.0000000e+00   2.8510000e+01
   2.5000000e+02   1.0000000e+00   2.4390000e+01
   2.5100000e+02   1.0000000e+00   2.2130000e+01
   2.5200000e+02   1.0000000e+00   1.9890000e+01
   2.5300000e+02   1.0000000e+00   2.1860000e+01
   2.5400000e+02   1.0000000e+00   3.6870000e+01
   2.5500000e+02   1.0000000e+00   2.9490000e+01
   2.5600000e+02   1.0000000e+00   3.1280000e+01
   2.5700000e+02   1.0000000e+00   4.3990000e+01
   2.5800000e+02   1.0000000e+00   6.1620000e+01
   2.5900000e+02   1.0000000e+00   7.7240000e+01
   2.6000000e+02   1.0000000e+00   6.2490000e+01
   2.6100000e+02   1.0000000e+00   5.1450000e+01
   2.6200000e+02   1.0000000e+00   5.3020000e+01
   2.6300000e+02   1.0000000e+00   6.7480000e+01
   2.6400000e+02   1.0000000e+00   7.8530000e+01
   2.6500000e+02   1.0000000e+00   1.0350000e+02
   2.6600000e+02   1.0000000e+00   1.2638000e+02
   2.6700000e+02   1.0000000e+00   1.2755000e+02
   2.6800000e+02   1.0000000e+00   1.1636000e+02
   2.6900000e+02   1.0000000e+00   1.3250000e+02
   2.7000000e+02   1.0000000e+00   1.5055000e+02
   2.7100000e+02   1.0000000e+00   1.6630000e+02
   2.7200000e+02   1.0000000e+00   2.0405000e+02
   2.7300000e+02   1.0000000e+00   2.5501000e+02
   2.7400000e+02   1.0000000e+00   2.9657000e+02
   2.7500000e+02   1.0000000e+00   3.2702000e+02
   2.7600000e+02   1.0000000e+00   3.4606000e+02
   2.7700000e+02   1.0000000e+00   3.6156000e+02
   2.7800000e+02   1.0000000e+00   3.7853000e+02
   2.7900000e+02   1.0000000e+00   3.9729000e+02
   2.8000000e+02   1.0000000e+00   4.1291000e+02
   2.8100000e+02   1.0000000e+00   4.2307000e+02
   2.8200000e+02   1.0000000e+00   4.3536000e+02
   2.8300000e+02   1.0000000e+00   4.4338000e+02
   2.8400000e+02   1.0000000e+00   4.5094000e+02
   2.8500000e+02   1.0000000e+00   4.6171000e+02
   2.8600000e+02   1.0000000e+00   4.7331000e+02
   2.8700000e+02   1.0000000e+00   4.7724000e+02
   2.8800000e+02   1.0000000e+00   4.7791000e+02
   2.8900000e+02   1.0000000e+00   4.6159000e+02
   2.9000000e+02   1.0000000e+00   4.1197000e+02
   2.9100000e+02   1.0000000e+00   2.9085000e+02
   2.9200000e+02   1.0000000e+00   2.3859000e+02
   2.9300000e+02   1.0000000e+00   2.4597000e+02
   2.9400000e+02   1.0000000e+00   2.7365000e+02
   2.9500000e+02   1.0000000e+00   2.8083000e+02
   2.9600000e+02   1.0000000e+00   2.8048000e+02
   2.9700000e+02   1.0000000e+00   2.6546000e+02
   2.9800000e+02   1.0000000e+00   2.4843000e+02
   2.9900000e+02   1.0000000e+00   2.4378000e+02
   3.0000000e+02   1.0000000e+00   2.5964000e+02
   3.0100000e+02   1.0000000e+00   2.6377000e+02
   3.0200000e+02   1.0000000e+00   2.6100000e+02
   3.0300000e+02   1.0000000e+00   2.4338000e+02
   3.0400000e+02   1.0000000e+00   2.0814000e+02
   3.0500000e+02   1.0000000e+00   1.9145000e+02
   3.0600000e+02   1.0000000e+00   1.6338000e+02
   3.0700000e+02   1.0000000e+00   1.4087000e+02
   3.0800000e+02   1.0000000e+00   1.2216000e+02
   3.0900000e+02   1.0000000e+00   1.0574000e+02
   3.1000000e+02   1.0000000e+00   1.0169000e+02
   3.1100000e+02   1.0000000e+00   1.1662000e+02
   3.1200000e+02   1.0000000e+00   1.2695000e+02
   3.1300000e+02   1.0000000e+00   1.1769000e+02
   3.1400000e+02   1.0000000e+00   9.7820000e+01
   3.1500000e+02   1.0000000e+00   8.8300000e+01
   3.1600000e+02   1.0000000e+00   7.1290000e+01
   3.1700000e+02   1.0000000e+00   6.0210000e+01
   3.1800000e+02   1.0000000e+00   5.2510000e+01
   3.1900000e+02   1.0000000e+00   4.7260000e+01
   3.2000000e+02   1.0000000e+00   4.3460000e+01
   3.2100000e+02   1.0000000e+00   4.0310000e+01
   3.2200000e+02   1.0000000e+00   3.7230000e+01
   3.2300000e+02   1.0000000e+00   3.4050000e+01
   3.2400000e+02   1.0000000e+00   3.1070000e+01
   3.2500000e+02   1.0000000e+00   3.3880000e+01
   3.2600000e+02   1.0000000e+00   3.9500000e+01
   3.2700000e+02   1.0000000e+00   4.0930000e+01
   3.2800000e+02   1.0000000e+00   4.1240000e+01
   3.2900000e+02   1.0000000e+00   3.6160000e+01
   3.3000000e+02   1.0000000e+00   3.1140000e+01
   3.3100000e+02   1.0000000e+00   3.1230000e+01
   3.3200000e+02   1.0000000e+00   2.9600000e+01
   3.3300000e+02   1.0000000e+00   2.7500000e+01
   3.3400000e+02   1.0000000e+00   2.6310000e+01
   3.3500000e+02   1.0000000e+00   2.6030000e+01
   3.3600000e+02   1.0000000e+00   2.3560000e+01
   3.3700000e+02   1.0000000e+00   2.0680000e+01
   3.3800000e+02   1.0000000e+00   1.8660000e+01
   3.3900000e+02   1.0000000e+00   1.7010000e+01
   3.4000000e+02   1.0000000e+00   1.5610000e+01
   3.4100000e+02   1.0000000e+00   1.4500000e+01
   3.4200000e+02   1.0000000e+00   1.3660000e+01
   3.4300000e+02   1.0000000e+00   1.2450000e+01
   3.4400000e+02   1.0000000e+00   1.1490000e+01
   3.4500000e+02   1.0000000e+00   1.0010000e+01
   3.4600000e+02   1.0000000e+00   8.9900000e+00
   3.4700000e+02   1.0000000e+00   9.4300000e+00
   3.4800000e+02   1.0000000e+00   7.8600000e+00
   3.4900000e+02   1.0000000e+00   7.0100000e+00
   3.5000000e+02   1.0000000e+00   6.6500000e+00
   3.5100000e+02   1.0000000e+00   6.3800000e+00
   3.5200000e+02   1.0000000e+00   6.3200000e+00
   3.5300000e+02   1.0000000e+00   6.5600000e+00
   3.5400000e+02   1.0000000e+00   6.2200000e+00
   3.5500000e+02   1.0000000e+00   5.4700000e+00
   3.5600000e+02   1.0000000e+00   5.1800000e+00
   3.5700000e+02   1.0000000e+00   5.0700000e+00
   3.5800000e+02   1.0000000e+00   5.1100000e+00
   3.5900000e+02   1.0000000e+00   4.9600000e+00
   3.6000000e+02   1.0000000e+00   4.7200000e+00
   3.6100000e+02   1.0000000e+00   4.4500000e+00
   3.6200000e+02   1.0000000e+00   4.2900000e+00
   3.6300000e+02   1.0000000e+00   4.0600000e+00
   3.6400000e+02   1.0000000e+00   3.8800000e+00
   3.6500000e+02   1.0000000e+00   3.7700000e+00
   3.6600000e+02   1.0000000e+00   3.6700000e+00
   3.6700000e+02   1.0000000e+00   3.4900000e+00
   3.6800000e+02   1.0000000e+00   3.3900000e+00
   3.6900000e+02   1.0000000e+00   3.2600000e+00
   3.7000000e+02   1.0000000e+00   3.1400000e+00
   3.7100000e+02   1.0000000e+00   3.0400000e+00
   3.7200000e+02   1.0000000e+00   2.9600000e+00
   3.7300000e+02   1.0000000e+00   2.8200000e+00
   3.7400000e+02   1.0000000e+00   2.7700000e+00
   3.7500000e+02   1.0000000e+00   2.6300000e+00
   3.7600000e+02   1.0000000e+00   2.6200000e+00
   3.7700000e+02   1.0000000e+00   2.5500000e+00
   3.7800000e+02   1.0000000e+00   2.5500000e+00
   3.7900000e+02   1.0000000e+00   2.5500000e+00
   3.8000000e+02   1.0000000e+00   2.5500000e+00
   3.8100000e+02   1.0000000e+00   2.5500000e+00
   3.8200000e+02   1.0000000e+00   2.5500000e+00
   3.8300000e+02   1.0000000e+00   2.5500000e+00
   3.8400000e+02   1.0000000e+00   2.5500000e+00
   3.8500000e+02   1.0000000e+00   2.5500000e+00
   3.8600000e+02   1.0000000e+00   2.5500000e+00
   3.8700000e+02   1.0000000e+00   2.5500000e+00
   3.8800000e+02   1.0000000e+00   2.5500000e+00
   3.8900000e+02   1.0000000e+00   2.5500000e+00
   3.9000000e+02   1.0000000e+00   2.5500000e+00
   3.9100000e+02   1.0000000e+00   2.5300000e+00
   3.9200000e+02   1.0000000e+00   2.4700000e+00
   3.9300000e+02   1.0000000e+00   2.4700000e+00
   3.9400000e+02   1.0000000e+00   2.4700000e+00
   3.9500000e+02   1.0000000e+00  -9.9990000e+03
   3.9600000e+02   1.0000000e+00  -9.9990000e+03
   3.9700000e+02   1.0000000e+00   1.5900000e+00
   3.9800000e+02   1.0000000e+00   1.5900000e+00
   3.9900000e+02   1.0000000e+00   1.5900000e+00
   4.0000000e+02   1.0000000e+00   1.5600000e+00
   4.0100000e+02   1.0000000e+00   1.5300000e+00
   4.0200000e+02   1.0000000e+00   1.5000000e+00
   4.0300000e+02   1.0000000e+00   1.4800000e+00
   4.0400000e+02   1.0000000e+00   1.4800000e+00
   4.0500000e+02   1.0000000e+00   1.4800000e+00
   4.0600000e+02   1.0000000e+00   1.4400000e+00
   4.0700000e+02   1.0000000e+00   1.4200000e+00
   4.0800000e+02   1.0000000e+00   1.4200000e+00
   4.0900000e+02   1.0000000e+00   1.3900000e+00
   4.1000000e+02   1.0000000e+00   1.3300000e+00
   4.1100000e+02   1.0000000e+00   1.2300000e+00
   4.1200000e+02   1.0000000e+00   1.1300000e+00
   4.1300000e+02   1.0000000e+00   1.1100000e+00
   4.1400000e+02   1.0000000e+00   1.0700000e+00
   4.1500000e+02   1.0000000e+00   1.0200000e+00
   4.1600000e+02   1.0000000e+00   9.9000000e-01
   4.1700000e+02   1.0000000e+00   9.8000000e-01
   4.1800000e+02   1.0000000e+00   9.8000000e-01
   4.1900000e+02   1.0000000e+00   9.8000000e-01
   4.2000000e+02   1.0000000e+00   9.3000000e-01
   4.2100000e+02   1.0000000e+00   8.6000000e-01
   4.2200000e+02   1.0000000e+00   8.4000000e-01
   4.2300000e+02   1.0000000e+00   8.1000000e-01
   4.2400000e+02   1.0000000e+00   5.6000000e-01
   4.2500000e+02   1.0000000e+00   0.0000000e+00
   4.2600000e+02   1.0000000e+00   0.0000000e+00
   4.2700000e+02   1.0000000e+00   0.0000000e+00
   4.2800000e+02   1.0000000e+00   0.0000000e+00
   4.2900000e+02   1.0000000e+00   0.0000000e+00
   4.3000000e+02   1.0000000e+00   0.0000000e+00
   4.3100000e+02   1.0000000e+00   0.0000000e+00
   4.3200000e+02   1.0000000e+00   0.0000000e+00
   4.3300000e+02   1.0000000e+00   0.0000000e+00
   4.3400000e+02   1.0000000e+00   0.0000000e+00
   4.3500000e+02   1.0000000e+00   0.0000000e+00
   4.3600000e+02   1.0000000e+00   0.0000000e+00
   4.3700000e+02   1.0000000e+00   0.0000000e+00
   4.3800000e+02   1.0000000e+00   0.0000000e+00
   4.3900000e+02   1.0000000e+00   0.0000000e+00
   4.4000000e+02   1.0000000e+00   0.0000000e+00
   4.4100000e+02   1.0000000e+00   0.0000000e+00
   4.4200000e+02   1.0000000e+00   0.0000000e+00
   4.4300000e+02   1.0000000e+00   0.0000000e+00
   4.4400000e+02   1.0000000e+00   0.0000000e+00
   4.4500000e+02   1.0000000e+00   0.0000000e+00
   4.4600000e+02   1.0000000e+00   0.0000000e+00
   4.4700000e+02   1.0000000e+00   0.0000000e+00
   4.4800000e+02   1.0000000e+00   0.0000000e+00
   4.4900000e+02   1.0000000e+00   0.0000000e+00
   4.5000000e+02   1.0000000e+00   0.0000000e+00
   4.5100000e+02   1.0000000e+00   0.0000000e+00
   4.5200000e+02   1.0000000e+00   0.0000000e+00
   4.5300000e+02   1.0000000e+00   0.0000000e+00
   4.5400000e+02   1.0000000e+00   0.0000000e+00
   4.5500000e+02   1.0000000e+00   0.0000000e+00
   4.5600000e+02   1.0000000e+00   0.0000000e+00
   4.5700000e+02   1.0000000e+00   0.0000000e+00
   4.5800000e+02   1.0000000e+00   0.0000000e+00
   4.5900000e+02   1.0000000e+00   0.0000000e+00
   4.6000000e+02   1.0000000e+00   0.0000000e+00
   4.6100000e+02   1.0000000e+00   0.0000000e+00
   4.6200000e+02   1.0000000e+00   0.0000000e+00
   4.6300000e+02   1.0000000e+00   0.0000000e+00
   4.6400000e+02   1.0000000e+00   0.0000000e+00
   4.6500000e+02   1.0000000e+00   0.0000000e+00
   4.6600000e+02   1.0000000e+00   0.0000000e+00
   4.6700000e+02   1.0000000e+00   0.0000000e+00
   4.6800000e+02   1.0000000e+00   0.0000000e+00
   4.6900000e+02   1.0000000e+00   0.0000000e+00
   4.7000000e+02   1.0000000e+00   0.0000000e+00
   4.7100000e+02   1.0000000e+00   0.0000000e+00
   4.7200000e+02   1.0000000e+00   0.0000000e+00
   4.7300000e+02   1.0000000e+00   0.0000000e+00
   4.7400000e+02   1.0000000e+00   0.0000000e+00
   4.7500000e+02   1.0000000e+00   0.0000000e+00
   4.7600000e+02   1.0000000e+00   0.0000000e+00
   4.7700000e+02   1.0000000e+00   0.0000000e+00
   4.7800000e+02   1.0000000e+00   0.0000000e+00
   4.7900000e+02   1.0000000e+00   0.0000000e+00
   4.8000000e+02   1.0000000e+00   0.0000000e+00
   4.8100000e+02   1.0000000e+00   0.0000000e+00
   4.8200000e+02   1.0000000e+00   0.0000000e+00
   4.8300000e+02   1.0000000e+00   0.0000000e+00
   4.8400000e+02   1.0000000e+00   0.0000000e+00
   4.8500000e+02   1.0000000e+00   0.0000000e+00
   4.8600000e+02   1.0000000e+00   0.0000000e+00
   4.8700000e+02   1.0000000e+00   0.0000000e+00
   4.8800000e+02   1.0000000e+00   0.0000000e+00
   4.8900000e+02   1.0000000e+00   0.0000000e+00
   4.9000000e+02   1.0000000e+00   0.0000000e+00
   4.9100000e+02   1.0000000e+00   0.0000000e+00
   4.9200000e+02   1.0000000e+00   0.0000000e+00
   4.9300000e+02   1.0000000e+00   0.0000000e+00
   4.9400000e+02   1.0000000e+00   0.0000000e+00
   4.9500000e+02   1.0000000e+00   0.0000000e+00
   4.9600000e+02   1.0000000e+00   0.0000000e+00
   4.9700000e+02   1.0000000e+00   0.0000000e+00
   4.9800000e+02   1.0000000e+00   0.0000000e+00
   4.9900000e+02   1.0000000e+00   0.0000000e+00
   5.0000000e+02   1.0000000e+00   0.0000000e+00
   5.0100000e+02   1.0000000e+00   0.0000000e+00
   5.0200000e+02   1.0000000e+00   0.0000000e+00
   5.0300000e+02   1.0000000e+00   0.0000000e+00
   5.0400000e+02   1.0000000e+00   0.0000000e+00
   5.0500000e+02   1.0000000e+00   0.0000000e+00
   5.0600000e+02   1.0000000e+00   0.0000000e+00
   5.0700000e+02   1.0000000e+00   0.0000000e+00
   5.0800000e+02   1.0000000e+00   0.0000000e+00
   5.0900000e+02   1.0000000e+00   0.0000000e+00
   5.1000000e+02   1.0000000e+00   0.0000000e+00
   5.1100000e+02   1.0000000e+00   0.0000000e+00
   5.1200000e+02   1.0000000e+00   0.0000000e+00
   5.1300000e+02   1.0000000e+00   0.0000000e+00
   5.1400000e+02   1.0000000e+00   0.0000000e+00
   5.1500000e+02   1.0000000e+00   0.0000000e+00
   5.1600000e+02   1.0000000e+00   0.0000000e+00
   5.1700000e+02   1.0000000e+00   0.0000000e+00
   5.1800000e+02   1.0000000e+00   0.0000000e+00
   5.1900000e+02   1.0000000e+00   0.0000000e+00
   5.2000000e+02   1.0000000e+00   0.0000000e+00
   5.2100000e+02   1.0000000e+00   0.0000000e+00
   5.2200000e+02   1.0000000e+00   0.0000000e+00
   5.2300000e+02   1.0000000e+00   0.0000000e+00
   5.2400000e+02   1.0000000e+00   0.0000000e+00
   5.2500000e+02   1.0000000e+00   0.0000000e+00
   5.2600000e+02   1.0000000e+00   0.0000000e+00
   5.2700000e+02   1.0000000e+00   0.0000000e+00
   5.2800000e+02   1.0000000e+00   0.0000000e+00
   5.2900000e+02   1.0000000e+00   0.0000000e+00
   5.3000000e+02   1.0000000e+00   0.0000000e+00
   5.3100000e+02   1.0000000e+00   0.0000000e+00
   5.3200000e+02   1.0000000e+00   0.0000000e+00
   5.3300000e+02   1.0000000e+00   2.5100000e+00
   5.3400000e+02   1.0000000e+00   3.8100000e+00
   5.3500000e+02   1.0000000e+00   2.5400000e+00
   5.3600000e+02   1.0000000e+00   2.1800000e+00
   5.3700000e+02   1.0000000e+00   1.9800000e+00
   5.3800000e+02   1.0000000e+00   1.7900000e+00
   5.3900000e+02   1.0000000e+00   1.6500000e+00
   5.4000000e+02   1.0000000e+00   1.5400000e+00
   5.4100000e+02   1.0000000e+00   1.4300000e+00
   5.4200000e+02   1.0000000e+00   1.5600000e+00
   5.4300000e+02   1.0000000e+00   1.5200000e+00
   5.4400000e+02   1.0000000e+00   1.4300000e+00
   5.4500000e+02   1.0000000e+00   1.9400000e+00
   5.4600000e+02   1.0000000e+00   1.9600000e+00
   5.4700000e+02   1.0000000e+00   5.7700000e+00
   5.4800000e+02   1.0000000e+00   3.4100000e+00
   5.4900000e+02   1.0000000e+00   2.8200000e+00
   5.5000000e+02   1.0000000e+00   2.7100000e+00
   5.5100000e+02   1.0000000e+00   3.6500000e+00
   5.5200000e+02   1.0000000e+00   3.3100000e+00
   5.5300000e+02   1.0000000e+00   2.6600000e+00
   5.5400000e+02   1.0000000e+00   2.4400000e+00
   5.5500000e+02   1.0000000e+00   2.2600000e+00
   5.5600000e+02   1.0000000e+00   2.1400000e+00
   5.5700000e+02   1.0000000e+00   2.3000000e+00
   5.5800000e+02   1.0000000e+00   2.4600000e+00
   5.5900000e+02   1.0000000e+00   2.5500000e+00
   5.6000000e+02   1.0000000e+00   3.0500000e+00
   5.6100000e+02   1.0000000e+00   3.5400000e+00
   5.6200000e+02   1.0000000e+00   3.6100000e+00
   5.6300000e+02   1.0000000e+00   3.4200000e+00
   5.6400000e+02   1.0000000e+00   3.1800000e+00
   5.6500000e+02   1.0000000e+00   3.1100000e+00
   5.6600000e+02   1.0000000e+00   3.0500000e+00
   5.6700000e+02   1.0000000e+00   3.0500000e+00
   5.6800000e+02   1.0000000e+00   2.9700000e+00
   5.6900000e+02   1.0000000e+00   2.7600000e+00
   5.7000000e+02   1.0000000e+00   2.6400000e+00
   5.7100000e+02   1.0000000e+00   2.5300000e+00
   5.7200000e+02   1.0000000e+00   2.8800000e+00
   5.7300000e+02   1.0000000e+00   6.0500000e+00
   5.7400000e+02   1.0000000e+00   1.3270000e+01
   5.7500000e+02   1.0000000e+00   1.1080000e+01
   5.7600000e+02   1.0000000e+00   1.3220000e+01
   5.7700000e+02   1.0000000e+00   1.9960000e+01
   5.7800000e+02   1.0000000e+00   3.5910000e+01
   5.7900000e+02   1.0000000e+00   1.3238000e+02
   5.8000000e+02   1.0000000e+00   1.0498000e+02
   5.8100000e+02   1.0000000e+00   6.8930000e+01
   5.8200000e+02   1.0000000e+00   3.9790000e+01
   5.8300000e+02   1.0000000e+00   2.5350000e+01
   5.8400000e+02   1.0000000e+00   2.1870000e+01
   5.8500000e+02   1.0000000e+00   2.5890000e+01
   5.8600000e+02   1.0000000e+00   7.2080000e+01
   5.8700000e+02   1.0000000e+00   7.6240000e+01
   5.8800000e+02   1.0000000e+00   6.1270000e+01
   5.8900000e+02   1.0000000e+00   4.5810000e+01
   5.9000000e+02   1.0000000e+00   3.9490000e+01
   5.9100000e+02   1.0000000e+00   4.1510000e+01
   5.9200000e+02   1.0000000e+00   4.5150000e+01
   5.9300000e+02   1.0000000e+00   5.4470000e+01
   5.9400000e+02   1.0000000e+00   5.5810000e+01
   5.9500000e+02   1.0000000e+00   5.1200000e+01
   5.9600000e+02   1.0000000e+00   6.1060000e+01
   5.9700000e+02   1.0000000e+00   6.7680000e+01
   5.9800000e+02   1.0000000e+00   5.3740000e+01
   5.9900000e+02   1.0000000e+00   4.4930000e+01
   6.0000000e+02   1.0000000e+00   8.6840000e+01
   6.0100000e+02   1.0000000e+00   1.3807000e+02
   6.0200000e+02   1.0000000e+00   1.3552000e+02
   6.0300000e+02   1.0000000e+00   1.1291000e+02
   6.0400000e+02   1.0000000e+00   1.1140000e+02
   6.0500000e+02   1.0000000e+00   2.2126000e+02
   6.0600000e+02   1.0000000e+00   1.9760000e+02
   6.0700000e+02   1.0000000e+00   1.9591000e+02
   6.0800000e+02   1.0000000e+00   2.1348000e+02
   6.0900000e+02   1.0000000e+00   1.9256000e+02
   6.1000000e+02   1.0000000e+00   1.8676000e+02
   6.1100000e+02   1.0000000e+00   1.7313000e+02
   6.1200000e+02   1.0000000e+00   1.7350000e+02
   6.1300000e+02   1.0000000e+00   1.8703000e+02
   6.1400000e+02   1.0000000e+00   2.1059000e+02
   6.1500000e+02   1.0000000e+00   2.3145000e+02
   6.1600000e+02   1.0000000e+00   2.3074000e+02
   6.1700000e+02   1.0000000e+00   2.7958000e+02
   6.1800000e+02   1.0000000e+00   3.1711000e+02
   6.1900000e+02   1.0000000e+00   3.1577000e+02
   6.2000000e+02   1.0000000e+00   3.2638000e+02
   6.2100000e+02   1.0000000e+00   3.7933000e+02
   6.2200000e+02   1.0000000e+00   3.8994000e+02
   6.2300000e+02   1.0000000e+00   3.9571000e+02
   6.2400000e+02   1.0000000e+00   3.8422000e+02
   6.2500000e+02   1.0000000e+00   3.8445000e+02
   6.2600000e+02   1.0000000e+00   3.8323000e+02
   6.2700000e+02   1.0000000e+00   3.7706000e+02
   6.2800000e+02   1.0000000e+00   3.4749000e+02
   6.2900000e+02   1.0000000e+00   2.7598000e+02
   6.3000000e+02   1.0000000e+00   2.4399000e+02
   6.3100000e+02   1.0000000e+00   2.6366000e+02
   6.3200000e+02   1.0000000e+00   2.5465000e+02
   6.3300000e+02   1.0000000e+00   2.4899000e+02
   6.3400000e+02   1.0000000e+00   2.4612000e+02
   6.3500000e+02   1.0000000e+00   2.1707000e+02
   6.3600000e+02   1.0000000e+00   2.0490000e+02
   6.3700000e+02   1.0000000e+00   2.1839000e+02
   6.3800000e+02   1.0000000e+00   2.0719000e+02
   6.3900000e+02   1.0000000e+00   1.8854000e+02
   6.4000000e+02   1.0000000e+00   1.8472000e+02
   6.4100000e+02   1.0000000e+00   1.7635000e+02
   6.4200000e+02   1.0000000e+00   1.7446000e+02
   6.4300000e+02   1.0000000e+00   2.0314000e+02
   6.4400000e+02   1.0000000e+00   2.4885000e+02
   6.4500000e+02   1.0000000e+00   2.6710000e+02
   6.4600000e+02   1.0000000e+00   2.6940000e+02
   6.4700000e+02   1.0000000e+00   2.8095000e+02
   6.4800000e+02   1.0000000e+00   2.7360000e+02
   6.4900000e+02   1.0000000e+00   2.4542000e+02
   6.5000000e+02   1.0000000e+00   2.1830000e+02
   6.5100000e+02   1.0000000e+00   2.4643000e+02
   6.5200000e+02   1.0000000e+00   3.1655000e+02
   6.5300000e+02   1.0000000e+00   3.1970000e+02
   6.5400000e+02   1.0000000e+00   2.9663000e+02
   6.5500000e+02   1.0000000e+00   2.7678000e+02
   6.5600000e+02   1.0000000e+00   2.5927000e+02
   6.5700000e+02   1.0000000e+00   2.5300000e+02
   6.5800000e+02   1.0000000e+00   2.3488000e+02
   6.5900000e+02   1.0000000e+00   2.2282000e+02
   6.6000000e+02   1.0000000e+00   2.0218000e+02
   6.6100000e+02   1.0000000e+00   1.8257000e+02
   6.6200000e+02   1.0000000e+00   1.9344000e+02
   6.6300000e+02   1.0000000e+00   2.4197000e+02
   6.6400000e+02   1.0000000e+00   2.2664000e+02
   6.6500000e+02   1.0000000e+00   2.0721000e+02
   6.6600000e+02   1.0000000e+00   2.1587000e+02
   6.6700000e+02   1.0000000e+00   2.1599000e+02
   6.6800000e+02   1.0000000e+00   2.4870000e+02
   6.6900000e+02   1.0000000e+00   2.9930000e+02
   6.7000000e+02   1.0000000e+00   3.3760000e+02
   6.7100000e+02   1.0000000e+00   3.2857000e+02
   6.7200000e+02   1.0000000e+00   2.7486000e+02
   6.7300000e+02   1.0000000e+00   2.3569000e+02
   6.7400000e+02   1.0000000e+00   2.2182000e+02
   6.7500000e+02   1.0000000e+00   2.2088000e+02
   6.7600000e+02   1.0000000e+00   2.2074000e+02
   6.7700000e+02   1.0000000e+00   2.1817000e+02
   6.7800000e+02   1.0000000e+00   2.1963000e+02
   6.7900000e+02   1.0000000e+00   1.8769000e+02
   6.8000000e+02   1.0000000e+00   1.7343000e+02
   6.8100000e+02   1.0000000e+00   2.0758000e+02
   6.8200000e+02   1.0000000e+00   1.5478000e+02
   6.8300000e+02   1.0000000e+00   1.4942000e+02
   6.8400000e+02   1.0000000e+00   1.5528000e+02
   6.8500000e+02   1.0000000e+00   1.5581000e+02
   6.8600000e+02   1.0000000e+00   1.5180000e+02
   6.8700000e+02   1.0000000e+00   1.6163000e+02
   6.8800000e+02   1.0000000e+00   1.5716000e+02
   6.8900000e+02   1.0000000e+00   1.4075000e+02
   6.9000000e+02   1.0000000e+00   1.2787000e+02
   6.9100000e+02   1.0000000e+00   1.0762000e+02
   6.9200000e+02   1.0000000e+00   9.1140000e+01
   6.9300000e+02   1.0000000e+00   7.9720000e+01
   6.9400000e+02   1.0000000e+00   7.0590000e+01
   6.9500000e+02   1.0000000e+00   6.2810000e+01
   6.9600000e+02   1.0000000e+00   5.6110000e+01
   6.9700000e+02   1.0000000e+00   5.0480000e+01
   6.9800000e+02   1.0000000e+00   4.6250000e+01
   6.9900000e+02   1.0000000e+00   4.2410000e+01
   7.0000000e+02   1.0000000e+00   3.8760000e+01
   7.0100000e+02   1.0000000e+00   3.5100000e+01
   7.0200000e+02   1.0000000e+00   3.2180000e+01
   7.0300000e+02   1.0000000e+00   2.9550000e+01
   7.0400000e+02   1.0000000e+00   2.6970000e+01
   7.0500000e+02   1.0000000e+00   2.4910000e+01
   7.0600000e+02   1.0000000e+00   2.3310000e+01
   7.0700000e+02   1.0000000e+00   2.1430000e+01
   7.0800000e+02   1.0000000e+00   1.9670000e+01
   7.0900000e+02   1.0000000e+00   1.8150000e+01
   7.1000000e+02   1.0000000e+00   1.6910000e+01
   7.1100000e+02   1.0000000e+00   1.5740000e+01
   7.1200000e+02   1.0000000e+00   1.4610000e+01
   7.1300000e+02   1.0000000e+00   1.3770000e+01
   7.1400000e+02   1.0000000e+00   1.2820000e+01
   7.1500000e+02   1.0000000e+00   1.2080000e+01
   7.1600000e+02   1.0000000e+00   1.1480000e+01
   7.1700000e+02   1.0000000e+00   1.0330000e+01
   7.1800000e+02   1.0000000e+00   9.5200000e+00
   7.1900000e+02   1.0000000e+00   8.9100000e+00
   7.2000000e+02   1.0000000e+00   8.4300000e+00
   7.2100000e+02   1.0000000e+00   7.8400000e+00
   7.2200000e+02   1.0000000e+00   7.5400000e+00
   7.2300000e+02   1.0000000e+00   7.1600000e+00
   7.2400000e+02   1.0000000e+00   6.8500000e+00
   7.2500000e+02   1.0000000e+00   6.5200000e+00
   7.2600000e+02   1.0000000e+00   6.0900000e+00
   7.2700000e+02   1.0000000e+00   5.9500000e+00
   7.2800000e+02   1.0000000e+00   5.7200000e+00
   7.2900000e+02   1.0000000e+00   5.4600000e+00
   7.3000000e+02   1.0000000e+00   5.2100000e+00
   7.3100000e+02   1.0000000e+00   4.9600000e+00
   7.3200000e+02   1.0000000e+00   4.8400000e+00
   7.3300000e+02   1.0000000e+00   4.6600000e+00
   7.3400000e+02   1.0000000e+00   4.4800000e+00
   7.3500000e+02   1.0000000e+00   5.1900000e+00
   7.3600000e+02   1.0000000e+00   6.4000000e+00
   7.3700000e+02   1.0000000e+00   8.0100000e+00
   7.3800000e+02   1.0000000e+00   9.5100000e+00
   7.3900000e+02   1.0000000e+00   7.2300000e+00
   7.4000000e+02   1.0000000e+00   5.9300000e+00
   7.4100000e+02   1.0000000e+00   5.2700000e+00
   7.4200000e+02   1.0000000e+00   4.8900000e+00
   7.4300000e+02   1.0000000e+00   4.5700000e+00
   7.4400000e+02   1.0000000e+00   4.3400000e+00
   7.4500000e+02   1.0000000e+00   4.1400000e+00
   7.4600000e+02   1.0000000e+00   3.9700000e+00
   7.4700000e+02   1.0000000e+00   3.8400000e+00
   7.4800000e+02   1.0000000e+00   3.6600000e+00
   7.4900000e+02   1.0000000e+00   3.1800000e+00
   7.5000000e+02   1.0000000e+00   2.8700000e+00
   7.5100000e+02   1.0000000e+00   2.7700000e+00
   7.5200000e+02   1.0000000e+00   2.6500000e+00
   7.5300000e+02   1.0000000e+00   2.5300000e+00
   7.5400000e+02   1.0000000e+00   2.4500000e+00
   7.5500000e+02   1.0000000e+00   2.3700000e+00
   7.5600000e+02   1.0000000e+00   2.3200000e+00
   7.5700000e+02   1.0000000e+00   2.3200000e+00
   7.5800000e+02   1.0000000e+00   2.3000000e+00
   7.5900000e+02   1.0000000e+00   2.2500000e+00
   7.6000000e+02   1.0000000e+00   2.2500000e+00
   7.6100000e+02   1.0000000e+00   2.2300000e+00
