   3.1000000e+01   1.0000000e+00   1.7828571e-02
   3.2000000e+01   1.0000000e+00   1.2342857e-02
   3.3000000e+01   1.0000000e+00   1.0028571e-02
   3.4000000e+01   1.0000000e+00   9.9428571e-03
   3.5000000e+01   1.0000000e+00   9.6000000e-03
   3.6000000e+01   1.0000000e+00   9.5142857e-03
   3.7000000e+01   1.0000000e+00   9.5142857e-03
   3.8000000e+01   1.0000000e+00   9.2571429e-03
   3.9000000e+01   1.0000000e+00   9.0000000e-03
   4.0000000e+01   1.0000000e+00   8.7428571e-03
   4.1000000e+01   1.0000000e+00   8.7428571e-03
   4.2000000e+01   1.0000000e+00   8.7428571e-03
   4.3000000e+01   1.0000000e+00   8.4857143e-03
   4.4000000e+01   1.0000000e+00   8.4000000e-03
   4.5000000e+01   1.0000000e+00   8.4000000e-03
   4.6000000e+01   1.0000000e+00   8.2285714e-03
   4.7000000e+01   1.0000000e+00   7.9714286e-03
   4.8000000e+01   1.0000000e+00   7.9714286e-03
   4.9000000e+01   1.0000000e+00   7.8857143e-03
   5.0000000e+01   1.0000000e+00   7.6285714e-03
   5.1000000e+01   1.0000000e+00   7.6285714e-03
   5.2000000e+01   1.0000000e+00   7.1142857e-03
   5.3000000e+01   1.0000000e+00   6.6857143e-03
   5.4000000e+01   1.0000000e+00   1.8000000e-03
   5.5000000e+01   1.0000000e+00   0.0000000e+00
   5.6000000e+01   1.0000000e+00   0.0000000e+00
   5.7000000e+01   1.0000000e+00   0.0000000e+00
   5.8000000e+01   1.0000000e+00   0.0000000e+00
   5.9000000e+01   1.0000000e+00   0.0000000e+00
   6.0000000e+01   1.0000000e+00   0.0000000e+00
   6.1000000e+01   1.0000000e+00   0.0000000e+00
   6.2000000e+01   1.0000000e+00   0.0000000e+00
   6.3000000e+01   1.0000000e+00   0.0000000e+00
   6.4000000e+01   1.0000000e+00   0.0000000e+00
   6.5000000e+01   1.0000000e+00   0.0000000e+00
   6.6000000e+01   1.0000000e+00   0.0000000e+00
   6.7000000e+01   1.0000000e+00   0.0000000e+00
   6.8000000e+01   1.0000000e+00   0.0000000e+00
   6.9000000e+01   1.0000000e+00   0.0000000e+00
   7.0000000e+01   1.0000000e+00   0.0000000e+00
   7.1000000e+01   1.0000000e+00   0.0000000e+00
   7.2000000e+01   1.0000000e+00   0.0000000e+00
   7.3000000e+01   1.0000000e+00   0.0000000e+00
   7.4000000e+01   1.0000000e+00   0.0000000e+00
   7.5000000e+01   1.0000000e+00   0.0000000e+00
   7.6000000e+01   1.0000000e+00   0.0000000e+00
   7.7000000e+01   1.0000000e+00   0.0000000e+00
   7.8000000e+01   1.0000000e+00   0.0000000e+00
   7.9000000e+01   1.0000000e+00   0.0000000e+00
   8.0000000e+01   1.0000000e+00   0.0000000e+00
   8.1000000e+01   1.0000000e+00   0.0000000e+00
   8.2000000e+01   1.0000000e+00   0.0000000e+00
   8.3000000e+01   1.0000000e+00   0.0000000e+00
   8.4000000e+01   1.0000000e+00   0.0000000e+00
   8.5000000e+01   1.0000000e+00   0.0000000e+00
   8.6000000e+01   1.0000000e+00   0.0000000e+00
   8.7000000e+01   1.0000000e+00   0.0000000e+00
   8.8000000e+01   1.0000000e+00   0.0000000e+00
   8.9000000e+01   1.0000000e+00   0.0000000e+00
   9.0000000e+01   1.0000000e+00   0.0000000e+00
   9.1000000e+01   1.0000000e+00   0.0000000e+00
   9.2000000e+01   1.0000000e+00   0.0000000e+00
   9.3000000e+01   1.0000000e+00   0.0000000e+00
   9.4000000e+01   1.0000000e+00   0.0000000e+00
   9.5000000e+01   1.0000000e+00   0.0000000e+00
   9.6000000e+01   1.0000000e+00   0.0000000e+00
   9.7000000e+01   1.0000000e+00   0.0000000e+00
   9.8000000e+01   1.0000000e+00   0.0000000e+00
   9.9000000e+01   1.0000000e+00   0.0000000e+00
   1.0000000e+02   1.0000000e+00   0.0000000e+00
   1.0100000e+02   1.0000000e+00   0.0000000e+00
   1.0200000e+02   1.0000000e+00   0.0000000e+00
   1.0300000e+02   1.0000000e+00   0.0000000e+00
   1.0400000e+02   1.0000000e+00   0.0000000e+00
   1.0500000e+02   1.0000000e+00   0.0000000e+00
   1.0600000e+02   1.0000000e+00   0.0000000e+00
   1.0700000e+02   1.0000000e+00   0.0000000e+00
   1.0800000e+02   1.0000000e+00   0.0000000e+00
   1.0900000e+02   1.0000000e+00   0.0000000e+00
   1.1000000e+02   1.0000000e+00   0.0000000e+00
   1.1100000e+02   1.0000000e+00   0.0000000e+00
   1.1200000e+02   1.0000000e+00   0.0000000e+00
   1.1300000e+02   1.0000000e+00   0.0000000e+00
   1.1400000e+02   1.0000000e+00   0.0000000e+00
   1.1500000e+02   1.0000000e+00   0.0000000e+00
   1.1600000e+02   1.0000000e+00   0.0000000e+00
   1.1700000e+02   1.0000000e+00   0.0000000e+00
   1.1800000e+02   1.0000000e+00   0.0000000e+00
   1.1900000e+02   1.0000000e+00   0.0000000e+00
   1.2000000e+02   1.0000000e+00   0.0000000e+00
   1.2100000e+02   1.0000000e+00   0.0000000e+00
   1.2200000e+02   1.0000000e+00   0.0000000e+00
   1.2300000e+02   1.0000000e+00   0.0000000e+00
   1.2400000e+02   1.0000000e+00   0.0000000e+00
   1.2500000e+02   1.0000000e+00   0.0000000e+00
   1.2600000e+02   1.0000000e+00   0.0000000e+00
   1.2700000e+02   1.0000000e+00   0.0000000e+00
   1.2800000e+02   1.0000000e+00   0.0000000e+00
   1.2900000e+02   1.0000000e+00   0.0000000e+00
   1.3000000e+02   1.0000000e+00   0.0000000e+00
   1.3100000e+02   1.0000000e+00   0.0000000e+00
   1.3200000e+02   1.0000000e+00   0.0000000e+00
   1.3300000e+02   1.0000000e+00   0.0000000e+00
   1.3400000e+02   1.0000000e+00   0.0000000e+00
   1.3500000e+02   1.0000000e+00   0.0000000e+00
   1.3600000e+02   1.0000000e+00   0.0000000e+00
   1.3700000e+02   1.0000000e+00   0.0000000e+00
   1.3800000e+02   1.0000000e+00   0.0000000e+00
   1.3900000e+02   1.0000000e+00   0.0000000e+00
   1.4000000e+02   1.0000000e+00   0.0000000e+00
   1.4100000e+02   1.0000000e+00   0.0000000e+00
   1.4200000e+02   1.0000000e+00   0.0000000e+00
   1.4300000e+02   1.0000000e+00   0.0000000e+00
   1.4400000e+02   1.0000000e+00   0.0000000e+00
   1.4500000e+02   1.0000000e+00   0.0000000e+00
   1.4600000e+02   1.0000000e+00   0.0000000e+00
   1.4700000e+02   1.0000000e+00   0.0000000e+00
   1.4800000e+02   1.0000000e+00   0.0000000e+00
   1.4900000e+02   1.0000000e+00   0.0000000e+00
   1.5000000e+02   1.0000000e+00   0.0000000e+00
   1.5100000e+02   1.0000000e+00   6.9428571e-03
   1.5200000e+02   1.0000000e+00   1.1657143e-02
   1.5300000e+02   1.0000000e+00   3.9428571e-02
   1.5400000e+02   1.0000000e+00   4.8857143e-02
   1.5500000e+02   1.0000000e+00   3.6942857e-02
   1.5600000e+02   1.0000000e+00   3.0085714e-02
   1.5700000e+02   1.0000000e+00   2.5885714e-02
   1.5800000e+02   1.0000000e+00   2.3314286e-02
   1.5900000e+02   1.0000000e+00   2.1000000e-02
   1.6000000e+02   1.0000000e+00   1.9457143e-02
   1.6100000e+02   1.0000000e+00   1.8085714e-02
   1.6200000e+02   1.0000000e+00   1.6800000e-02
   1.6300000e+02   1.0000000e+00   1.5600000e-02
   1.6400000e+02   1.0000000e+00   1.5171429e-02
   1.6500000e+02   1.0000000e+00   1.5000000e-02
   1.6600000e+02   1.0000000e+00   1.4057143e-02
   1.6700000e+02   1.0000000e+00   4.0971429e-02
   1.6800000e+02   1.0000000e+00   9.1885714e-02
   1.6900000e+02   1.0000000e+00   6.9171429e-02
   1.7000000e+02   1.0000000e+00   5.7257143e-02
   1.7100000e+02   1.0000000e+00   5.4000000e-02
   1.7200000e+02   1.0000000e+00   4.5342857e-02
   1.7300000e+02   1.0000000e+00   3.6600000e-02
   1.7400000e+02   1.0000000e+00   3.4285714e-02
   1.7500000e+02   1.0000000e+00   3.0342857e-02
   1.7600000e+02   1.0000000e+00   2.6657143e-02
   1.7700000e+02   1.0000000e+00   2.6314286e-02
   1.7800000e+02   1.0000000e+00   2.6400000e-02
   1.7900000e+02   1.0000000e+00   2.8457143e-02
   1.8000000e+02   1.0000000e+00   3.1114286e-02
   1.8100000e+02   1.0000000e+00   2.9571429e-02
   1.8200000e+02   1.0000000e+00   2.9228571e-02
   1.8300000e+02   1.0000000e+00   3.0428571e-02
   1.8400000e+02   1.0000000e+00   2.8714286e-02
   1.8500000e+02   1.0000000e+00   2.7685714e-02
   1.8600000e+02   1.0000000e+00   2.6742857e-02
   1.8700000e+02   1.0000000e+00   2.5885714e-02
   1.8800000e+02   1.0000000e+00   2.5371429e-02
   1.8900000e+02   1.0000000e+00   2.6571429e-02
   1.9000000e+02   1.0000000e+00   2.6657143e-02
   1.9100000e+02   1.0000000e+00   2.5371429e-02
   1.9200000e+02   1.0000000e+00   2.4428571e-02
   1.9300000e+02   1.0000000e+00   2.3914286e-02
   1.9400000e+02   1.0000000e+00   2.3914286e-02
   1.9500000e+02   1.0000000e+00   2.3914286e-02
   1.9600000e+02   1.0000000e+00   2.3742857e-02
   1.9700000e+02   1.0000000e+00   2.3057143e-02
   1.9800000e+02   1.0000000e+00   2.2371429e-02
   1.9900000e+02   1.0000000e+00   2.0914286e-02
   2.0000000e+02   1.0000000e+00   2.0314286e-02
   2.0100000e+02   1.0000000e+00   1.9714286e-02
   2.0200000e+02   1.0000000e+00   1.9114286e-02
   2.0300000e+02   1.0000000e+00   1.8514286e-02
   2.0400000e+02   1.0000000e+00   1.8085714e-02
   2.0500000e+02   1.0000000e+00   1.7914286e-02
   2.0600000e+02   1.0000000e+00   1.7314286e-02
   2.0700000e+02   1.0000000e+00   1.6714286e-02
   2.0800000e+02   1.0000000e+00   1.6457143e-02
   2.0900000e+02   1.0000000e+00   2.3742857e-02
   2.1000000e+02   1.0000000e+00   2.2371429e-02
   2.1100000e+02   1.0000000e+00   1.9885714e-02
   2.1200000e+02   1.0000000e+00   2.0657143e-02
   2.1300000e+02   1.0000000e+00   2.7085714e-02
   2.1400000e+02   1.0000000e+00   2.7428571e-02
   2.1500000e+02   1.0000000e+00   2.7171429e-02
   2.1600000e+02   1.0000000e+00   3.2485714e-02
   2.1700000e+02   1.0000000e+00   3.4371429e-02
   2.1800000e+02   1.0000000e+00   2.9571429e-02
   2.1900000e+02   1.0000000e+00   2.6571429e-02
   2.2000000e+02   1.0000000e+00   2.4685714e-02
   2.2100000e+02   1.0000000e+00   2.3228571e-02
   2.2200000e+02   1.0000000e+00   2.1685714e-02
   2.2300000e+02   1.0000000e+00   2.1000000e-02
   2.2400000e+02   1.0000000e+00   2.0314286e-02
   2.2500000e+02   1.0000000e+00   1.9714286e-02
   2.2600000e+02   1.0000000e+00   1.9114286e-02
   2.2700000e+02   1.0000000e+00   1.8514286e-02
   2.2800000e+02   1.0000000e+00   1.8085714e-02
   2.2900000e+02   1.0000000e+00   1.9371429e-02
   2.3000000e+02   1.0000000e+00   2.8200000e-02
   2.3100000e+02   1.0000000e+00   3.4114286e-02
   2.3200000e+02   1.0000000e+00   4.2171429e-02
   2.3300000e+02   1.0000000e+00   6.8314286e-02
   2.3400000e+02   1.0000000e+00   6.6685714e-02
   2.3500000e+02   1.0000000e+00   7.2514286e-02
   2.3600000e+02   1.0000000e+00   1.4348571e-01
   2.3700000e+02   1.0000000e+00   1.6491429e-01
   2.3800000e+02   1.0000000e+00   1.2831429e-01
   2.3900000e+02   1.0000000e+00   1.2077143e-01
   2.4000000e+02   1.0000000e+00   1.3671429e-01
   2.4100000e+02   1.0000000e+00   1.4451429e-01
   2.4200000e+02   1.0000000e+00   1.5925714e-01
   2.4300000e+02   1.0000000e+00   1.9002857e-01
   2.4400000e+02   1.0000000e+00   2.7231429e-01
   2.4500000e+02   1.0000000e+00   3.6985714e-01
   2.4600000e+02   1.0000000e+00   3.4422857e-01
   2.4700000e+02   1.0000000e+00   2.9897143e-01
   2.4800000e+02   1.0000000e+00   2.4437143e-01
   2.4900000e+02   1.0000000e+00   2.0905714e-01
   2.5000000e+02   1.0000000e+00   1.8968571e-01
   2.5100000e+02   1.0000000e+00   1.7048571e-01
   2.5200000e+02   1.0000000e+00   1.8737143e-01
   2.5300000e+02   1.0000000e+00   3.1602857e-01
   2.5400000e+02   1.0000000e+00   2.5277143e-01
   2.5500000e+02   1.0000000e+00   2.6811429e-01
   2.5600000e+02   1.0000000e+00   3.7705714e-01
   2.5700000e+02   1.0000000e+00   5.2817143e-01
   2.5800000e+02   1.0000000e+00   6.6205714e-01
   2.5900000e+02   1.0000000e+00   5.3562857e-01
   2.6000000e+02   1.0000000e+00   4.4100000e-01
   2.6100000e+02   1.0000000e+00   4.5445714e-01
   2.6200000e+02   1.0000000e+00   5.7840000e-01
   2.6300000e+02   1.0000000e+00   6.7311429e-01
   2.6400000e+02   1.0000000e+00   8.8714286e-01
   2.6500000e+02   1.0000000e+00   1.0832571e+00
   2.6600000e+02   1.0000000e+00   1.0932857e+00
   2.6700000e+02   1.0000000e+00   9.9737143e-01
   2.6800000e+02   1.0000000e+00   1.1357143e+00
   2.6900000e+02   1.0000000e+00   1.2904286e+00
   2.7000000e+02   1.0000000e+00   1.4254286e+00
   2.7100000e+02   1.0000000e+00   1.7490000e+00
   2.7200000e+02   1.0000000e+00   2.1858000e+00
   2.7300000e+02   1.0000000e+00   2.5420286e+00
   2.7400000e+02   1.0000000e+00   2.8030286e+00
   2.7500000e+02   1.0000000e+00   2.9662286e+00
   2.7600000e+02   1.0000000e+00   3.0990857e+00
   2.7700000e+02   1.0000000e+00   3.2445429e+00
   2.7800000e+02   1.0000000e+00   3.4053429e+00
   2.7900000e+02   1.0000000e+00   3.5392286e+00
   2.8000000e+02   1.0000000e+00   3.6263143e+00
   2.8100000e+02   1.0000000e+00   3.7316571e+00
   2.8200000e+02   1.0000000e+00   3.8004000e+00
   2.8300000e+02   1.0000000e+00   3.8652000e+00
   2.8400000e+02   1.0000000e+00   3.9575143e+00
   2.8500000e+02   1.0000000e+00   4.0569429e+00
   2.8600000e+02   1.0000000e+00   4.0906286e+00
   2.8700000e+02   1.0000000e+00   4.0963714e+00
   2.8800000e+02   1.0000000e+00   3.9564857e+00
   2.8900000e+02   1.0000000e+00   3.5311714e+00
   2.9000000e+02   1.0000000e+00   2.4930000e+00
   2.9100000e+02   1.0000000e+00   2.0450571e+00
   2.9200000e+02   1.0000000e+00   2.1083143e+00
   2.9300000e+02   1.0000000e+00   2.3455714e+00
   2.9400000e+02   1.0000000e+00   2.4071143e+00
   2.9500000e+02   1.0000000e+00   2.4041143e+00
   2.9600000e+02   1.0000000e+00   2.2753714e+00
   2.9700000e+02   1.0000000e+00   2.1294000e+00
   2.9800000e+02   1.0000000e+00   2.0895429e+00
   2.9900000e+02   1.0000000e+00   2.2254857e+00
   3.0000000e+02   1.0000000e+00   2.2608857e+00
   3.0100000e+02   1.0000000e+00   2.2371429e+00
   3.0200000e+02   1.0000000e+00   2.0861143e+00
   3.0300000e+02   1.0000000e+00   1.7840571e+00
   3.0400000e+02   1.0000000e+00   1.6410000e+00
   3.0500000e+02   1.0000000e+00   1.4004000e+00
   3.0600000e+02   1.0000000e+00   1.2074571e+00
   3.0700000e+02   1.0000000e+00   1.0470857e+00
   3.0800000e+02   1.0000000e+00   9.0634286e-01
   3.0900000e+02   1.0000000e+00   8.7162857e-01
   3.1000000e+02   1.0000000e+00   9.9960000e-01
   3.1100000e+02   1.0000000e+00   1.0881429e+00
   3.1200000e+02   1.0000000e+00   1.0087714e+00
   3.1300000e+02   1.0000000e+00   8.3845714e-01
   3.1400000e+02   1.0000000e+00   7.5685714e-01
   3.1500000e+02   1.0000000e+00   6.1105714e-01
   3.1600000e+02   1.0000000e+00   5.1608571e-01
   3.1700000e+02   1.0000000e+00   4.5008571e-01
   3.1800000e+02   1.0000000e+00   4.0508571e-01
   3.1900000e+02   1.0000000e+00   3.7251429e-01
   3.2000000e+02   1.0000000e+00   3.4551429e-01
   3.2100000e+02   1.0000000e+00   3.1911429e-01
   3.2200000e+02   1.0000000e+00   2.9185714e-01
   3.2300000e+02   1.0000000e+00   2.6631429e-01
   3.2400000e+02   1.0000000e+00   2.9040000e-01
   3.2500000e+02   1.0000000e+00   3.3857143e-01
   3.2600000e+02   1.0000000e+00   3.5082857e-01
   3.2700000e+02   1.0000000e+00   3.5348571e-01
   3.2800000e+02   1.0000000e+00   3.0994286e-01
   3.2900000e+02   1.0000000e+00   2.6691429e-01
   3.3000000e+02   1.0000000e+00   2.6768571e-01
   3.3100000e+02   1.0000000e+00   2.5371429e-01
   3.3200000e+02   1.0000000e+00   2.3571429e-01
   3.3300000e+02   1.0000000e+00   2.2551429e-01
   3.3400000e+02   1.0000000e+00   2.2311429e-01
   3.3500000e+02   1.0000000e+00   2.0194286e-01
   3.3600000e+02   1.0000000e+00   1.7725714e-01
   3.3700000e+02   1.0000000e+00   1.5994286e-01
   3.3800000e+02   1.0000000e+00   1.4580000e-01
   3.3900000e+02   1.0000000e+00   1.3380000e-01
   3.4000000e+02   1.0000000e+00   1.2428571e-01
   3.4100000e+02   1.0000000e+00   1.1708571e-01
   3.4200000e+02   1.0000000e+00   1.0671429e-01
   3.4300000e+02   1.0000000e+00   9.8485714e-02
   3.4400000e+02   1.0000000e+00   8.5800000e-02
   3.4500000e+02   1.0000000e+00   7.7057143e-02
   3.4600000e+02   1.0000000e+00   8.0828571e-02
   3.4700000e+02   1.0000000e+00   6.7371429e-02
   3.4800000e+02   1.0000000e+00   6.0085714e-02
   3.4900000e+02   1.0000000e+00   5.7000000e-02
   3.5000000e+02   1.0000000e+00   5.4685714e-02
   3.5100000e+02   1.0000000e+00   5.4171429e-02
   3.5200000e+02   1.0000000e+00   5.6228571e-02
   3.5300000e+02   1.0000000e+00   5.3314286e-02
   3.5400000e+02   1.0000000e+00   4.6885714e-02
   3.5500000e+02   1.0000000e+00   4.4400000e-02
   3.5600000e+02   1.0000000e+00   4.3457143e-02
   3.5700000e+02   1.0000000e+00   4.3800000e-02
   3.5800000e+02   1.0000000e+00   4.2514286e-02
   3.5900000e+02   1.0000000e+00   4.0457143e-02
   3.6000000e+02   1.0000000e+00   3.8142857e-02
   3.6100000e+02   1.0000000e+00   3.6771429e-02
   3.6200000e+02   1.0000000e+00   3.4800000e-02
   3.6300000e+02   1.0000000e+00   3.3257143e-02
   3.6400000e+02   1.0000000e+00   3.2314286e-02
   3.6500000e+02   1.0000000e+00   3.1457143e-02
   3.6600000e+02   1.0000000e+00   2.9914286e-02
   3.6700000e+02   1.0000000e+00   2.9057143e-02
   3.6800000e+02   1.0000000e+00   2.7942857e-02
   3.6900000e+02   1.0000000e+00   2.6914286e-02
   3.7000000e+02   1.0000000e+00   2.6057143e-02
   3.7100000e+02   1.0000000e+00   2.5371429e-02
   3.7200000e+02   1.0000000e+00   2.4171429e-02
   3.7300000e+02   1.0000000e+00   2.3742857e-02
   3.7400000e+02   1.0000000e+00   2.2542857e-02
   3.7500000e+02   1.0000000e+00   2.2457143e-02
   3.7600000e+02   1.0000000e+00   2.1857143e-02
   3.7700000e+02   1.0000000e+00   2.1857143e-02
   3.7800000e+02   1.0000000e+00   2.1857143e-02
   3.7900000e+02   1.0000000e+00   2.1857143e-02
   3.8000000e+02   1.0000000e+00   2.1857143e-02
   3.8100000e+02   1.0000000e+00   2.1857143e-02
   3.8200000e+02   1.0000000e+00   2.1857143e-02
   3.8300000e+02   1.0000000e+00   2.1857143e-02
   3.8400000e+02   1.0000000e+00   2.1857143e-02
   3.8500000e+02   1.0000000e+00   2.1857143e-02
   3.8600000e+02   1.0000000e+00   2.1857143e-02
   3.8700000e+02   1.0000000e+00   2.1857143e-02
   3.8800000e+02   1.0000000e+00   2.1857143e-02
   3.8900000e+02   1.0000000e+00   2.1857143e-02
   3.9000000e+02   1.0000000e+00   2.1685714e-02
   3.9100000e+02   1.0000000e+00   2.1171429e-02
   3.9200000e+02   1.0000000e+00   2.1171429e-02
   3.9300000e+02   1.0000000e+00   2.1171429e-02
   3.9400000e+02   1.0000000e+00   1.3628571e-02
   3.9500000e+02   1.0000000e+00   1.3628571e-02
   3.9600000e+02   1.0000000e+00   1.3628571e-02
   3.9700000e+02   1.0000000e+00   1.3371429e-02
   3.9800000e+02   1.0000000e+00   1.3114286e-02
   3.9900000e+02   1.0000000e+00   1.2857143e-02
   4.0000000e+02   1.0000000e+00   1.2685714e-02
   4.0100000e+02   1.0000000e+00   1.2685714e-02
   4.0200000e+02   1.0000000e+00   1.2685714e-02
   4.0300000e+02   1.0000000e+00   1.2342857e-02
   4.0400000e+02   1.0000000e+00   1.2171429e-02
   4.0500000e+02   1.0000000e+00   1.2171429e-02
   4.0600000e+02   1.0000000e+00   1.1914286e-02
   4.0700000e+02   1.0000000e+00   1.1400000e-02
   4.0800000e+02   1.0000000e+00   1.0542857e-02
   4.0900000e+02   1.0000000e+00   9.6857143e-03
   4.1000000e+02   1.0000000e+00   9.5142857e-03
   4.1100000e+02   1.0000000e+00   9.1714286e-03
   4.1200000e+02   1.0000000e+00   8.7428571e-03
   4.1300000e+02   1.0000000e+00   8.4857143e-03
   4.1400000e+02   1.0000000e+00   8.4000000e-03
   4.1500000e+02   1.0000000e+00   8.4000000e-03
   4.1600000e+02   1.0000000e+00   8.4000000e-03
   4.1700000e+02   1.0000000e+00   7.9714286e-03
   4.1800000e+02   1.0000000e+00   7.3714286e-03
   4.1900000e+02   1.0000000e+00   7.2000000e-03
   4.2000000e+02   1.0000000e+00   6.9428571e-03
   4.2100000e+02   1.0000000e+00   4.8000000e-03
   4.2200000e+02   1.0000000e+00   0.0000000e+00
   4.2300000e+02   1.0000000e+00   0.0000000e+00
   4.2400000e+02   1.0000000e+00   0.0000000e+00
   4.2500000e+02   1.0000000e+00   0.0000000e+00
   4.2600000e+02   1.0000000e+00   0.0000000e+00
   4.2700000e+02   1.0000000e+00   0.0000000e+00
   4.2800000e+02   1.0000000e+00   0.0000000e+00
   4.2900000e+02   1.0000000e+00   0.0000000e+00
   4.3000000e+02   1.0000000e+00   0.0000000e+00
   4.3100000e+02   1.0000000e+00   0.0000000e+00
   4.3200000e+02   1.0000000e+00   0.0000000e+00
   4.3300000e+02   1.0000000e+00   0.0000000e+00
   4.3400000e+02   1.0000000e+00   0.0000000e+00
   4.3500000e+02   1.0000000e+00   0.0000000e+00
   4.3600000e+02   1.0000000e+00   0.0000000e+00
   4.3700000e+02   1.0000000e+00   0.0000000e+00
   4.3800000e+02   1.0000000e+00   0.0000000e+00
   4.3900000e+02   1.0000000e+00   0.0000000e+00
   4.4000000e+02   1.0000000e+00   0.0000000e+00
   4.4100000e+02   1.0000000e+00   0.0000000e+00
   4.4200000e+02   1.0000000e+00   0.0000000e+00
   4.4300000e+02   1.0000000e+00   0.0000000e+00
   4.4400000e+02   1.0000000e+00   0.0000000e+00
   4.4500000e+02   1.0000000e+00   0.0000000e+00
   4.4600000e+02   1.0000000e+00   0.0000000e+00
   4.4700000e+02   1.0000000e+00   0.0000000e+00
   4.4800000e+02   1.0000000e+00   0.0000000e+00
   4.4900000e+02   1.0000000e+00   0.0000000e+00
   4.5000000e+02   1.0000000e+00   0.0000000e+00
   4.5100000e+02   1.0000000e+00   0.0000000e+00
   4.5200000e+02   1.0000000e+00   0.0000000e+00
   4.5300000e+02   1.0000000e+00   0.0000000e+00
   4.5400000e+02   1.0000000e+00   0.0000000e+00
   4.5500000e+02   1.0000000e+00   0.0000000e+00
   4.5600000e+02   1.0000000e+00   0.0000000e+00
   4.5700000e+02   1.0000000e+00   0.0000000e+00
   4.5800000e+02   1.0000000e+00   0.0000000e+00
   4.5900000e+02   1.0000000e+00   0.0000000e+00
   4.6000000e+02   1.0000000e+00   0.0000000e+00
   4.6100000e+02   1.0000000e+00   0.0000000e+00
   4.6200000e+02   1.0000000e+00   0.0000000e+00
   4.6300000e+02   1.0000000e+00   0.0000000e+00
   4.6400000e+02   1.0000000e+00   0.0000000e+00
   4.6500000e+02   1.0000000e+00   0.0000000e+00
   4.6600000e+02   1.0000000e+00   0.0000000e+00
   4.6700000e+02   1.0000000e+00   0.0000000e+00
   4.6800000e+02   1.0000000e+00   0.0000000e+00
   4.6900000e+02   1.0000000e+00   0.0000000e+00
   4.7000000e+02   1.0000000e+00   0.0000000e+00
   4.7100000e+02   1.0000000e+00   0.0000000e+00
   4.7200000e+02   1.0000000e+00   0.0000000e+00
   4.7300000e+02   1.0000000e+00   0.0000000e+00
   4.7400000e+02   1.0000000e+00   0.0000000e+00
   4.7500000e+02   1.0000000e+00   0.0000000e+00
   4.7600000e+02   1.0000000e+00   0.0000000e+00
   4.7700000e+02   1.0000000e+00   0.0000000e+00
   4.7800000e+02   1.0000000e+00   0.0000000e+00
   4.7900000e+02   1.0000000e+00   0.0000000e+00
   4.8000000e+02   1.0000000e+00   0.0000000e+00
   4.8100000e+02   1.0000000e+00   0.0000000e+00
   4.8200000e+02   1.0000000e+00   0.0000000e+00
   4.8300000e+02   1.0000000e+00   0.0000000e+00
   4.8400000e+02   1.0000000e+00   0.0000000e+00
   4.8500000e+02   1.0000000e+00   0.0000000e+00
   4.8600000e+02   1.0000000e+00   0.0000000e+00
   4.8700000e+02   1.0000000e+00   0.0000000e+00
   4.8800000e+02   1.0000000e+00   0.0000000e+00
   4.8900000e+02   1.0000000e+00   0.0000000e+00
   4.9000000e+02   1.0000000e+00   0.0000000e+00
   4.9100000e+02   1.0000000e+00   0.0000000e+00
   4.9200000e+02   1.0000000e+00   0.0000000e+00
   4.9300000e+02   1.0000000e+00   0.0000000e+00
   4.9400000e+02   1.0000000e+00   0.0000000e+00
   4.9500000e+02   1.0000000e+00   0.0000000e+00
   4.9600000e+02   1.0000000e+00   0.0000000e+00
   4.9700000e+02   1.0000000e+00   0.0000000e+00
   4.9800000e+02   1.0000000e+00   0.0000000e+00
   4.9900000e+02   1.0000000e+00   0.0000000e+00
   5.0000000e+02   1.0000000e+00   0.0000000e+00
   5.0100000e+02   1.0000000e+00   0.0000000e+00
   5.0200000e+02   1.0000000e+00   0.0000000e+00
   5.0300000e+02   1.0000000e+00   0.0000000e+00
   5.0400000e+02   1.0000000e+00   0.0000000e+00
   5.0500000e+02   1.0000000e+00   0.0000000e+00
   5.0600000e+02   1.0000000e+00   0.0000000e+00
   5.0700000e+02   1.0000000e+00   0.0000000e+00
   5.0800000e+02   1.0000000e+00   0.0000000e+00
   5.0900000e+02   1.0000000e+00   0.0000000e+00
   5.1000000e+02   1.0000000e+00   0.0000000e+00
   5.1100000e+02   1.0000000e+00   0.0000000e+00
   5.1200000e+02   1.0000000e+00   0.0000000e+00
   5.1300000e+02   1.0000000e+00   0.0000000e+00
   5.1400000e+02   1.0000000e+00   0.0000000e+00
   5.1500000e+02   1.0000000e+00   0.0000000e+00
   5.1600000e+02   1.0000000e+00   0.0000000e+00
   5.1700000e+02   1.0000000e+00   0.0000000e+00
   5.1800000e+02   1.0000000e+00   0.0000000e+00
   5.1900000e+02   1.0000000e+00   0.0000000e+00
   5.2000000e+02   1.0000000e+00   0.0000000e+00
   5.2100000e+02   1.0000000e+00   0.0000000e+00
   5.2200000e+02   1.0000000e+00   0.0000000e+00
   5.2300000e+02   1.0000000e+00   0.0000000e+00
   5.2400000e+02   1.0000000e+00   0.0000000e+00
   5.2500000e+02   1.0000000e+00   0.0000000e+00
   5.2600000e+02   1.0000000e+00   0.0000000e+00
   5.2700000e+02   1.0000000e+00   0.0000000e+00
   5.2800000e+02   1.0000000e+00   0.0000000e+00
   5.2900000e+02   1.0000000e+00   0.0000000e+00
   5.3000000e+02   1.0000000e+00   2.1514286e-02
   5.3100000e+02   1.0000000e+00   3.2657143e-02
   5.3200000e+02   1.0000000e+00   2.1771429e-02
   5.3300000e+02   1.0000000e+00   1.8685714e-02
   5.3400000e+02   1.0000000e+00   1.6971429e-02
   5.3500000e+02   1.0000000e+00   1.5342857e-02
   5.3600000e+02   1.0000000e+00   1.4142857e-02
   5.3700000e+02   1.0000000e+00   1.3200000e-02
   5.3800000e+02   1.0000000e+00   1.2257143e-02
   5.3900000e+02   1.0000000e+00   1.3371429e-02
   5.4000000e+02   1.0000000e+00   1.3028571e-02
   5.4100000e+02   1.0000000e+00   1.2257143e-02
   5.4200000e+02   1.0000000e+00   1.6628571e-02
   5.4300000e+02   1.0000000e+00   1.6800000e-02
   5.4400000e+02   1.0000000e+00   4.9457143e-02
   5.4500000e+02   1.0000000e+00   2.9228571e-02
   5.4600000e+02   1.0000000e+00   2.4171429e-02
   5.4700000e+02   1.0000000e+00   2.3228571e-02
   5.4800000e+02   1.0000000e+00   3.1285714e-02
   5.4900000e+02   1.0000000e+00   2.8371429e-02
   5.5000000e+02   1.0000000e+00   2.2800000e-02
   5.5100000e+02   1.0000000e+00   2.0914286e-02
   5.5200000e+02   1.0000000e+00   1.9371429e-02
   5.5300000e+02   1.0000000e+00   1.8342857e-02
   5.5400000e+02   1.0000000e+00   1.9714286e-02
   5.5500000e+02   1.0000000e+00   2.1085714e-02
   5.5600000e+02   1.0000000e+00   2.1857143e-02
   5.5700000e+02   1.0000000e+00   2.6142857e-02
   5.5800000e+02   1.0000000e+00   3.0342857e-02
   5.5900000e+02   1.0000000e+00   3.0942857e-02
   5.6000000e+02   1.0000000e+00   2.9314286e-02
   5.6100000e+02   1.0000000e+00   2.7257143e-02
   5.6200000e+02   1.0000000e+00   2.6657143e-02
   5.6300000e+02   1.0000000e+00   2.6142857e-02
   5.6400000e+02   1.0000000e+00   2.6142857e-02
   5.6500000e+02   1.0000000e+00   2.5457143e-02
   5.6600000e+02   1.0000000e+00   2.3657143e-02
   5.6700000e+02   1.0000000e+00   2.2628571e-02
   5.6800000e+02   1.0000000e+00   2.1685714e-02
   5.6900000e+02   1.0000000e+00   2.4685714e-02
   5.7000000e+02   1.0000000e+00   5.1857143e-02
   5.7100000e+02   1.0000000e+00   1.1374286e-01
   5.7200000e+02   1.0000000e+00   9.4971429e-02
   5.7300000e+02   1.0000000e+00   1.1331429e-01
   5.7400000e+02   1.0000000e+00   1.7108571e-01
   5.7500000e+02   1.0000000e+00   3.0780000e-01
   5.7600000e+02   1.0000000e+00   1.1346857e+00
   5.7700000e+02   1.0000000e+00   8.9982857e-01
   5.7800000e+02   1.0000000e+00   5.9082857e-01
   5.7900000e+02   1.0000000e+00   3.4105714e-01
   5.8000000e+02   1.0000000e+00   2.1728571e-01
   5.8100000e+02   1.0000000e+00   1.8745714e-01
   5.8200000e+02   1.0000000e+00   2.2191429e-01
   5.8300000e+02   1.0000000e+00   6.1782857e-01
   5.8400000e+02   1.0000000e+00   6.5348571e-01
   5.8500000e+02   1.0000000e+00   5.2517143e-01
   5.8600000e+02   1.0000000e+00   3.9265714e-01
   5.8700000e+02   1.0000000e+00   3.3848571e-01
   5.8800000e+02   1.0000000e+00   3.5580000e-01
   5.8900000e+02   1.0000000e+00   3.8700000e-01
   5.9000000e+02   1.0000000e+00   4.6688571e-01
   5.9100000e+02   1.0000000e+00   4.7837143e-01
   5.9200000e+02   1.0000000e+00   4.3885714e-01
   5.9300000e+02   1.0000000e+00   5.2337143e-01
   5.9400000e+02   1.0000000e+00   5.8011429e-01
   5.9500000e+02   1.0000000e+00   4.6062857e-01
   5.9600000e+02   1.0000000e+00   3.8511429e-01
   5.9700000e+02   1.0000000e+00   7.4434286e-01
   5.9800000e+02   1.0000000e+00   1.1834571e+00
   5.9900000e+02   1.0000000e+00   1.1616000e+00
   6.0000000e+02   1.0000000e+00   9.6780000e-01
   6.0100000e+02   1.0000000e+00   9.5485714e-01
   6.0200000e+02   1.0000000e+00   1.8965143e+00
   6.0300000e+02   1.0000000e+00   1.6937143e+00
   6.0400000e+02   1.0000000e+00   1.6792286e+00
   6.0500000e+02   1.0000000e+00   1.8298286e+00
   6.0600000e+02   1.0000000e+00   1.6505143e+00
   6.0700000e+02   1.0000000e+00   1.6008000e+00
   6.0800000e+02   1.0000000e+00   1.4839714e+00
   6.0900000e+02   1.0000000e+00   1.4871429e+00
   6.1000000e+02   1.0000000e+00   1.6031143e+00
   6.1100000e+02   1.0000000e+00   1.8050571e+00
   6.1200000e+02   1.0000000e+00   1.9838571e+00
   6.1300000e+02   1.0000000e+00   1.9777714e+00
   6.1400000e+02   1.0000000e+00   2.3964000e+00
   6.1500000e+02   1.0000000e+00   2.7180857e+00
   6.1600000e+02   1.0000000e+00   2.7066000e+00
   6.1700000e+02   1.0000000e+00   2.7975429e+00
   6.1800000e+02   1.0000000e+00   3.2514000e+00
   6.1900000e+02   1.0000000e+00   3.3423429e+00
   6.2000000e+02   1.0000000e+00   3.3918000e+00
   6.2100000e+02   1.0000000e+00   3.2933143e+00
   6.2200000e+02   1.0000000e+00   3.2952857e+00
   6.2300000e+02   1.0000000e+00   3.2848286e+00
   6.2400000e+02   1.0000000e+00   3.2319429e+00
   6.2500000e+02   1.0000000e+00   2.9784857e+00
   6.2600000e+02   1.0000000e+00   2.3655429e+00
   6.2700000e+02   1.0000000e+00   2.0913429e+00
   6.2800000e+02   1.0000000e+00   2.2599429e+00
   6.2900000e+02   1.0000000e+00   2.1827143e+00
   6.3000000e+02   1.0000000e+00   2.1342000e+00
   6.3100000e+02   1.0000000e+00   2.1096000e+00
   6.3200000e+02   1.0000000e+00   1.8606000e+00
   6.3300000e+02   1.0000000e+00   1.7562857e+00
   6.3400000e+02   1.0000000e+00   1.8719143e+00
   6.3500000e+02   1.0000000e+00   1.7759143e+00
   6.3600000e+02   1.0000000e+00   1.6160571e+00
   6.3700000e+02   1.0000000e+00   1.5833143e+00
   6.3800000e+02   1.0000000e+00   1.5115714e+00
   6.3900000e+02   1.0000000e+00   1.4953714e+00
   6.4000000e+02   1.0000000e+00   1.7412000e+00
   6.4100000e+02   1.0000000e+00   2.1330000e+00
   6.4200000e+02   1.0000000e+00   2.2894286e+00
   6.4300000e+02   1.0000000e+00   2.3091429e+00
   6.4400000e+02   1.0000000e+00   2.4081429e+00
   6.4500000e+02   1.0000000e+00   2.3451429e+00
   6.4600000e+02   1.0000000e+00   2.1036000e+00
   6.4700000e+02   1.0000000e+00   1.8711429e+00
   6.4800000e+02   1.0000000e+00   2.1122571e+00
   6.4900000e+02   1.0000000e+00   2.7132857e+00
   6.5000000e+02   1.0000000e+00   2.7402857e+00
   6.5100000e+02   1.0000000e+00   2.5425429e+00
   6.5200000e+02   1.0000000e+00   2.3724000e+00
   6.5300000e+02   1.0000000e+00   2.2223143e+00
   6.5400000e+02   1.0000000e+00   2.1685714e+00
   6.5500000e+02   1.0000000e+00   2.0132571e+00
   6.5600000e+02   1.0000000e+00   1.9098857e+00
   6.5700000e+02   1.0000000e+00   1.7329714e+00
   6.5800000e+02   1.0000000e+00   1.5648857e+00
   6.5900000e+02   1.0000000e+00   1.6580571e+00
   6.6000000e+02   1.0000000e+00   2.0740286e+00
   6.6100000e+02   1.0000000e+00   1.9426286e+00
   6.6200000e+02   1.0000000e+00   1.7760857e+00
   6.6300000e+02   1.0000000e+00   1.8503143e+00
   6.6400000e+02   1.0000000e+00   1.8513429e+00
   6.6500000e+02   1.0000000e+00   2.1317143e+00
   6.6600000e+02   1.0000000e+00   2.5654286e+00
   6.6700000e+02   1.0000000e+00   2.8937143e+00
   6.6800000e+02   1.0000000e+00   2.8163143e+00
   6.6900000e+02   1.0000000e+00   2.3559429e+00
   6.7000000e+02   1.0000000e+00   2.0202000e+00
   6.7100000e+02   1.0000000e+00   1.9013143e+00
   6.7200000e+02   1.0000000e+00   1.8932571e+00
   6.7300000e+02   1.0000000e+00   1.8920571e+00
   6.7400000e+02   1.0000000e+00   1.8700286e+00
   6.7500000e+02   1.0000000e+00   1.8825429e+00
   6.7600000e+02   1.0000000e+00   1.6087714e+00
   6.7700000e+02   1.0000000e+00   1.4865429e+00
   6.7800000e+02   1.0000000e+00   1.7792571e+00
   6.7900000e+02   1.0000000e+00   1.3266857e+00
   6.8000000e+02   1.0000000e+00   1.2807429e+00
   6.8100000e+02   1.0000000e+00   1.3309714e+00
   6.8200000e+02   1.0000000e+00   1.3355143e+00
   6.8300000e+02   1.0000000e+00   1.3011429e+00
   6.8400000e+02   1.0000000e+00   1.3854000e+00
   6.8500000e+02   1.0000000e+00   1.3470857e+00
   6.8600000e+02   1.0000000e+00   1.2064286e+00
   6.8700000e+02   1.0000000e+00   1.0960286e+00
   6.8800000e+02   1.0000000e+00   9.2245714e-01
   6.8900000e+02   1.0000000e+00   7.8120000e-01
   6.9000000e+02   1.0000000e+00   6.8331429e-01
   6.9100000e+02   1.0000000e+00   6.0505714e-01
   6.9200000e+02   1.0000000e+00   5.3837143e-01
   6.9300000e+02   1.0000000e+00   4.8094286e-01
   6.9400000e+02   1.0000000e+00   4.3268571e-01
   6.9500000e+02   1.0000000e+00   3.9642857e-01
   6.9600000e+02   1.0000000e+00   3.6351429e-01
   6.9700000e+02   1.0000000e+00   3.3222857e-01
   6.9800000e+02   1.0000000e+00   3.0085714e-01
   6.9900000e+02   1.0000000e+00   2.7582857e-01
   7.0000000e+02   1.0000000e+00   2.5328571e-01
   7.0100000e+02   1.0000000e+00   2.3117143e-01
   7.0200000e+02   1.0000000e+00   2.1351429e-01
   7.0300000e+02   1.0000000e+00   1.9980000e-01
   7.0400000e+02   1.0000000e+00   1.8368571e-01
   7.0500000e+02   1.0000000e+00   1.6860000e-01
   7.0600000e+02   1.0000000e+00   1.5557143e-01
   7.0700000e+02   1.0000000e+00   1.4494286e-01
   7.0800000e+02   1.0000000e+00   1.3491429e-01
   7.0900000e+02   1.0000000e+00   1.2522857e-01
   7.1000000e+02   1.0000000e+00   1.1802857e-01
   7.1100000e+02   1.0000000e+00   1.0988571e-01
   7.1200000e+02   1.0000000e+00   1.0354286e-01
   7.1300000e+02   1.0000000e+00   9.8400000e-02
   7.1400000e+02   1.0000000e+00   8.8542857e-02
   7.1500000e+02   1.0000000e+00   8.1600000e-02
   7.1600000e+02   1.0000000e+00   7.6371429e-02
   7.1700000e+02   1.0000000e+00   7.2257143e-02
   7.1800000e+02   1.0000000e+00   6.7200000e-02
   7.1900000e+02   1.0000000e+00   6.4628571e-02
   7.2000000e+02   1.0000000e+00   6.1371429e-02
   7.2100000e+02   1.0000000e+00   5.8714286e-02
   7.2200000e+02   1.0000000e+00   5.5885714e-02
   7.2300000e+02   1.0000000e+00   5.2200000e-02
   7.2400000e+02   1.0000000e+00   5.1000000e-02
   7.2500000e+02   1.0000000e+00   4.9028571e-02
   7.2600000e+02   1.0000000e+00   4.6800000e-02
   7.2700000e+02   1.0000000e+00   4.4657143e-02
   7.2800000e+02   1.0000000e+00   4.2514286e-02
   7.2900000e+02   1.0000000e+00   4.1485714e-02
   7.3000000e+02   1.0000000e+00   3.9942857e-02
   7.3100000e+02   1.0000000e+00   3.8400000e-02
   7.3200000e+02   1.0000000e+00   4.4485714e-02
   7.3300000e+02   1.0000000e+00   5.4857143e-02
   7.3400000e+02   1.0000000e+00   6.8657143e-02
   7.3500000e+02   1.0000000e+00   8.1514286e-02
   7.3600000e+02   1.0000000e+00   6.1971429e-02
   7.3700000e+02   1.0000000e+00   5.0828571e-02
   7.3800000e+02   1.0000000e+00   4.5171429e-02
   7.3900000e+02   1.0000000e+00   4.1914286e-02
   7.4000000e+02   1.0000000e+00   3.9171429e-02
   7.4100000e+02   1.0000000e+00   3.7200000e-02
   7.4200000e+02   1.0000000e+00   3.5485714e-02
   7.4300000e+02   1.0000000e+00   3.4028571e-02
   7.4400000e+02   1.0000000e+00   3.2914286e-02
   7.4500000e+02   1.0000000e+00   3.1371429e-02
   7.4600000e+02   1.0000000e+00   2.7257143e-02
   7.4700000e+02   1.0000000e+00   2.4600000e-02
   7.4800000e+02   1.0000000e+00   2.3742857e-02
   7.4900000e+02   1.0000000e+00   2.2714286e-02
   7.5000000e+02   1.0000000e+00   2.1685714e-02
   7.5100000e+02   1.0000000e+00   2.1000000e-02
   7.5200000e+02   1.0000000e+00   2.0314286e-02
   7.5300000e+02   1.0000000e+00   1.9885714e-02
   7.5400000e+02   1.0000000e+00   1.9885714e-02
   7.5500000e+02   1.0000000e+00   1.9714286e-02
   7.5600000e+02   1.0000000e+00   1.9285714e-02
   7.5700000e+02   1.0000000e+00   1.9285714e-02
   7.5800000e+02   1.0000000e+00   1.9114286e-02
