   3.1000000e+01   1.0000000e+00   0.0000000e+00
   3.2000000e+01   1.0000000e+00   0.0000000e+00
   3.3000000e+01   1.0000000e+00   0.0000000e+00
   3.4000000e+01   1.0000000e+00   0.0000000e+00
   3.5000000e+01   1.0000000e+00   0.0000000e+00
   3.6000000e+01   1.0000000e+00   0.0000000e+00
   3.7000000e+01   1.0000000e+00   0.0000000e+00
   3.8000000e+01   1.0000000e+00   0.0000000e+00
   3.9000000e+01   1.0000000e+00   0.0000000e+00
   4.0000000e+01   1.0000000e+00   0.0000000e+00
   4.1000000e+01   1.0000000e+00   0.0000000e+00
   4.2000000e+01   1.0000000e+00   0.0000000e+00
   4.3000000e+01   1.0000000e+00   0.0000000e+00
   4.4000000e+01   1.0000000e+00   0.0000000e+00
   4.5000000e+01   1.0000000e+00   0.0000000e+00
   4.6000000e+01   1.0000000e+00   0.0000000e+00
   4.7000000e+01   1.0000000e+00   0.0000000e+00
   4.8000000e+01   1.0000000e+00   0.0000000e+00
   4.9000000e+01   1.0000000e+00   1.3540000e-01
   5.0000000e+01   1.0000000e+00   0.0000000e+00
   5.1000000e+01   1.0000000e+00   0.0000000e+00
   5.2000000e+01   1.0000000e+00   0.0000000e+00
   5.3000000e+01   1.0000000e+00   0.0000000e+00
   5.4000000e+01   1.0000000e+00   0.0000000e+00
   5.5000000e+01   1.0000000e+00   0.0000000e+00
   5.6000000e+01   1.0000000e+00   0.0000000e+00
   5.7000000e+01   1.0000000e+00   0.0000000e+00
   5.8000000e+01   1.0000000e+00   0.0000000e+00
   5.9000000e+01   1.0000000e+00   0.0000000e+00
   6.0000000e+01   1.0000000e+00   0.0000000e+00
   6.1000000e+01   1.0000000e+00   0.0000000e+00
   6.2000000e+01   1.0000000e+00   0.0000000e+00
   6.3000000e+01   1.0000000e+00   0.0000000e+00
   6.4000000e+01   1.0000000e+00   0.0000000e+00
   6.5000000e+01   1.0000000e+00   9.7300000e-02
   6.6000000e+01   1.0000000e+00   0.0000000e+00
   6.7000000e+01   1.0000000e+00   0.0000000e+00
   6.8000000e+01   1.0000000e+00   3.1800000e-02
   6.9000000e+01   1.0000000e+00   5.2000000e-03
   7.0000000e+01   1.0000000e+00   3.8100000e-02
   7.1000000e+01   1.0000000e+00   9.5170000e-01
   7.2000000e+01   1.0000000e+00   6.9000000e-03
   7.3000000e+01   1.0000000e+00   0.0000000e+00
   7.4000000e+01   1.0000000e+00   0.0000000e+00
   7.5000000e+01   1.0000000e+00   0.0000000e+00
   7.6000000e+01   1.0000000e+00   2.1171300e+01
   7.7000000e+01   1.0000000e+00   1.1846000e+00
   7.8000000e+01   1.0000000e+00   4.2000000e-03
   7.9000000e+01   1.0000000e+00   2.6000000e-03
   8.0000000e+01   1.0000000e+00   2.6000000e-03
   8.1000000e+01   1.0000000e+00   0.0000000e+00
   8.2000000e+01   1.0000000e+00   2.0100000e-02
   8.3000000e+01   1.0000000e+00   0.0000000e+00
   8.4000000e+01   1.0000000e+00   0.0000000e+00
   8.5000000e+01   1.0000000e+00   0.0000000e+00
   8.6000000e+01   1.0000000e+00   0.0000000e+00
   8.7000000e+01   1.0000000e+00   0.0000000e+00
   8.8000000e+01   1.0000000e+00   0.0000000e+00
   8.9000000e+01   1.0000000e+00   0.0000000e+00
   9.0000000e+01   1.0000000e+00   0.0000000e+00
   9.1000000e+01   1.0000000e+00   5.2540000e-01
   9.2000000e+01   1.0000000e+00   7.6000000e-03
   9.3000000e+01   1.0000000e+00   1.2530000e-01
   9.4000000e+01   1.0000000e+00   0.0000000e+00
   9.5000000e+01   1.0000000e+00   0.0000000e+00
   9.6000000e+01   1.0000000e+00   5.0700000e-02
   9.7000000e+01   1.0000000e+00   9.7000000e-03
   9.8000000e+01   1.0000000e+00   0.0000000e+00
   9.9000000e+01   1.0000000e+00   0.0000000e+00
   1.0000000e+02   1.0000000e+00   0.0000000e+00
   1.0100000e+02   1.0000000e+00   0.0000000e+00
   1.0200000e+02   1.0000000e+00   0.0000000e+00
   1.0300000e+02   1.0000000e+00   0.0000000e+00
   1.0400000e+02   1.0000000e+00   0.0000000e+00
   1.0500000e+02   1.0000000e+00   0.0000000e+00
   1.0600000e+02   1.0000000e+00   0.0000000e+00
   1.0700000e+02   1.0000000e+00   0.0000000e+00
   1.0800000e+02   1.0000000e+00   0.0000000e+00
   1.0900000e+02   1.0000000e+00   4.3030000e-01
   1.1000000e+02   1.0000000e+00   0.0000000e+00
   1.1100000e+02   1.0000000e+00   0.0000000e+00
   1.1200000e+02   1.0000000e+00   0.0000000e+00
   1.1300000e+02   1.0000000e+00   3.5900000e-02
   1.1400000e+02   1.0000000e+00   0.0000000e+00
   1.1500000e+02   1.0000000e+00   0.0000000e+00
   1.1600000e+02   1.0000000e+00   0.0000000e+00
   1.1700000e+02   1.0000000e+00   0.0000000e+00
   1.1800000e+02   1.0000000e+00   0.0000000e+00
   1.1900000e+02   1.0000000e+00   0.0000000e+00
   1.2000000e+02   1.0000000e+00   0.0000000e+00
   1.2100000e+02   1.0000000e+00   0.0000000e+00
   1.2200000e+02   1.0000000e+00   0.0000000e+00
   1.2300000e+02   1.0000000e+00   0.0000000e+00
   1.2400000e+02   1.0000000e+00   0.0000000e+00
   1.2500000e+02   1.0000000e+00   9.2000000e-03
   1.2600000e+02   1.0000000e+00   9.9100000e-02
   1.2700000e+02   1.0000000e+00   0.0000000e+00
   1.2800000e+02   1.0000000e+00   0.0000000e+00
   1.2900000e+02   1.0000000e+00   0.0000000e+00
   1.3000000e+02   1.0000000e+00   0.0000000e+00
   1.3100000e+02   1.0000000e+00   0.0000000e+00
   1.3200000e+02   1.0000000e+00   0.0000000e+00
   1.3300000e+02   1.0000000e+00   0.0000000e+00
   1.3400000e+02   1.0000000e+00   0.0000000e+00
   1.3500000e+02   1.0000000e+00   0.0000000e+00
   1.3600000e+02   1.0000000e+00   0.0000000e+00
   1.3700000e+02   1.0000000e+00   0.0000000e+00
   1.3800000e+02   1.0000000e+00   0.0000000e+00
   1.3900000e+02   1.0000000e+00   4.9400000e-02
   1.4000000e+02   1.0000000e+00   6.9860000e+00
   1.4100000e+02   1.0000000e+00   2.6800000e-02
   1.4200000e+02   1.0000000e+00   3.8000000e-03
   1.4300000e+02   1.0000000e+00   1.3034000e+00
   1.4400000e+02   1.0000000e+00   6.1815000e+00
   1.4500000e+02   1.0000000e+00   2.2395000e+00
   1.4600000e+02   1.0000000e+00   2.2061000e+00
   1.4700000e+02   1.0000000e+00   3.5650000e-01
   1.4800000e+02   1.0000000e+00   0.0000000e+00
   1.4900000e+02   1.0000000e+00   3.8000000e-03
   1.5000000e+02   1.0000000e+00   3.6990000e-01
   1.5100000e+02   1.0000000e+00   2.7719000e+00
   1.5200000e+02   1.0000000e+00   0.0000000e+00
   1.5300000e+02   1.0000000e+00   3.3439000e+00
   1.5400000e+02   1.0000000e+00   3.1000000e-03
   1.5500000e+02   1.0000000e+00   5.4467000e+00
   1.5600000e+02   1.0000000e+00   5.3900000e-02
   1.5700000e+02   1.0000000e+00   7.4490000e+00
   1.5800000e+02   1.0000000e+00   5.3892000e+00
   1.5900000e+02   1.0000000e+00   3.8089000e+00
   1.6000000e+02   1.0000000e+00   1.7845300e+01
   1.6100000e+02   1.0000000e+00   7.4011000e+00
   1.6200000e+02   1.0000000e+00   4.0000000e-03
   1.6300000e+02   1.0000000e+00   0.0000000e+00
   1.6400000e+02   1.0000000e+00   2.9830000e-01
   1.6500000e+02   1.0000000e+00   1.3506800e+01
   1.6600000e+02   1.0000000e+00   3.2360000e-01
   1.6700000e+02   1.0000000e+00   1.0480000e-01
   1.6800000e+02   1.0000000e+00   3.3990000e+00
   1.6900000e+02   1.0000000e+00   5.0073000e+00
   1.7000000e+02   1.0000000e+00   1.4960500e+01
   1.7100000e+02   1.0000000e+00   9.1749000e+00
   1.7200000e+02   1.0000000e+00   2.4461000e+00
   1.7300000e+02   1.0000000e+00   4.7980000e-01
   1.7400000e+02   1.0000000e+00   9.4200000e-02
   1.7500000e+02   1.0000000e+00   1.0620000e-01
   1.7600000e+02   1.0000000e+00   1.0717500e+01
   1.7700000e+02   1.0000000e+00   6.3400000e-02
   1.7800000e+02   1.0000000e+00   2.8400000e-02
   1.7900000e+02   1.0000000e+00   0.0000000e+00
   1.8000000e+02   1.0000000e+00   8.1000000e-02
   1.8100000e+02   1.0000000e+00   5.2840000e-01
   1.8200000e+02   1.0000000e+00   1.0168000e+00
   1.8300000e+02   1.0000000e+00   2.0876000e+00
   1.8400000e+02   1.0000000e+00   2.9450000e+00
   1.8500000e+02   1.0000000e+00   9.4000000e-03
   1.8600000e+02   1.0000000e+00   6.4007000e+00
   1.8700000e+02   1.0000000e+00   2.7064000e+00
   1.8800000e+02   1.0000000e+00   5.4360000e-01
   1.8900000e+02   1.0000000e+00   1.2530000e-01
   1.9000000e+02   1.0000000e+00   1.7170000e-01
   1.9100000e+02   1.0000000e+00   1.7320000e+01
   1.9200000e+02   1.0000000e+00   1.8030000e-01
   1.9300000e+02   1.0000000e+00   1.9045000e+00
   1.9400000e+02   1.0000000e+00   2.2130000e-01
   1.9500000e+02   1.0000000e+00   1.8931700e+01
   1.9600000e+02   1.0000000e+00   6.8477000e+00
   1.9700000e+02   1.0000000e+00   3.2350000e-01
   1.9800000e+02   1.0000000e+00   1.2275700e+01
   1.9900000e+02   1.0000000e+00   1.3022000e+00
   2.0000000e+02   1.0000000e+00   1.3979900e+01
   2.0100000e+02   1.0000000e+00   2.6548000e+00
   2.0200000e+02   1.0000000e+00   2.8820000e-01
   2.0300000e+02   1.0000000e+00   2.7680000e+00
   2.0400000e+02   1.0000000e+00   8.0351000e+00
   2.0500000e+02   1.0000000e+00   3.0773000e+00
   2.0600000e+02   1.0000000e+00   2.3312000e+00
   2.0700000e+02   1.0000000e+00   4.0020000e-01
   2.0800000e+02   1.0000000e+00   2.0950000e-01
   2.0900000e+02   1.0000000e+00   2.9100000e-02
   2.1000000e+02   1.0000000e+00   4.0790000e+00
   2.1100000e+02   1.0000000e+00   1.6687000e+00
   2.1200000e+02   1.0000000e+00   8.2474000e+00
   2.1300000e+02   1.0000000e+00   1.2424000e+00
   2.1400000e+02   1.0000000e+00   2.3297000e+00
   2.1500000e+02   1.0000000e+00   8.1258000e+00
   2.1600000e+02   1.0000000e+00   4.2392000e+00
   2.1700000e+02   1.0000000e+00   1.2747000e+00
   2.1800000e+02   1.0000000e+00   2.3264000e+00
   2.1900000e+02   1.0000000e+00   2.0200000e-02
   2.2000000e+02   1.0000000e+00   3.7400000e-02
   2.2100000e+02   1.0000000e+00   1.4099000e+00
   2.2200000e+02   1.0000000e+00   6.4400000e-02
   2.2300000e+02   1.0000000e+00   2.0270000e-01
   2.2400000e+02   1.0000000e+00   0.0000000e+00
   2.2500000e+02   1.0000000e+00   1.7700000e-02
   2.2600000e+02   1.0000000e+00   1.7334400e+01
   2.2700000e+02   1.0000000e+00   4.1948000e+00
   2.2800000e+02   1.0000000e+00   5.9610000e-01
   2.2900000e+02   1.0000000e+00   1.4776800e+01
   2.3000000e+02   1.0000000e+00   5.0251000e+00
   2.3100000e+02   1.0000000e+00   1.5269700e+01
   2.3200000e+02   1.0000000e+00   1.1569400e+01
   2.3300000e+02   1.0000000e+00   1.5427300e+01
   2.3400000e+02   1.0000000e+00   1.7481700e+01
   2.3500000e+02   1.0000000e+00   9.0890000e-01
   2.3600000e+02   1.0000000e+00   5.2463000e+00
   2.3700000e+02   1.0000000e+00   9.6019000e+00
   2.3800000e+02   1.0000000e+00   6.7400000e-02
   2.3900000e+02   1.0000000e+00   1.0089600e+01
   2.4000000e+02   1.0000000e+00   6.4605000e+00
   2.4100000e+02   1.0000000e+00   8.5200000e-02
   2.4200000e+02   1.0000000e+00   6.4317000e+00
   2.4300000e+02   1.0000000e+00   2.6730000e-01
   2.4400000e+02   1.0000000e+00   1.1771400e+01
   2.4500000e+02   1.0000000e+00   9.6640000e-01
   2.4600000e+02   1.0000000e+00   3.5504000e+00
   2.4700000e+02   1.0000000e+00   1.0331000e+01
   2.4800000e+02   1.0000000e+00   6.2504000e+00
   2.4900000e+02   1.0000000e+00   4.2126000e+00
   2.5000000e+02   1.0000000e+00   1.7416000e+00
   2.5100000e+02   1.0000000e+00   3.1016000e+00
   2.5200000e+02   1.0000000e+00   1.5140000e-01
   2.5300000e+02   1.0000000e+00   1.7587500e+01
   2.5400000e+02   1.0000000e+00   1.4033300e+01
   2.5500000e+02   1.0000000e+00   3.0748000e+00
   2.5600000e+02   1.0000000e+00   3.1290000e-01
   2.5700000e+02   1.0000000e+00   3.0445000e+00
   2.5800000e+02   1.0000000e+00   9.3615000e+00
   2.5900000e+02   1.0000000e+00   3.9044000e+00
   2.6000000e+02   1.0000000e+00   2.5013100e+01
   2.6100000e+02   1.0000000e+00   1.4728000e+00
   2.6200000e+02   1.0000000e+00   3.6690000e-01
   2.6300000e+02   1.0000000e+00   1.9010000e-01
   2.6400000e+02   1.0000000e+00   1.6500000e-01
   2.6500000e+02   1.0000000e+00   2.8820800e+01
   2.6600000e+02   1.0000000e+00   1.5512800e+01
   2.6700000e+02   1.0000000e+00   9.4120000e-01
   2.6800000e+02   1.0000000e+00   1.3357000e+00
   2.6900000e+02   1.0000000e+00   1.8196000e+01
   2.7000000e+02   1.0000000e+00   5.4990000e+00
   2.7100000e+02   1.0000000e+00   9.0820000e+00
   2.7200000e+02   1.0000000e+00   1.6431400e+01
   2.7300000e+02   1.0000000e+00   1.7739400e+01
   2.7400000e+02   1.0000000e+00   1.5665300e+01
   2.7500000e+02   1.0000000e+00   2.7203000e+00
   2.7600000e+02   1.0000000e+00   2.8470000e-01
   2.7700000e+02   1.0000000e+00   3.4864700e+01
   2.7800000e+02   1.0000000e+00   1.5440000e-01
   2.7900000e+02   1.0000000e+00   8.0085000e+00
   2.8000000e+02   1.0000000e+00   2.8900000e+00
   2.8100000e+02   1.0000000e+00   4.3470000e+00
   2.8200000e+02   1.0000000e+00   1.5785000e+00
   2.8300000e+02   1.0000000e+00   1.0384800e+01
   2.8400000e+02   1.0000000e+00   3.3916000e+00
   2.8500000e+02   1.0000000e+00   3.3356800e+01
   2.8600000e+02   1.0000000e+00   1.7207100e+01
   2.8700000e+02   1.0000000e+00   2.3380000e-01
   2.8800000e+02   1.0000000e+00   3.9800000e-02
   2.8900000e+02   1.0000000e+00   1.3724500e+01
   2.9000000e+02   1.0000000e+00   4.7020000e-01
   2.9100000e+02   1.0000000e+00   7.4800000e-01
   2.9200000e+02   1.0000000e+00   2.5149000e+00
   2.9300000e+02   1.0000000e+00   1.1686900e+01
   2.9400000e+02   1.0000000e+00   1.5430000e+00
   2.9500000e+02   1.0000000e+00   4.9770000e-01
   2.9600000e+02   1.0000000e+00   3.1872100e+01
   2.9700000e+02   1.0000000e+00   8.0980000e-01
   2.9800000e+02   1.0000000e+00   4.2430000e-01
   2.9900000e+02   1.0000000e+00   9.9249000e+00
   3.0000000e+02   1.0000000e+00   7.0024000e+00
   3.0100000e+02   1.0000000e+00   3.8470000e-01
   3.0200000e+02   1.0000000e+00   7.7075000e+00
   3.0300000e+02   1.0000000e+00   2.9470000e-01
   3.0400000e+02   1.0000000e+00   1.0279800e+01
   3.0500000e+02   1.0000000e+00   2.3899000e+00
   3.0600000e+02   1.0000000e+00   4.7994000e+00
   3.0700000e+02   1.0000000e+00   3.6036000e+00
   3.0800000e+02   1.0000000e+00   3.4584000e+00
   3.0900000e+02   1.0000000e+00   3.6560000e-01
   3.1000000e+02   1.0000000e+00   2.9390000e-01
   3.1100000e+02   1.0000000e+00   2.8906800e+01
   3.1200000e+02   1.0000000e+00   6.5871000e+00
   3.1300000e+02   1.0000000e+00   5.5583000e+00
   3.1400000e+02   1.0000000e+00   1.0400000e-01
   3.1500000e+02   1.0000000e+00   1.3302600e+01
   3.1600000e+02   1.0000000e+00   8.4659000e+00
   3.1700000e+02   1.0000000e+00   1.4700000e-01
   3.1800000e+02   1.0000000e+00   1.6114000e+00
   3.1900000e+02   1.0000000e+00   8.0800000e-02
   3.2000000e+02   1.0000000e+00   1.0931000e+00
   3.2100000e+02   1.0000000e+00   3.1700000e-02
   3.2200000e+02   1.0000000e+00   1.0027500e+01
   3.2300000e+02   1.0000000e+00   1.4100000e-01
   3.2400000e+02   1.0000000e+00   1.3840000e-01
   3.2500000e+02   1.0000000e+00   4.6190000e-01
   3.2600000e+02   1.0000000e+00   7.5700000e-02
   3.2700000e+02   1.0000000e+00   8.4257000e+00
   3.2800000e+02   1.0000000e+00   3.4250000e-01
   3.2900000e+02   1.0000000e+00   2.0179000e+00
   3.3000000e+02   1.0000000e+00   8.3800000e-02
   3.3100000e+02   1.0000000e+00   9.1300000e-02
   3.3200000e+02   1.0000000e+00   2.8370000e-01
   3.3300000e+02   1.0000000e+00   1.2380000e-01
   3.3400000e+02   1.0000000e+00   1.3210000e-01
   3.3500000e+02   1.0000000e+00   2.5300000e-01
   3.3600000e+02   1.0000000e+00   2.6537000e+00
   3.3700000e+02   1.0000000e+00   7.4700000e-02
   3.3800000e+02   1.0000000e+00   6.3500000e-02
   3.3900000e+02   1.0000000e+00   0.0000000e+00
   3.4000000e+02   1.0000000e+00   1.1420000e-01
   3.4100000e+02   1.0000000e+00   2.6560000e-01
   3.4200000e+02   1.0000000e+00   0.0000000e+00
   3.4300000e+02   1.0000000e+00   0.0000000e+00
   3.4400000e+02   1.0000000e+00   0.0000000e+00
   3.4500000e+02   1.0000000e+00   0.0000000e+00
   3.4600000e+02   1.0000000e+00   0.0000000e+00
   3.4700000e+02   1.0000000e+00   0.0000000e+00
   3.4800000e+02   1.0000000e+00   0.0000000e+00
   3.4900000e+02   1.0000000e+00   0.0000000e+00
   3.5000000e+02   1.0000000e+00   0.0000000e+00
   3.5100000e+02   1.0000000e+00   0.0000000e+00
   3.5200000e+02   1.0000000e+00   0.0000000e+00
   3.5300000e+02   1.0000000e+00   0.0000000e+00
   3.5400000e+02   1.0000000e+00   0.0000000e+00
   3.5500000e+02   1.0000000e+00   0.0000000e+00
   3.5600000e+02   1.0000000e+00   0.0000000e+00
   3.5700000e+02   1.0000000e+00   0.0000000e+00
   3.5800000e+02   1.0000000e+00   0.0000000e+00
   3.5900000e+02   1.0000000e+00   0.0000000e+00
   3.6000000e+02   1.0000000e+00   0.0000000e+00
   3.6100000e+02   1.0000000e+00   0.0000000e+00
   3.6200000e+02   1.0000000e+00   0.0000000e+00
   3.6300000e+02   1.0000000e+00   0.0000000e+00
   3.6400000e+02   1.0000000e+00   0.0000000e+00
   3.6500000e+02   1.0000000e+00   0.0000000e+00
   3.6600000e+02   1.0000000e+00   0.0000000e+00
   3.6700000e+02   1.0000000e+00   0.0000000e+00
   3.6800000e+02   1.0000000e+00   0.0000000e+00
   3.6900000e+02   1.0000000e+00   0.0000000e+00
   3.7000000e+02   1.0000000e+00   0.0000000e+00
   3.7100000e+02   1.0000000e+00   0.0000000e+00
   3.7200000e+02   1.0000000e+00   0.0000000e+00
   3.7300000e+02   1.0000000e+00   0.0000000e+00
   3.7400000e+02   1.0000000e+00   0.0000000e+00
   3.7500000e+02   1.0000000e+00   0.0000000e+00
   3.7600000e+02   1.0000000e+00   0.0000000e+00
   3.7700000e+02   1.0000000e+00   0.0000000e+00
   3.7800000e+02   1.0000000e+00   0.0000000e+00
   3.7900000e+02   1.0000000e+00   0.0000000e+00
   3.8000000e+02   1.0000000e+00   0.0000000e+00
   3.8100000e+02   1.0000000e+00   0.0000000e+00
   3.8200000e+02   1.0000000e+00   0.0000000e+00
   3.8300000e+02   1.0000000e+00   0.0000000e+00
   3.8400000e+02   1.0000000e+00   0.0000000e+00
   3.8500000e+02   1.0000000e+00   0.0000000e+00
   3.8600000e+02   1.0000000e+00   0.0000000e+00
   3.8700000e+02   1.0000000e+00   0.0000000e+00
   3.8800000e+02   1.0000000e+00   0.0000000e+00
   3.8900000e+02   1.0000000e+00   0.0000000e+00
   3.9000000e+02   1.0000000e+00   0.0000000e+00
   3.9100000e+02   1.0000000e+00   0.0000000e+00
   3.9200000e+02   1.0000000e+00   0.0000000e+00
   3.9300000e+02   1.0000000e+00   0.0000000e+00
   3.9400000e+02   1.0000000e+00   0.0000000e+00
   3.9500000e+02   1.0000000e+00   0.0000000e+00
   3.9600000e+02   1.0000000e+00   0.0000000e+00
   3.9700000e+02   1.0000000e+00   0.0000000e+00
   3.9800000e+02   1.0000000e+00   0.0000000e+00
   3.9900000e+02   1.0000000e+00   0.0000000e+00
   4.0000000e+02   1.0000000e+00   0.0000000e+00
   4.0100000e+02   1.0000000e+00   0.0000000e+00
   4.0200000e+02   1.0000000e+00   0.0000000e+00
   4.0300000e+02   1.0000000e+00   0.0000000e+00
   4.0400000e+02   1.0000000e+00   0.0000000e+00
   4.0500000e+02   1.0000000e+00   0.0000000e+00
   4.0600000e+02   1.0000000e+00   0.0000000e+00
   4.0700000e+02   1.0000000e+00   0.0000000e+00
   4.0800000e+02   1.0000000e+00   0.0000000e+00
   4.0900000e+02   1.0000000e+00   0.0000000e+00
   4.1000000e+02   1.0000000e+00   0.0000000e+00
   4.1100000e+02   1.0000000e+00   0.0000000e+00
   4.1200000e+02   1.0000000e+00   0.0000000e+00
   4.1300000e+02   1.0000000e+00   0.0000000e+00
   4.1400000e+02   1.0000000e+00   0.0000000e+00
   4.1500000e+02   1.0000000e+00   0.0000000e+00
   4.1600000e+02   1.0000000e+00   0.0000000e+00
   4.1700000e+02   1.0000000e+00   0.0000000e+00
   4.1800000e+02   1.0000000e+00   0.0000000e+00
   4.1900000e+02   1.0000000e+00   0.0000000e+00
   4.2000000e+02   1.0000000e+00   0.0000000e+00
   4.2100000e+02   1.0000000e+00   0.0000000e+00
   4.2200000e+02   1.0000000e+00   0.0000000e+00
   4.2300000e+02   1.0000000e+00   0.0000000e+00
   4.2400000e+02   1.0000000e+00   0.0000000e+00
   4.2500000e+02   1.0000000e+00   8.8600000e-02
   4.2600000e+02   1.0000000e+00   0.0000000e+00
   4.2700000e+02   1.0000000e+00   0.0000000e+00
   4.2800000e+02   1.0000000e+00   0.0000000e+00
   4.2900000e+02   1.0000000e+00   0.0000000e+00
   4.3000000e+02   1.0000000e+00   0.0000000e+00
   4.3100000e+02   1.0000000e+00   0.0000000e+00
   4.3200000e+02   1.0000000e+00   0.0000000e+00
   4.3300000e+02   1.0000000e+00   9.0750000e-01
   4.3400000e+02   1.0000000e+00   0.0000000e+00
   4.3500000e+02   1.0000000e+00   0.0000000e+00
   4.3600000e+02   1.0000000e+00   0.0000000e+00
   4.3700000e+02   1.0000000e+00   0.0000000e+00
   4.3800000e+02   1.0000000e+00   0.0000000e+00
   4.3900000e+02   1.0000000e+00   0.0000000e+00
   4.4000000e+02   1.0000000e+00   0.0000000e+00
   4.4100000e+02   1.0000000e+00   0.0000000e+00
   4.4200000e+02   1.0000000e+00   0.0000000e+00
   4.4300000e+02   1.0000000e+00   0.0000000e+00
   4.4400000e+02   1.0000000e+00   0.0000000e+00
   4.4500000e+02   1.0000000e+00   0.0000000e+00
   4.4600000e+02   1.0000000e+00   0.0000000e+00
   4.4700000e+02   1.0000000e+00   0.0000000e+00
   4.4800000e+02   1.0000000e+00   0.0000000e+00
   4.4900000e+02   1.0000000e+00   0.0000000e+00
   4.5000000e+02   1.0000000e+00   0.0000000e+00
   4.5100000e+02   1.0000000e+00   0.0000000e+00
   4.5200000e+02   1.0000000e+00   0.0000000e+00
   4.5300000e+02   1.0000000e+00   0.0000000e+00
   4.5400000e+02   1.0000000e+00   0.0000000e+00
   4.5500000e+02   1.0000000e+00   0.0000000e+00
   4.5600000e+02   1.0000000e+00   0.0000000e+00
   4.5700000e+02   1.0000000e+00   0.0000000e+00
   4.5800000e+02   1.0000000e+00   0.0000000e+00
   4.5900000e+02   1.0000000e+00   0.0000000e+00
   4.6000000e+02   1.0000000e+00   0.0000000e+00
   4.6100000e+02   1.0000000e+00   0.0000000e+00
   4.6200000e+02   1.0000000e+00   0.0000000e+00
   4.6300000e+02   1.0000000e+00   0.0000000e+00
   4.6400000e+02   1.0000000e+00   0.0000000e+00
   4.6500000e+02   1.0000000e+00   0.0000000e+00
   4.6600000e+02   1.0000000e+00   0.0000000e+00
   4.6700000e+02   1.0000000e+00   0.0000000e+00
   4.6800000e+02   1.0000000e+00   0.0000000e+00
   4.6900000e+02   1.0000000e+00   0.0000000e+00
   4.7000000e+02   1.0000000e+00   0.0000000e+00
   4.7100000e+02   1.0000000e+00   0.0000000e+00
   4.7200000e+02   1.0000000e+00   0.0000000e+00
   4.7300000e+02   1.0000000e+00   0.0000000e+00
   4.7400000e+02   1.0000000e+00   0.0000000e+00
   4.7500000e+02   1.0000000e+00   7.1000000e-03
   4.7600000e+02   1.0000000e+00   6.6780000e-01
   4.7700000e+02   1.0000000e+00   0.0000000e+00
   4.7800000e+02   1.0000000e+00   0.0000000e+00
   4.7900000e+02   1.0000000e+00   0.0000000e+00
   4.8000000e+02   1.0000000e+00   0.0000000e+00
   4.8100000e+02   1.0000000e+00   1.1300000e-02
   4.8200000e+02   1.0000000e+00   4.4881000e+00
   4.8300000e+02   1.0000000e+00   1.1034000e+00
   4.8400000e+02   1.0000000e+00   4.4442000e+00
   4.8500000e+02   1.0000000e+00   3.6397000e+00
   4.8600000e+02   1.0000000e+00   0.0000000e+00
   4.8700000e+02   1.0000000e+00   0.0000000e+00
   4.8800000e+02   1.0000000e+00   6.8487000e+00
   4.8900000e+02   1.0000000e+00   2.8600000e-02
   4.9000000e+02   1.0000000e+00   2.1365500e+01
   4.9100000e+02   1.0000000e+00   1.7352000e+00
   4.9200000e+02   1.0000000e+00   1.8100000e-02
   4.9300000e+02   1.0000000e+00   0.0000000e+00
   4.9400000e+02   1.0000000e+00   0.0000000e+00
   4.9500000e+02   1.0000000e+00   0.0000000e+00
   4.9600000e+02   1.0000000e+00   7.3408000e+00
   4.9700000e+02   1.0000000e+00   6.1800000e-02
   4.9800000e+02   1.0000000e+00   2.7640000e-01
   4.9900000e+02   1.0000000e+00   5.8250000e+00
   5.0000000e+02   1.0000000e+00   2.7622000e+00
   5.0100000e+02   1.0000000e+00   9.2527000e+00
   5.0200000e+02   1.0000000e+00   2.2910000e-01
   5.0300000e+02   1.0000000e+00   7.1451000e+00
   5.0400000e+02   1.0000000e+00   1.4200000e-02
   5.0500000e+02   1.0000000e+00   2.5965000e+00
   5.0600000e+02   1.0000000e+00   2.0177600e+01
   5.0700000e+02   1.0000000e+00   4.2900000e-01
   5.0800000e+02   1.0000000e+00   3.5000000e-03
   5.0900000e+02   1.0000000e+00   1.3080000e+00
   5.1000000e+02   1.0000000e+00   2.5215000e+00
   5.1100000e+02   1.0000000e+00   4.8193000e+00
   5.1200000e+02   1.0000000e+00   1.2833000e+00
   5.1300000e+02   1.0000000e+00   2.3190000e-01
   5.1400000e+02   1.0000000e+00   0.0000000e+00
   5.1500000e+02   1.0000000e+00   3.6188900e+01
   5.1600000e+02   1.0000000e+00   2.0980000e-01
   5.1700000e+02   1.0000000e+00   3.4284000e+00
   5.1800000e+02   1.0000000e+00   6.8800000e-02
   5.1900000e+02   1.0000000e+00   1.3710000e-01
   5.2000000e+02   1.0000000e+00   5.2836000e+00
   5.2100000e+02   1.0000000e+00   2.8009000e+00
   5.2200000e+02   1.0000000e+00   2.1500000e-02
   5.2300000e+02   1.0000000e+00   5.0000000e-04
   5.2400000e+02   1.0000000e+00   1.9790000e-01
   5.2500000e+02   1.0000000e+00   0.0000000e+00
   5.2600000e+02   1.0000000e+00   0.0000000e+00
   5.2700000e+02   1.0000000e+00   4.2516600e+01
   5.2800000e+02   1.0000000e+00   1.1222000e+00
   5.2900000e+02   1.0000000e+00   3.3900000e-02
   5.3000000e+02   1.0000000e+00   0.0000000e+00
   5.3100000e+02   1.0000000e+00   1.5780000e-01
   5.3200000e+02   1.0000000e+00   6.3877000e+00
   5.3300000e+02   1.0000000e+00   8.0760000e-01
   5.3400000e+02   1.0000000e+00   1.1015300e+01
   5.3500000e+02   1.0000000e+00   7.8910000e-01
   5.3600000e+02   1.0000000e+00   2.0348200e+01
   5.3700000e+02   1.0000000e+00   6.8090000e-01
   5.3800000e+02   1.0000000e+00   0.0000000e+00
   5.3900000e+02   1.0000000e+00   2.0700000e-02
   5.4000000e+02   1.0000000e+00   1.7140000e-01
   5.4100000e+02   1.0000000e+00   8.6899000e+00
   5.4200000e+02   1.0000000e+00   2.6400000e-02
   5.4300000e+02   1.0000000e+00   1.9909600e+01
   5.4400000e+02   1.0000000e+00   1.2194000e+00
   5.4500000e+02   1.0000000e+00   5.2400000e-02
   5.4600000e+02   1.0000000e+00   1.9794600e+01
   5.4700000e+02   1.0000000e+00   2.3166000e+00
   5.4800000e+02   1.0000000e+00   2.9500000e-02
   5.4900000e+02   1.0000000e+00   2.7826000e+00
   5.5000000e+02   1.0000000e+00   2.5940000e-01
   5.5100000e+02   1.0000000e+00   2.0137000e+00
   5.5200000e+02   1.0000000e+00   8.4387000e+00
   5.5300000e+02   1.0000000e+00   1.2650000e-01
   5.5400000e+02   1.0000000e+00   2.5812000e+00
   5.5500000e+02   1.0000000e+00   1.2560000e-01
   5.5600000e+02   1.0000000e+00   1.6610000e-01
   5.5700000e+02   1.0000000e+00   4.0000000e-04
   5.5800000e+02   1.0000000e+00   2.1400000e-01
   5.5900000e+02   1.0000000e+00   1.3300000e-02
   5.6000000e+02   1.0000000e+00   4.0000000e-04
   5.6100000e+02   1.0000000e+00   1.6822900e+01
   5.6200000e+02   1.0000000e+00   3.2200000e-02
   5.6300000e+02   1.0000000e+00   3.0700000e-02
   5.6400000e+02   1.0000000e+00   5.1579000e+00
   5.6500000e+02   1.0000000e+00   9.9340000e-01
   5.6600000e+02   1.0000000e+00   3.9800000e-02
   5.6700000e+02   1.0000000e+00   0.0000000e+00
   5.6800000e+02   1.0000000e+00   3.3722000e+00
   5.6900000e+02   1.0000000e+00   1.6699000e+00
   5.7000000e+02   1.0000000e+00   5.6000000e-03
   5.7100000e+02   1.0000000e+00   9.7300000e-02
   5.7200000e+02   1.0000000e+00   2.6301000e+01
   5.7300000e+02   1.0000000e+00   4.3309000e+00
   5.7400000e+02   1.0000000e+00   6.1240000e-01
   5.7500000e+02   1.0000000e+00   6.0313000e+00
   5.7600000e+02   1.0000000e+00   4.4590000e+00
   5.7700000e+02   1.0000000e+00   4.2702000e+00
   5.7800000e+02   1.0000000e+00   8.9179000e+00
   5.7900000e+02   1.0000000e+00   3.4704000e+00
   5.8000000e+02   1.0000000e+00   2.2100000e-02
   5.8100000e+02   1.0000000e+00   1.2000000e-02
   5.8200000e+02   1.0000000e+00   4.9000000e-03
   5.8300000e+02   1.0000000e+00   2.5730000e-01
   5.8400000e+02   1.0000000e+00   4.7100000e-01
   5.8500000e+02   1.0000000e+00   0.0000000e+00
   5.8600000e+02   1.0000000e+00   2.1639000e+00
   5.8700000e+02   1.0000000e+00   5.8440000e-01
   5.8800000e+02   1.0000000e+00   1.6419600e+01
   5.8900000e+02   1.0000000e+00   9.0022000e+00
   5.9000000e+02   1.0000000e+00   8.0496000e+00
   5.9100000e+02   1.0000000e+00   9.8743000e+00
   5.9200000e+02   1.0000000e+00   8.9403000e+00
   5.9300000e+02   1.0000000e+00   1.1120000e-01
   5.9400000e+02   1.0000000e+00   3.0570000e-01
   5.9500000e+02   1.0000000e+00   1.9653500e+01
   5.9600000e+02   1.0000000e+00   1.8231100e+01
   5.9700000e+02   1.0000000e+00   1.0489400e+01
   5.9800000e+02   1.0000000e+00   1.3680000e-01
   5.9900000e+02   1.0000000e+00   3.5884000e+00
   6.0000000e+02   1.0000000e+00   9.1948000e+00
   6.0100000e+02   1.0000000e+00   1.3185400e+01
   6.0200000e+02   1.0000000e+00   3.1638000e+00
   6.0300000e+02   1.0000000e+00   5.6323000e+00
   6.0400000e+02   1.0000000e+00   8.9175000e+00
   6.0500000e+02   1.0000000e+00   1.7216400e+01
   6.0600000e+02   1.0000000e+00   1.2624500e+01
   6.0700000e+02   1.0000000e+00   7.4235000e+00
   6.0800000e+02   1.0000000e+00   1.8386000e+00
   6.0900000e+02   1.0000000e+00   7.4800000e-02
   6.1000000e+02   1.0000000e+00   3.5870000e-01
   6.1100000e+02   1.0000000e+00   1.3480000e+00
   6.1200000e+02   1.0000000e+00   5.2330000e-01
   6.1300000e+02   1.0000000e+00   2.3021000e+00
   6.1400000e+02   1.0000000e+00   1.6446000e+01
   6.1500000e+02   1.0000000e+00   1.1285000e+00
   6.1600000e+02   1.0000000e+00   2.4609000e+00
   6.1700000e+02   1.0000000e+00   1.0602500e+01
   6.1800000e+02   1.0000000e+00   6.3841000e+00
   6.1900000e+02   1.0000000e+00   2.8691000e+01
   6.2000000e+02   1.0000000e+00   4.2552000e+00
   6.2100000e+02   1.0000000e+00   6.8380000e-01
   6.2200000e+02   1.0000000e+00   2.5921100e+01
   6.2300000e+02   1.0000000e+00   3.7600000e-02
   6.2400000e+02   1.0000000e+00   4.1280000e-01
   6.2500000e+02   1.0000000e+00   1.7395300e+01
   6.2600000e+02   1.0000000e+00   2.0414900e+01
   6.2700000e+02   1.0000000e+00   8.2371000e+00
   6.2800000e+02   1.0000000e+00   1.0640000e-01
   6.2900000e+02   1.0000000e+00   8.4228000e+00
   6.3000000e+02   1.0000000e+00   1.3804800e+01
   6.3100000e+02   1.0000000e+00   6.0203000e+00
   6.3200000e+02   1.0000000e+00   8.4866000e+00
   6.3300000e+02   1.0000000e+00   2.1348400e+01
   6.3400000e+02   1.0000000e+00   2.6542000e+01
   6.3500000e+02   1.0000000e+00   1.1591700e+01
   6.3600000e+02   1.0000000e+00   3.8980000e+00
   6.3700000e+02   1.0000000e+00   4.3991100e+01
   6.3800000e+02   1.0000000e+00   3.6983000e+00
   6.3900000e+02   1.0000000e+00   7.2850000e-01
   6.4000000e+02   1.0000000e+00   9.1272000e+00
   6.4100000e+02   1.0000000e+00   1.6219600e+01
   6.4200000e+02   1.0000000e+00   2.7069700e+01
   6.4300000e+02   1.0000000e+00   1.7649200e+01
   6.4400000e+02   1.0000000e+00   6.3550000e-01
   6.4500000e+02   1.0000000e+00   1.7589100e+01
   6.4600000e+02   1.0000000e+00   2.0391500e+01
   6.4700000e+02   1.0000000e+00   2.8730000e+00
   6.4800000e+02   1.0000000e+00   7.2690000e-01
   6.4900000e+02   1.0000000e+00   7.8545000e+00
   6.5000000e+02   1.0000000e+00   9.8440000e+00
   6.5100000e+02   1.0000000e+00   3.0670000e-01
   6.5200000e+02   1.0000000e+00   3.4767000e+00
   6.5300000e+02   1.0000000e+00   4.0119000e+00
   6.5400000e+02   1.0000000e+00   4.8178000e+00
   6.5500000e+02   1.0000000e+00   3.1629800e+01
   6.5600000e+02   1.0000000e+00   8.8020000e-01
   6.5700000e+02   1.0000000e+00   3.8290000e-01
   6.5800000e+02   1.0000000e+00   1.1396200e+01
   6.5900000e+02   1.0000000e+00   6.3203000e+00
   6.6000000e+02   1.0000000e+00   3.1159000e+00
   6.6100000e+02   1.0000000e+00   8.9247000e+00
   6.6200000e+02   1.0000000e+00   2.5787800e+01
   6.6300000e+02   1.0000000e+00   1.2900000e-01
   6.6400000e+02   1.0000000e+00   1.6390000e+00
   6.6500000e+02   1.0000000e+00   8.3982000e+00
   6.6600000e+02   1.0000000e+00   3.5200000e-01
   6.6700000e+02   1.0000000e+00   7.0110000e-01
   6.6800000e+02   1.0000000e+00   1.6314000e+00
   6.6900000e+02   1.0000000e+00   1.8300000e-02
   6.7000000e+02   1.0000000e+00   5.9000000e-02
   6.7100000e+02   1.0000000e+00   2.3293000e+00
   6.7200000e+02   1.0000000e+00   1.1598200e+01
   6.7300000e+02   1.0000000e+00   8.6004000e+00
   6.7400000e+02   1.0000000e+00   2.3792000e+00
   6.7500000e+02   1.0000000e+00   2.4012000e+00
   6.7600000e+02   1.0000000e+00   2.0110000e-01
   6.7700000e+02   1.0000000e+00   2.6505000e+00
   6.7800000e+02   1.0000000e+00   7.9000000e-02
   6.7900000e+02   1.0000000e+00   7.3400000e-02
   6.8000000e+02   1.0000000e+00   7.1500000e-02
   6.8100000e+02   1.0000000e+00   4.4800000e-02
   6.8200000e+02   1.0000000e+00   3.3340000e-01
   6.8300000e+02   1.0000000e+00   8.3300000e-02
   6.8400000e+02   1.0000000e+00   4.0800000e-01
   6.8500000e+02   1.0000000e+00   6.1900000e-02
   6.8600000e+02   1.0000000e+00   7.4821000e+00
   6.8700000e+02   1.0000000e+00   1.4908600e+01
   6.8800000e+02   1.0000000e+00   1.3831000e+00
   6.8900000e+02   1.0000000e+00   4.2300000e-02
   6.9000000e+02   1.0000000e+00   7.7100000e-02
   6.9100000e+02   1.0000000e+00   6.0000000e-03
   6.9200000e+02   1.0000000e+00   2.7500000e-02
   6.9300000e+02   1.0000000e+00   9.7838000e+00
   6.9400000e+02   1.0000000e+00   1.2620000e-01
   6.9500000e+02   1.0000000e+00   1.4211000e+00
   6.9600000e+02   1.0000000e+00   0.0000000e+00
   6.9700000e+02   1.0000000e+00   2.3908000e+00
   6.9800000e+02   1.0000000e+00   7.0800000e-02
   6.9900000e+02   1.0000000e+00   8.3000000e-02
   7.0000000e+02   1.0000000e+00   7.2200000e-02
   7.0100000e+02   1.0000000e+00   3.4130000e-01
   7.0200000e+02   1.0000000e+00   1.2540000e-01
   7.0300000e+02   1.0000000e+00   1.6100000e-01
   7.0400000e+02   1.0000000e+00   2.6100000e-02
   7.0500000e+02   1.0000000e+00   8.6200000e-02
   7.0600000e+02   1.0000000e+00   6.1210000e-01
   7.0700000e+02   1.0000000e+00   7.1000000e-03
   7.0800000e+02   1.0000000e+00   0.0000000e+00
   7.0900000e+02   1.0000000e+00   0.0000000e+00
   7.1000000e+02   1.0000000e+00   0.0000000e+00
   7.1100000e+02   1.0000000e+00   3.5300000e-02
   7.1200000e+02   1.0000000e+00   0.0000000e+00
   7.1300000e+02   1.0000000e+00   4.0622000e+00
   7.1400000e+02   1.0000000e+00   2.1015000e+00
   7.1500000e+02   1.0000000e+00   4.2600000e-02
   7.1600000e+02   1.0000000e+00   7.4600000e-02
   7.1700000e+02   1.0000000e+00   3.8800000e-02
   7.1800000e+02   1.0000000e+00   3.6400000e-02
   7.1900000e+02   1.0000000e+00   4.5120000e-01
   7.2000000e+02   1.0000000e+00   1.2200000e-01
   7.2100000e+02   1.0000000e+00   0.0000000e+00
   7.2200000e+02   1.0000000e+00   0.0000000e+00
   7.2300000e+02   1.0000000e+00   0.0000000e+00
   7.2400000e+02   1.0000000e+00   0.0000000e+00
   7.2500000e+02   1.0000000e+00   4.3800000e-02
   7.2600000e+02   1.0000000e+00   7.8900000e-02
   7.2700000e+02   1.0000000e+00   1.9747000e+00
   7.2800000e+02   1.0000000e+00   0.0000000e+00
   7.2900000e+02   1.0000000e+00   0.0000000e+00
   7.3000000e+02   1.0000000e+00   4.3900000e-01
   7.3100000e+02   1.0000000e+00   2.7600000e-02
   7.3200000e+02   1.0000000e+00   2.6989000e+00
   7.3300000e+02   1.0000000e+00   0.0000000e+00
   7.3400000e+02   1.0000000e+00   0.0000000e+00
   7.3500000e+02   1.0000000e+00   0.0000000e+00
   7.3600000e+02   1.0000000e+00   0.0000000e+00
   7.3700000e+02   1.0000000e+00   6.1651000e+00
   7.3800000e+02   1.0000000e+00   0.0000000e+00
   7.3900000e+02   1.0000000e+00   0.0000000e+00
   7.4000000e+02   1.0000000e+00   0.0000000e+00
   7.4100000e+02   1.0000000e+00   0.0000000e+00
   7.4200000e+02   1.0000000e+00   0.0000000e+00
   7.4300000e+02   1.0000000e+00   0.0000000e+00
   7.4400000e+02   1.0000000e+00   0.0000000e+00
   7.4500000e+02   1.0000000e+00   0.0000000e+00
   7.4600000e+02   1.0000000e+00   0.0000000e+00
   7.4700000e+02   1.0000000e+00   0.0000000e+00
   7.4800000e+02   1.0000000e+00   0.0000000e+00
   7.4900000e+02   1.0000000e+00   0.0000000e+00
   7.5000000e+02   1.0000000e+00   0.0000000e+00
   7.5100000e+02   1.0000000e+00   0.0000000e+00
   7.5200000e+02   1.0000000e+00   0.0000000e+00
   7.5300000e+02   1.0000000e+00   0.0000000e+00
   7.5400000e+02   1.0000000e+00   0.0000000e+00
   7.5500000e+02   1.0000000e+00   0.0000000e+00
   7.5600000e+02   1.0000000e+00   0.0000000e+00
   7.5700000e+02   1.0000000e+00   0.0000000e+00
