  0.000000000000000e+00
  0.000000000000000e+00
  0.000000000000000e+00
  0.000000000000000e+00
  0.000000000000000e+00
  0.000000000000000e+00
  0.000000000000000e+00
  0.000000000000000e+00
  0.000000000000000e+00
  0.000000000000000e+00
  0.000000000000000e+00
  0.000000000000000e+00
  0.000000000000000e+00
  0.000000000000000e+00
  0.000000000000000e+00
  0.000000000000000e+00
  0.000000000000000e+00
  0.000000000000000e+00
  0.000000000000000e+00
  0.000000000000000e+00
  0.000000000000000e+00
  0.000000000000000e+00
  0.000000000000000e+00
  0.000000000000000e+00
  0.000000000000000e+00
  0.000000000000000e+00
  0.000000000000000e+00
  0.000000000000000e+00
  0.000000000000000e+00
  0.000000000000000e+00
  0.000000000000000e+00
  0.000000000000000e+00
  0.000000000000000e+00
  0.000000000000000e+00
  0.000000000000000e+00
  0.000000000000000e+00
  0.000000000000000e+00
  0.000000000000000e+00
  0.000000000000000e+00
  0.000000000000000e+00
  0.000000000000000e+00
  0.000000000000000e+00
  0.000000000000000e+00
  0.000000000000000e+00
  0.000000000000000e+00
  0.000000000000000e+00
  0.000000000000000e+00
  0.000000000000000e+00
  0.000000000000000e+00
  0.000000000000000e+00
  0.000000000000000e+00
  0.000000000000000e+00
  0.000000000000000e+00
  0.000000000000000e+00
  0.000000000000000e+00
  0.000000000000000e+00
  0.000000000000000e+00
  0.000000000000000e+00
  0.000000000000000e+00
  0.000000000000000e+00
  0.000000000000000e+00
  0.000000000000000e+00
  0.000000000000000e+00
  0.000000000000000e+00
  0.000000000000000e+00
  0.000000000000000e+00
  0.000000000000000e+00
  9.068694732644360e-08
  2.444352846848723e-05
  9.119625598037347e-05
  1.718299722655483e-04
  2.612694405018336e-04
  3.574550190101263e-04
  4.589900538547018e-04
  5.090152963617198e-04
  3.232669175706285e-04
  3.091030032877694e-04
  2.926492917718041e-04
  2.727949984553066e-04
  2.472157788045218e-04
  2.089588374430086e-04
  8.679279636799360e-05
  2.227822093576326e-07
  1.936959848592835e-07
  1.689831326536524e-07
  1.478925779427617e-07
  1.298861576878883e-07
  2.164827567683123e-05
  8.100373450312005e-05
  1.527347331983047e-04
  2.323137340770948e-04
  3.179042964870743e-04
  4.084472015894930e-04
  4.537680108572363e-04
  2.878693513315757e-04
  2.752691358255864e-04
  2.911906045029388e-04
  4.238536634179319e-04
  6.851217526480587e-04
  9.845119003060886e-04
  1.241490055414915e-03
  1.555513902914766e-03
  1.897948794747265e-03
  1.939571583009719e-03
  1.792388492504784e-03
  2.191748707685902e-03
  2.630928289387377e-03
  3.230623561659139e-03
  4.074157052143131e-03
  4.568344746706829e-03
  3.578184515451891e-03
  3.811833744754004e-03
  4.301703226811895e-03
  4.495812611345427e-03
  3.324560804723195e-03
  3.074533024345120e-03
  2.336531013788630e-03
  1.783749729848694e-03
  1.695181399449249e-03
  1.506654682216912e-03
  6.997833506630392e-04
  1.932478864762307e-04
  1.819851724336629e-04
  1.690476742774863e-04
  1.531063217872113e-04
  1.483747701268746e-04
  1.273627295144717e-04
  1.370880972032980e-04
  2.965128058559581e-04
  6.251387331470692e-04
  1.011828017205813e-03
  1.394763336442519e-03
  1.626560075672944e-03
  2.314681680050622e-03
  3.343279142891930e-03
  3.630942417798040e-03
  4.690366729957632e-03
  5.817967841231115e-03
  7.467224106950489e-03
  9.405156345836465e-03
  8.663573446829864e-03
  9.966806500795834e-03
  1.152685024902506e-02
  1.405185240925033e-02
  1.636830261294974e-02
  1.368206620626393e-02
  1.390366906322644e-02
  1.509921347458967e-02
  1.811107149795119e-02
  2.007322550691790e-02
  1.651971485954189e-02
  1.619043096509079e-02
  1.843982120551565e-02
  2.204350998190285e-02
  2.255049723087008e-02
  2.567817104277096e-02
  2.710490625289392e-02
  2.777859184236854e-02
  2.127233342317386e-02
  2.228136192461118e-02
  2.215157514986326e-02
  2.275932617323485e-02
  2.459219345631250e-02
  2.515648116126828e-02
  1.662091537060039e-02
  1.538405992993140e-02
  1.874095778232619e-02
  2.245351021179807e-02
  2.635657250372840e-02
  2.872150515963474e-02
  2.193402785704853e-02
  2.035555886066198e-02
  1.915333810135914e-02
  2.066208205153532e-02
  2.247934301847645e-02
  2.530958497576464e-02
  2.734227527974475e-02
  3.524433056806822e-02
  4.459424068791513e-02
  6.015146341768750e-02
  7.767867246407198e-02
  9.060702062062917e-02
  9.190581985339032e-02
  8.582478972630694e-02
  6.969547756795347e-02
  6.920096900568067e-02
  7.045073432108698e-02
  7.045949518992589e-02
  6.565359243934291e-02
  5.393762730462402e-02
  4.075018114102849e-02
  3.327804251223973e-02
  3.893164885577816e-02
  4.510566605221040e-02
  5.210190819862601e-02
  5.946630134934588e-02
  6.404202488432181e-02
  6.004580974034699e-02
  6.950853066534676e-02
  7.056909927300112e-02
  8.469028986971752e-02
  1.021296150566168e-01
  1.223007109498510e-01
  1.333852835477868e-01
  1.175388003986636e-01
  9.405739003100468e-02
  8.980306583480245e-02
  8.852833582446273e-02
  7.667876266761733e-02
  6.981920067982419e-02
  5.622031105258381e-02
  4.301040786367981e-02
  4.519749603261081e-02
  5.916901372002544e-02
  7.283603680310988e-02
  8.892216516959638e-02
  1.051305391197410e-01
  1.136943189473810e-01
  1.492797752829815e-01
  1.879435924260331e-01
  2.300169251920569e-01
  2.882106794130288e-01
  3.463733909982539e-01
  3.482441723330835e-01
  3.082428327965514e-01
  3.397453783039454e-01
  3.998139737706528e-01
  4.512483745506800e-01
  4.928709527335912e-01
  5.550740961750332e-01
  5.699085695097220e-01
  6.080860163284809e-01
  5.730950060906803e-01
  6.168716622498804e-01
  6.648852230646811e-01
  6.692838311270002e-01
  6.986361454011701e-01
  7.542046161142582e-01
  7.656346353781253e-01
  6.842510836453630e-01
  7.320376323078346e-01
  7.984311440736063e-01
  8.289612002443560e-01
  9.377822160278887e-01
  1.079833012322791e+00
  1.206881494550205e+00
  1.366088731849120e+00
  1.317102733032721e+00
  1.402704090202179e+00
  1.574090735504871e+00
  1.824646227826295e+00
  2.085280489312978e+00
  2.415430333546118e+00
  2.545988376443673e+00
  2.733937958651144e+00
  2.585511606967253e+00
  2.592558708208731e+00
  2.696351373856880e+00
  2.939688858687756e+00
  3.287435707448167e+00
  3.845315590615642e+00
  4.563716069227560e+00
  5.205475919530221e+00
  5.622953917227568e+00
  5.574735686251573e+00
  5.745266120974710e+00
  5.948021295138423e+00
  5.735459061222307e+00
  5.289704255523565e+00
  4.952123540030405e+00
  4.663750141645300e+00
  4.409187629914099e+00
  4.277651672220134e+00
  4.147048783673790e+00
  3.920752483331309e+00
  3.850708460296939e+00
  3.904384521663627e+00
  4.086296023821988e+00
  4.353100009096621e+00
  4.459831609063325e+00
  4.709239311100317e+00
  4.967251267172792e+00
  5.115237788559643e+00
  5.254492324587509e+00
  5.323142177677531e+00
  5.379591924478573e+00
  5.226397565106086e+00
  4.920872743903280e+00
  4.566008769419510e+00
  4.270305011540357e+00
  3.968634125410983e+00
  3.718458362471028e+00
  3.493799065244664e+00
  3.288017922923891e+00
  3.109708936940907e+00
  2.926649702683030e+00
  2.769399958668428e+00
  2.626386704200066e+00
  2.497992261479095e+00
  2.378702475451163e+00
  2.267193964245998e+00
  2.159479931691364e+00
  2.060407856900460e+00
  1.971842955665465e+00
  1.889172886909650e+00
  1.811636940218270e+00
  1.738976450614870e+00
  1.670833399315807e+00
  1.606871483004054e+00
  1.546779724948922e+00
  1.490275691333972e+00
  1.437060273464364e+00
  1.386913777714796e+00
  1.339678688731339e+00
  1.295118168959709e+00
  1.252893483659994e+00
  1.212886667998189e+00
  1.174957609535781e+00
  1.138961893282454e+00
  1.104747034931118e+00
  1.072212797660111e+00
  1.041209314620170e+00
  1.011667185813575e+00
  9.835271438320036e-01
  9.566915896311129e-01
  9.310784169658189e-01
  9.066268383561719e-01
  8.832729841026383e-01
  8.609558195409994e-01
  8.396203395775365e-01
  8.192012087038564e-01
  7.996373523276512e-01
  7.808825577672613e-01
  7.628923478503786e-01
  7.456305375092916e-01
  7.290523085874719e-01
  7.131181791341842e-01
  6.977904197150497e-01
  6.830355357243333e-01
  6.688274530743376e-01
  6.551435038723300e-01
  6.419559835806590e-01
  6.292390063790497e-01
  6.169689565422702e-01
  6.051215402554843e-01
  5.936752159418807e-01
  5.826095526260998e-01
  5.719021404297703e-01
  5.615342916046360e-01
  5.514902740284658e-01
  5.417552826501216e-01
  5.323187805246828e-01
  5.231701358079879e-01
  5.142973199504778e-01
  5.056888503262901e-01
  4.973358315614679e-01
  4.892301124111714e-01
  4.813617474063130e-01
  4.737210743101596e-01
  4.665321799623299e-01
  4.600169714165495e-01
  4.539830634736185e-01
  4.483968351714362e-01
  4.432433339051728e-01
  4.385690339857549e-01
  4.337497876987752e-01
  4.264391705322074e-01
  4.205900308364499e-01
  4.149394904267780e-01
  4.094711772278025e-01
  4.039978652715879e-01
  3.978996714698558e-01
  3.916186307307040e-01
  3.860603925755953e-01
  3.819252892358684e-01
  3.782820886884409e-01
  3.750746304007581e-01
  3.721518662601220e-01
  3.697284862635602e-01
  3.669515534595721e-01
  3.607184666310828e-01
  3.588921834104294e-01
  3.612054135426267e-01
  3.661930038998440e-01
  3.738039813495598e-01
  3.861834299404330e-01
  4.041044305525561e-01
  4.188184207833449e-01
  4.166043109260169e-01
  4.298642760104400e-01
  4.484324261238190e-01
  4.690994356091671e-01
  4.688751724016019e-01
  4.868029854514974e-01
  5.090529941406722e-01
  5.383009134734182e-01
  5.556999952172355e-01
  5.984199108997811e-01
  6.168315758308207e-01
  6.616968866026429e-01
  7.091199560860575e-01
  7.381362211025019e-01
  7.675328829218417e-01
  7.237882990885982e-01
  7.203924287756158e-01
  7.245674048815881e-01
  7.386412527423685e-01
  7.467974899993951e-01
  7.446029784487400e-01
  7.686738385634290e-01
  8.045543481667263e-01
  8.988751139195761e-01
  1.031030103784741e+00
  1.206787847224951e+00
  1.388246223278692e+00
  1.463301758014325e+00
  1.451496217881311e+00
  1.515049685209040e+00
  1.591095727095785e+00
  1.581343917055260e+00
  1.611029226112984e+00
  1.619416043804362e+00
  1.550866093741875e+00
  1.539257119915184e+00
  1.512963414649251e+00
  1.504357417865716e+00
  1.518451127236651e+00
  1.558058043844209e+00
  1.570572437810264e+00
  1.592499384931923e+00
  1.544989485759175e+00
  1.565399927577615e+00
  1.628330765806866e+00
  1.722971275939110e+00
  1.830340812634619e+00
  2.000026229690301e+00
  2.135593878339046e+00
  2.131272938338249e+00
  2.219963145746513e+00
  2.306498473458824e+00
  2.370315156639271e+00
  2.323940726702133e+00
  2.285979766982277e+00
  2.193931173256358e+00
  2.182832651778467e+00
  2.282220806329723e+00
  2.428903231685309e+00
  2.669449003617351e+00
  3.060748413915651e+00
  3.627702010828227e+00
  4.169105289093025e+00
  4.205308520897447e+00
  4.255233081665061e+00
  4.418472030829800e+00
  4.662533052872061e+00
  4.884763545431673e+00
  5.229232346211441e+00
  5.306362973260213e+00
  5.278441287721561e+00
  5.524926304346797e+00
  5.889695196349525e+00
  5.978681431030267e+00
  6.137138202272651e+00
  6.233618212621180e+00
  6.176611938602613e+00
  6.473022294128223e+00
  7.001537346295166e+00
  7.436461877234741e+00
  7.878656378428217e+00
  8.138687357090454e+00
  7.863655720654149e+00
  7.198551438230827e+00
  6.819226886080854e+00
  6.571955095714165e+00
  6.292374504927377e+00
  6.137636291070081e+00
  6.291031018987939e+00
  6.714392219658136e+00
  7.262691690674983e+00
  7.806118384012525e+00
  8.369247396380239e+00
  8.333461556024478e+00
  7.685898982477843e+00
  7.279067640619643e+00
  7.064328568938983e+00
  6.850664876227278e+00
  6.820767939484064e+00
  6.761361807188265e+00
  6.710193897971431e+00
  6.390228132705174e+00
  6.110039721190799e+00
  5.725309082179561e+00
  5.505088326795139e+00
  5.402894476418883e+00
  5.373357889858060e+00
  5.204025792400582e+00
  5.176308375302746e+00
  5.166786463140891e+00
  5.250924508384008e+00
  5.549867800284003e+00
  5.851677331901774e+00
  5.751913468423871e+00
  5.833456079735281e+00
  5.895793287096907e+00
  5.869979999472600e+00
  5.615664195231668e+00
  5.519879012508934e+00
  5.409994267239131e+00
  5.487761655086768e+00
  5.610630612739244e+00
  5.287107373548915e+00
  5.092569636248870e+00
  4.920719782167413e+00
  4.780413817123567e+00
  4.401581724296134e+00
  4.115553251130099e+00
  3.832336433515645e+00
  3.593699303402170e+00
  3.399240106794329e+00
  3.231644243087824e+00
  3.054939099105350e+00
  2.941764842349450e+00
  2.903190555694818e+00
  2.917910230259357e+00
  2.979152462603862e+00
  3.042862211075227e+00
  2.999292027306635e+00
  2.914504074016266e+00
  2.794532929001914e+00
  2.647956486389318e+00
  2.518698191362999e+00
  2.393967853192834e+00
  2.263551715268050e+00
  2.138309683295431e+00
  2.028993931589973e+00
  1.931105439942592e+00
  1.846726480124910e+00
  1.772609406862890e+00
  1.703467751358772e+00
  1.639615261724892e+00
  1.580567929547413e+00
  1.525974332899817e+00
  1.475427144911235e+00
  1.428627850038017e+00
  1.383910394151306e+00
  1.336118337865547e+00
  1.292395724246182e+00
  1.250938850967938e+00
  1.211579118235044e+00
  1.174159261880457e+00
  1.138424391299521e+00
  1.103564421858678e+00
  1.070645947490223e+00
  1.040061609197902e+00
  1.010877626148375e+00
  9.830293605249909e-01
  9.564322317013153e-01
  9.310188241688543e-01
  9.067280580434500e-01
  8.834790509139531e-01
  8.612172439865313e-01
  8.399070091493060e-01
  8.195025476996779e-01
  7.999478661669384e-01
  7.812008177465385e-01
  7.632161238942150e-01
  7.511478551807125e-01
  7.504302754199775e-01
  7.575962838034925e-01
  7.723054014753949e-01
  7.946249395334154e-01
  8.248119209860905e-01
  8.467475481631455e-01
  8.034321032354026e-01
  7.850912670138134e-01
  7.669841409741542e-01
  7.489221163563163e-01
  7.305314460452168e-01
  7.107789105708074e-01
  6.789063990695389e-01
  6.526546751736720e-01
  6.397117065121538e-01
  6.272061820412220e-01
  6.151135928789927e-01
  6.034088533091339e-01
  5.920727316118963e-01
  5.810940930489612e-01
  5.704632460980084e-01
  5.601646888632006e-01
  5.501895256890658e-01
  5.405222744996572e-01
  5.311476600081273e-01
  5.220545428253640e-01
  5.132365735165590e-01
  5.046835480575772e-01
  4.963845584465494e-01
  4.883298137812929e-01
  4.805103930925296e-01
  4.729156604346619e-01
  4.655385655706751e-01
  4.583693579015142e-01
  4.513990653135208e-01
  4.446179727975822e-01
  4.380182724387003e-01
  4.315927494599436e-01
  4.253348822641367e-01
  4.192388226745207e-01
  4.132990174501625e-01
  4.075101935879818e-01
  4.018671179706350e-01
  3.985265883258683e-01
  3.996573236940343e-01
  4.035777382292161e-01
  4.100019589231475e-01
  4.188891265072597e-01
  4.302633714105866e-01
  4.379565225772013e-01
  4.203672249470728e-01
  4.136670049472811e-01
  4.073641488056101e-01
  4.009211335421201e-01
  3.941685305325455e-01
  3.866234214672470e-01
  3.731864980847271e-01
  3.620947085902489e-01
  3.573125187191865e-01
  3.528679515792150e-01
  3.485230793794170e-01
  3.442742189801717e-01
  3.401184660229099e-01
  3.360547652686541e-01
  3.320806695633854e-01
  3.281927870258532e-01
  3.243879313222512e-01
  3.206635831115307e-01
  3.170172611520539e-01
  3.134470367018672e-01
  3.099507795608423e-01
  3.065261293088470e-01
  3.031707636724389e-01
  2.998826345893873e-01
  2.966594506235130e-01
  2.934993117338003e-01
  2.904005395324576e-01
  2.873614337853134e-01
  2.843804318418521e-01
  2.814560376391997e-01
  2.785866316359854e-01
  2.757706274725474e-01
  2.730066940294059e-01
  2.703363669966580e-01
  2.677978047030785e-01
  2.653512412995234e-01
  2.629898175983563e-01
  2.607104467430183e-01
  2.585109994757892e-01
  2.562735820987697e-01
  2.536015203452867e-01
  2.512197999986636e-01
  2.488749512574603e-01
  2.465643554195502e-01
  2.442836340592605e-01
  2.420218644181134e-01
  2.396713793904893e-01
  2.374088778712861e-01
  2.353099760512665e-01
  2.332451187300380e-01
  2.312134889419067e-01
  2.292143030471718e-01
  2.272467999524420e-01
  2.253102561971297e-01
  2.234039691679194e-01
  2.215272649779652e-01
  2.196794775198080e-01
  2.178599620678339e-01
  2.160680920862315e-01
  2.143063620221364e-01
  2.125769684575763e-01
  2.108764307662209e-01
  2.092037594919433e-01
  2.075582642830143e-01
  2.060411712351364e-01
  2.047347763635146e-01
  2.035145986822421e-01
  2.024183543385929e-01
  2.014219932105581e-01
  2.005226242457554e-01
  1.994489126066450e-01
  1.972837943516731e-01
  1.957443058640569e-01
  1.942210455216706e-01
  1.927152272445667e-01
  1.912084615903131e-01
  1.896759194828308e-01
  1.878544530472128e-01
  1.861765072127215e-01
  1.848392089666080e-01
  1.835280442188161e-01
  1.822384026895331e-01
  1.810156933938009e-01
  1.799002829363466e-01
  1.790442539003740e-01
  1.786051044719859e-01
  1.783507412095232e-01
  1.783250872552419e-01
  1.783690232025228e-01
  1.780643156473922e-01
  1.776762078543486e-01
  1.753786766895015e-01
  1.747473030544150e-01
  1.743786948835100e-01
  1.741963315835294e-01
  1.740328121639764e-01
  1.740345188257705e-01
  1.731927328421856e-01
  1.701407271972190e-01
  1.687676981844170e-01
  1.677291569146135e-01
  1.669157789982594e-01
  1.661860600629305e-01
  1.654233347082211e-01
  1.638855749654141e-01
  1.627848744408403e-01
  1.623232720094569e-01
  1.606970892477569e-01
  1.600912239718517e-01
  1.599018337617697e-01
  1.598830169107225e-01
  1.605270931867056e-01
  1.618592477154245e-01
  1.639041380878735e-01
  1.664468444430159e-01
  1.681065257345491e-01
  1.721734109884039e-01
  1.761343620144835e-01
  1.749225908991398e-01
  1.800919932483849e-01
  1.866602994061303e-01
  1.917650941706349e-01
  1.987582897060462e-01
  2.020229601511752e-01
  2.049701430460904e-01
  1.994249568480569e-01
  2.064150849130290e-01
  2.109494483796175e-01
  2.225277308373932e-01
  2.409490721021483e-01
  2.636697949587439e-01
  2.820448890123019e-01
  2.825520425806500e-01
  3.093310287066633e-01
  3.430847887358462e-01
  3.504047479429918e-01
  3.714980605792864e-01
  4.014756243260574e-01
  4.295308381443724e-01
  4.416497241316356e-01
  4.048025919208803e-01
  3.945923084007015e-01
  3.918673718197134e-01
  4.035924270306076e-01
  4.234358871715019e-01
  4.427513132255129e-01
  4.589949620822408e-01
  4.799827548424674e-01
  5.033610625708743e-01
  5.409590830924067e-01
  5.796225816875471e-01
  5.677394387089814e-01
  5.901755790570531e-01
  6.129707204051258e-01
  6.068635199105228e-01
  6.310653103514758e-01
  6.725629546659290e-01
  6.879221695678455e-01
  7.501781059948058e-01
  8.475686716994982e-01
  9.694959478104724e-01
  1.107270877529823e+00
  1.236166495914838e+00
  1.405734572612817e+00
  1.501351231203257e+00
  1.648892796657274e+00
  1.839632108565625e+00
  2.014081829348491e+00
  2.074744981877525e+00
  2.120461868469474e+00
  2.170678731193508e+00
  2.054045078621539e+00
  2.021542393198692e+00
  2.008926890085677e+00
  2.005518570678887e+00
  2.039878295000568e+00
  2.113460421043023e+00
  2.067427499485595e+00
  2.103103220902637e+00
  2.203515201557154e+00
  2.308523757361974e+00
  2.429877492933182e+00
  2.395104822547919e+00
  2.389968016268784e+00
  2.392799330165878e+00
  2.315256384041680e+00
  2.282472892016648e+00
  2.292299725505933e+00
  2.410633529659132e+00
  2.653607236047614e+00
  3.066306133468790e+00
  3.631258813023041e+00
  4.375877390910818e+00
  4.906406680569263e+00
  4.904809373485442e+00
  5.078187792211793e+00
  5.240713140764907e+00
  4.983506329135663e+00
  4.808252271535327e+00
  4.657238556544010e+00
  4.532625618270844e+00
  4.437240997082264e+00
  4.311163608963414e+00
  4.281109097437197e+00
  4.370920267647809e+00
  4.542529532855712e+00
  4.510548561672179e+00
  4.534503085132861e+00
  4.302594397897159e+00
  4.183865974348619e+00
  4.101768832587618e+00
  3.917158597157230e+00
  3.777889199143389e+00
  3.635202581305176e+00
  3.511614270620275e+00
  3.458948551156831e+00
  3.529303585470172e+00
  3.672676524409566e+00
  3.790230174062174e+00
  3.898897002441843e+00
  4.143393350574772e+00
  4.435538336207586e+00
  4.559690036297989e+00
  4.628758575441543e+00
  4.694585573219853e+00
  4.555890328045037e+00
  4.589898969854401e+00
  4.662517421456538e+00
  4.454051057272912e+00
  4.367936299507363e+00
  4.381916844804953e+00
  4.382027332161561e+00
  4.074520985016423e+00
  3.860111317751095e+00
  3.617533000133918e+00
  3.418548213138132e+00
  3.256707836219524e+00
  3.059855079083092e+00
  2.856465958470754e+00
  2.676326225628256e+00
  2.535074910022755e+00
  2.406607025934595e+00
  2.290248807746953e+00
  2.177487061487815e+00
  2.074108988757078e+00
  1.982373071424557e+00
  1.896792454803060e+00
  1.816823664591425e+00
  1.742005434972038e+00
  1.671835726218970e+00
  1.606003849588712e+00
  1.544284241637518e+00
  1.486345728075727e+00
  1.431882780031361e+00
  1.380682013914265e+00
  1.332506727973144e+00
  1.287135155567295e+00
  1.244351112901342e+00
  1.205130905599236e+00
  1.173047067815995e+00
  1.149891528611791e+00
  1.134103493489256e+00
  1.125392992389390e+00
  1.123858621557119e+00
  1.125800204120770e+00
  1.109911244314510e+00
  1.070157098194632e+00
  1.041886535401159e+00
  1.016479245970034e+00
  9.946767727240695e-01
  9.727390795745788e-01
  9.520003484654614e-01
  9.305342211113955e-01
  9.170246227845277e-01
  9.075526923721884e-01
  8.810417073603871e-01
  8.574638715622236e-01
  8.360571665766570e-01
  8.158843356663547e-01
  7.962445759672661e-01
  7.768238355017433e-01
  7.548556676401871e-01
  7.341769044785127e-01
  7.175701319168437e-01
  7.021969201791786e-01
  6.873970136521081e-01
  6.731392874707539e-01
  6.593922328489392e-01
  6.461235560784415e-01
  6.333092576794178e-01
  6.209362819396785e-01
  6.089857882198577e-01
  5.974365817019797e-01
  5.862694778244890e-01
  5.754665892429823e-01
  5.650113325204966e-01
  5.548929274056977e-01
  5.450954776579282e-01
  5.356038768902532e-01
  5.264028740126855e-01
  5.174810326453653e-01
  5.088267911280588e-01
  5.004296448709418e-01
  4.922795592597299e-01
  4.843670745965664e-01
  4.766826283012915e-01
  4.692165777503115e-01
  4.619603355033309e-01
  4.549057100286731e-01
  4.480436637706739e-01
  4.413664898757098e-01
  4.348665785818135e-01
  4.285377355981599e-01
  4.223738895050868e-01
  4.163681337302883e-01
  4.105142950747281e-01
  4.048069003531844e-01
  3.992412353322917e-01
  3.938118385632796e-01
  3.885148552609931e-01
  3.833454353267370e-01
  3.782989327485355e-01
  3.733710863291281e-01
  3.685579946422158e-01
  3.638563152712091e-01
  3.592630606961299e-01
  3.547750030474268e-01
  3.503890979822422e-01
  3.461021597641766e-01
  3.419110052860332e-01
  3.378124742536225e-01
  3.338038516766241e-01
  3.298821805206178e-01
  3.260445547911188e-01
  3.222882855312099e-01
  3.186108634839921e-01
  3.150098619270896e-01
  3.114830596122602e-01
  3.080281753908138e-01
  3.046431002563201e-01
  3.013258020859401e-01
  2.980744393363342e-01
  2.948871746147994e-01
  2.917621928796841e-01
  2.886977033561074e-01
  2.856920074460376e-01
  2.827434727427370e-01
  2.798504741590085e-01
  2.770115388096974e-01
  2.742252416620787e-01
  2.714901943718985e-01
  2.688050750137786e-01
  2.661685401863801e-01
  2.635792889049826e-01
  2.610360937216448e-01
  2.585377951114933e-01
  2.560832464825974e-01
  2.536713469543958e-01
  2.513010087457800e-01
  2.489711860405404e-01
  2.466808828612710e-01
  2.444291412279251e-01
  2.422623769901267e-01
  2.402227478177135e-01
  2.382659695717640e-01
  2.363847942838725e-01
  2.345762816529240e-01
  2.328385641278920e-01
  2.310432896751085e-01
  2.287576024745914e-01
  2.267826473781007e-01
  2.248344495178184e-01
  2.229104769019039e-01
  2.210062431983112e-01
  2.191099560495788e-01
  2.171014883262518e-01
  2.151790759184458e-01
  2.135590325286513e-01
  2.122145227937079e-01
  2.110218584769390e-01
  2.099621905938754e-01
  2.090289931536597e-01
  2.082188405163721e-01
  2.071919498392906e-01
  2.047710434629662e-01
  2.031854183607076e-01
  2.016461890228285e-01
  2.001343198174332e-01
  1.986363747542978e-01
  1.970904787418928e-01
  1.950597218235558e-01
  1.932552340070047e-01
  1.917276039854271e-01
  1.903004109591573e-01
  1.888889876217251e-01
  1.874897623068116e-01
  1.860727438986711e-01
  1.846817146327535e-01
  1.833016056280913e-01
  1.819561191166819e-01
  1.806700411850220e-01
  1.794006983259367e-01
  1.781477619637788e-01
  1.769109261040740e-01
  1.756898911115292e-01
  1.744843609997045e-01
  1.732940445902704e-01
  1.721186676230864e-01
  1.709579631354706e-01
  1.698116671794422e-01
  1.686795217544944e-01
  1.675612709805957e-01
  1.664566692890807e-01
  1.653654752224735e-01
  1.642874523031727e-01
  1.632223698168016e-01
  1.621700022099699e-01
  1.611301282534203e-01
  1.601030002033056e-01
  1.590923692269745e-01
  1.581006711384608e-01
  1.573797309491675e-01
  1.571516522048088e-01
  1.571652299850119e-01
  1.573807295670074e-01
  1.578011659786264e-01
  1.584225893550932e-01
  1.586080803329906e-01
  1.560793398783548e-01
  1.551667115909300e-01
  1.544467205979488e-01
  1.539921129512651e-01
  1.533345393269623e-01
  1.528934125686597e-01
  1.518052900096633e-01
  1.511768606585203e-01
  1.511815301642890e-01
  1.495961300240639e-01
  1.493792554876551e-01
  1.493871320534141e-01
  1.497120544746048e-01
  1.502934598568944e-01
  1.505684317605348e-01
  1.483129097645319e-01
  1.466245437141326e-01
  1.460393968013052e-01
  1.453083988740373e-01
  1.438451354319343e-01
  1.426994658156281e-01
  1.409784649321746e-01
  1.392789070673512e-01
  1.382897318934601e-01
  1.375500246474200e-01
  1.368309055188847e-01
  1.365836424997256e-01
  1.367387973326750e-01
  1.369762938716022e-01
  1.370080117532486e-01
  1.373693247378360e-01
  1.373799824083619e-01
  1.353778517457273e-01
  1.346028479786170e-01
  1.345588541123758e-01
  1.357898024401409e-01
  1.376783109019223e-01
  1.400746459025836e-01
  1.423160503076398e-01
  1.466142076513925e-01
  1.519324878910310e-01
  1.502416587125145e-01
  1.540294795712422e-01
  1.585530412616512e-01
  1.632616400410183e-01
  1.647561674225122e-01
  1.586983649611604e-01
  1.577606036719116e-01
  1.585357261755415e-01
  1.619051724541653e-01
  1.669858501188067e-01
  1.726733168405375e-01
  1.739854335300119e-01
  1.756481900798164e-01
  1.897940090051378e-01
  2.099528062648593e-01
  2.321673431663610e-01
  2.499826913693478e-01
  2.703318047586609e-01
  2.646663507459746e-01
  2.741285813056683e-01
  2.670373555655277e-01
  2.694695627574751e-01
  2.709274723197816e-01
  2.660759605549563e-01
  2.612357675322792e-01
  2.572206083849830e-01
  2.494918168704562e-01
  2.536585492348333e-01
  2.736287530495911e-01
  3.004580047421347e-01
  3.383412943753971e-01
  3.867376631255596e-01
  4.252184107481783e-01
  3.985196100322039e-01
  4.204776452504205e-01
  4.431215274356708e-01
  4.462660093661656e-01
  4.886930062784314e-01
  5.557575157624355e-01
  6.101098890633747e-01
  6.819824819516627e-01
  8.280604407840630e-01
  9.936899113505326e-01
  1.089696888382246e+00
  1.144609044387133e+00
  1.292788595713208e+00
  1.429374475804662e+00
  1.503340746252980e+00
  1.664617040310760e+00
  1.816992104387862e+00
  1.842684526972188e+00
  1.849873599539379e+00
  1.957956607640812e+00
  2.099751757975705e+00
  2.261061171585083e+00
  2.234747912253841e+00
  2.278059330390286e+00
  2.310955214343548e+00
  2.290636289266646e+00
  2.331785606475083e+00
  2.335878705810096e+00
  2.285034717273313e+00
  2.288534983042759e+00
  2.299635852339624e+00
  2.342125205434690e+00
  2.450801098799833e+00
  2.601564079123097e+00
  2.766819075205109e+00
  2.767871054336101e+00
  2.835343129766606e+00
  2.810236365724291e+00
  2.739388051956984e+00
  2.733782737823690e+00
  2.758405871125199e+00
  2.751279132863377e+00
  2.755443993132231e+00
  2.771945092188592e+00
  2.790257563707748e+00
  2.701878653199292e+00
  2.694810153797185e+00
  2.726065821117869e+00
  2.768003408887824e+00
  2.721592183208741e+00
  2.750136065281342e+00
  2.806441867162636e+00
  2.764756116441759e+00
  2.808034413808850e+00
  2.926019210900362e+00
  3.134387451452478e+00
  3.372248172468672e+00
  3.353558561567237e+00
  3.425433806705379e+00
  3.607299200175925e+00
  3.835313945551091e+00
  3.804203482181207e+00
  3.907628208385411e+00
  3.988638275340850e+00
  3.827431052665383e+00
  3.742608809535058e+00
  3.661217577701005e+00
  3.401734558386492e+00
  3.213180509833935e+00
  3.087428262322063e+00
  2.966009493820607e+00
  2.878201339949211e+00
  2.833084154848557e+00
  2.756498540162410e+00
  2.654713843670334e+00
  2.652754420172354e+00
  2.724117346176360e+00
  2.896862551987156e+00
  3.197446928046045e+00
  3.566572233341957e+00
  3.696590963299658e+00
  3.860484266310940e+00
  4.090318555300217e+00
  4.165334713434922e+00
  4.037770705930281e+00
  3.940543996261197e+00
  3.708587279948323e+00
  3.525856246064818e+00
  3.461364030112596e+00
  3.485598295813815e+00
  3.607627429502215e+00
  3.846164191322130e+00
  4.183672728109129e+00
  4.297869312504316e+00
  4.420196454669821e+00
  4.591800023769304e+00
  4.464851416686334e+00
  4.411846087095911e+00
  4.222940863690332e+00
  3.943883790841797e+00
  3.667062477592937e+00
  3.458081079977413e+00
  3.261090135550217e+00
  3.098810357463301e+00
  2.958753245196534e+00
  2.760997894400508e+00
  2.604834835109854e+00
  2.474854906882477e+00
  2.361969678275972e+00
  2.260419776840163e+00
  2.164127703652906e+00
  2.053007446797444e+00
  1.954893997306649e+00
  1.870080219222156e+00
  1.790947396805928e+00
  1.716878864738493e+00
  1.647288351075833e+00
  1.580230909993205e+00
  1.517976897724735e+00
  1.461363520287127e+00
  1.408321122827878e+00
  1.358558856105572e+00
  1.311697416716410e+00
  1.267487417040683e+00
  1.225738750934495e+00
  1.186224790681442e+00
  1.148786404371354e+00
  1.113288807349154e+00
  1.079598044071683e+00
  1.047595939162097e+00
  1.017193336188441e+00
  9.882855010835079e-01
  9.607740841096351e-01
  9.345737781269017e-01
  9.096095938336479e-01
  8.858030620245124e-01
  8.630826996462697e-01
  8.413781392440168e-01
  8.206262710408851e-01
  8.007654224050710e-01
  7.817452472178203e-01
  7.635167645029319e-01
  7.460365470415043e-01
  7.292585790079636e-01
  7.131441882973091e-01
  6.976556923224385e-01
  6.827566882381494e-01
  6.684165385869757e-01
  6.546070067123695e-01
  6.413021991314588e-01
  6.284772312789502e-01
  6.161083029294936e-01
  6.041724615385015e-01
  5.926486567753390e-01
  5.815185169987467e-01
  5.707637204455930e-01
  5.603668172100520e-01
  5.503100753404601e-01
  5.405777076665466e-01
  5.311544551742186e-01
  5.220258954749818e-01
  5.131781314373802e-01
  5.045985446250952e-01
  4.962752464883099e-01
  4.881978265787129e-01
  4.803566718302916e-01
  4.727420038224415e-01
  4.653442816299821e-01
  4.581549309571745e-01
  4.511661595783776e-01
  4.443703900591864e-01
  4.377600251681639e-01
  4.313277418464457e-01
  4.250663014697247e-01
  4.189694780569365e-01
  4.130310873418137e-01
  4.072452369040586e-01
  4.016062957946919e-01
  3.961089321449361e-01
  3.907479140830025e-01
  3.855183455035918e-01
  3.804157592740184e-01
  3.754358444815724e-01
  3.705744967122261e-01
  3.658276582865584e-01
  3.611914534228219e-01
  3.566621451375037e-01
  3.522361578018713e-01
  3.479101368870564e-01
  3.436808274699764e-01
  3.395450783613734e-01
  3.354998697832788e-01
  3.315423594231370e-01
  3.276698175731775e-01
  3.238795716299027e-01
  3.201691568152006e-01
  3.165361861200037e-01
  3.129783578255967e-01
  3.094934475135062e-01
  3.060793179526379e-01
  3.027338410180243e-01
  2.994550284409715e-01
  2.962409930116618e-01
  2.930899276042214e-01
  2.900000481456644e-01
  2.869696612944240e-01
  2.839971096071915e-01
  2.810807896609561e-01
  2.782191849201218e-01
  2.754108273320529e-01
  2.726542731880004e-01
  2.699481510215513e-01
  2.672911292338741e-01
  2.646819142912472e-01
  2.621192622413400e-01
  2.596019809459184e-01
  2.571289073590644e-01
  2.546989288145904e-01
  2.523109659018559e-01
  2.499639700810304e-01
  2.477530553400603e-01
  2.457648939002872e-01
  2.439107925572271e-01
  2.421769705307881e-01
  2.405583317966851e-01
  2.390519197667384e-01
  2.373973055165936e-01
  2.347139551496090e-01
  2.326294820163733e-01
  2.305697749991474e-01
  2.285303863254698e-01
  2.265028235548673e-01
  2.244638246831832e-01
  2.221707460725982e-01
  2.200255484476144e-01
  2.182007204030235e-01
  2.164036614783627e-01
  2.146337560257013e-01
  2.128904129604211e-01
  2.111730554267700e-01
  2.094811223763703e-01
  2.078140696075215e-01
  2.061713587459329e-01
  2.045524801684047e-01
  2.029569355338644e-01
  2.013842415254681e-01
  1.998339243784729e-01
  1.983055249024248e-01
  1.967985935067850e-01
  1.953126941042788e-01
  1.938474035124303e-01
  1.924023082080112e-01
  1.909770057620039e-01
  1.895711032880013e-01
  1.881842182880583e-01
  1.868159777760056e-01
  1.854660186547321e-01
  1.841339874688044e-01
  1.828195402710546e-01
  1.815223412228689e-01
  1.802420625799851e-01
  1.789783851929800e-01
  1.777309977009277e-01
  1.764995962747219e-01
  1.752838844050372e-01
  1.740835732426002e-01
  1.728983806568540e-01
  1.717280312431972e-01
  1.705722560596790e-01
  1.694307924516181e-01
  1.683033838342528e-01
  1.671897798868874e-01
  1.660897362314001e-01
  1.650030138862192e-01
  1.639293793588742e-01
  1.628686044925580e-01
  1.618204662767009e-01
  1.607847468144669e-01
  1.597612332111288e-01
  1.587497172685675e-01
  1.577499953988312e-01
  1.567618685605186e-01
  1.557851420748345e-01
  1.548196255288803e-01
  1.538655639894248e-01
  1.529231503074699e-01
  1.519917809646827e-01
  1.510712159344195e-01
  1.501612620051200e-01
  1.492617406930411e-01
  1.483713682213652e-01
  1.474862034780342e-01
  1.466133945422359e-01
  1.457500669462464e-01
  1.448960527640347e-01
  1.440511681146725e-01
  1.432151623212881e-01
  1.423867521882937e-01
  1.415677001865982e-01
  1.407587018869640e-01
  1.399582581332129e-01
  1.391701689629643e-01
  1.384020953767829e-01
  1.376537543191147e-01
  1.369666506788220e-01
  1.363978577699806e-01
  1.359156129265227e-01
  1.354845179419881e-01
  1.350534445392527e-01
  1.347165385302430e-01
  1.344606453718321e-01
  1.337378173791255e-01
  1.331732737355723e-01
  1.327835509805512e-01
  1.326595519641499e-01
  1.329284369407353e-01
  1.329102585451176e-01
  1.334561221933908e-01
  1.342389768714893e-01
  1.353573292765589e-01
  1.362611228851738e-01
  1.350258777043043e-01
  1.337018526500162e-01
  1.333976122236816e-01
  1.333921248715055e-01
  1.334271530143145e-01
  1.329569937121943e-01
  1.298772406357436e-01
  1.278487672794406e-01
  1.266726961214565e-01
  1.259481907971404e-01
  1.252802562200533e-01
  1.245753922784192e-01
  1.233430449780141e-01
  1.223832835591655e-01
  1.224244402351868e-01
  1.230903605629513e-01
  1.235786707516400e-01
  1.246392786700690e-01
  1.264653479809484e-01
  1.297953491742835e-01
  1.333778929971101e-01
  1.340992195479914e-01
  1.387922538310899e-01
  1.454776768949313e-01
  1.537620731371002e-01
  1.573498190209066e-01
  1.620738595769040e-01
  1.675018970956940e-01
  1.683951174718576e-01
  1.731349621666677e-01
  1.678037815951115e-01
  1.648956570939356e-01
  1.628065077885705e-01
  1.614116261575145e-01
  1.550266216664922e-01
  1.510724833020960e-01
  1.472160429319063e-01
  1.443142796855522e-01
  1.451754945237670e-01
  1.472515083766451e-01
  1.476897901104621e-01
  1.495390429237718e-01
  1.501383055259886e-01
  1.533174912990811e-01
  1.559681670406974e-01
  1.537445957551271e-01
  1.493781873213391e-01
  1.473600985423995e-01
  1.448216405363195e-01
  1.438377792916659e-01
  1.461906377566752e-01
  1.487074096297290e-01
  1.527007882211561e-01
  1.620634702536413e-01
  1.777743530598670e-01
  1.979089887058414e-01
  2.125650543345981e-01
  2.451132044157210e-01
  2.883296496608294e-01
  3.280450992963097e-01
  3.717879445903740e-01
  4.034192044782249e-01
  4.237055649336887e-01
  4.268699542894992e-01
  4.226294287366793e-01
  4.310626151844592e-01
  4.327898237781866e-01
  4.265918599420826e-01
  4.301874219397584e-01
  4.188203641669259e-01
  4.176009965834546e-01
  4.400720080058735e-01
  4.742229838855275e-01
  5.092494038015072e-01
  5.104586492081307e-01
  5.374257001847468e-01
  5.642172721563750e-01
  5.800266486696344e-01
  6.066946232862344e-01
  6.489186216283317e-01
  6.921509760460368e-01
  7.591812807225952e-01
  8.437057974222344e-01
  8.579339518326909e-01
  8.692231686995414e-01
  9.162495504483219e-01
  9.863534366574236e-01
  1.052836290208643e+00
  1.104331656548560e+00
  1.164054228137979e+00
  1.149153563792607e+00
  1.214822907592771e+00
  1.331805768529761e+00
  1.506571146899566e+00
  1.706736532272467e+00
  1.794201016608121e+00
  1.852453871199904e+00
  2.039440539586570e+00
  2.310641961295962e+00
  2.497532270264963e+00
  2.790778255852054e+00
  3.145256471504212e+00
  3.378334087763585e+00
  3.553174000580251e+00
  3.680291342955786e+00
  3.894192474275676e+00
  4.096933616859065e+00
  3.890671035917345e+00
  3.804998013588453e+00
  3.753867165251739e+00
  3.838671083039194e+00
  4.077824182066886e+00
  4.457152474358167e+00
  4.817577876683070e+00
  5.213886627409915e+00
  5.068993505970973e+00
  4.812072909986570e+00
  4.679824137259691e+00
  4.570606641045949e+00
  4.330835233694582e+00
  4.228449447324343e+00
  4.190042653738757e+00
  4.212211650711102e+00
  4.243259172608624e+00
  4.418257015162963e+00
  4.567531726790829e+00
  4.297371291671048e+00
  4.178001200016934e+00
  4.096719693558986e+00
  3.927461884819026e+00
  3.802173127429882e+00
  3.728806393293803e+00
  3.601421344879244e+00
  3.511803375330214e+00
  3.384925860587097e+00
  3.293636761065440e+00
  3.217895874389083e+00
  3.227423127934265e+00
  3.304023133560641e+00
  3.465657589418226e+00
  3.630670960882423e+00
  3.508466657920306e+00
  3.439631667898433e+00
  3.350398972414293e+00
  3.276839739018790e+00
  3.099992637930747e+00
  2.939263620256023e+00
  2.773011295694107e+00
  2.633878229824645e+00
  2.538268094663188e+00
  2.465980531754697e+00
  2.393782320632526e+00
  2.271356647055125e+00
  2.189893875998444e+00
  2.123930959211367e+00
  2.069986160253841e+00
  2.016809496518849e+00
  1.927675268471706e+00
  1.844820821878809e+00
  1.762340036895891e+00
  1.693420446677460e+00
  1.628264348232086e+00
  1.566099938065284e+00
  1.502250370563763e+00
  1.443608328566562e+00
  1.392262389875899e+00
  1.343852629247199e+00
  1.298925358688291e+00
  1.256352449898265e+00
  1.216011074523186e+00
  1.177710492397587e+00
  1.141321341913269e+00
  1.106690907535992e+00
  1.073730637076638e+00
  1.042373511425144e+00
  1.012531552127107e+00
  9.841174075890590e-01
  9.570318000941942e-01
  9.311946517476027e-01
  9.065268259358035e-01
  8.829529961010013e-01
  8.604104326653319e-01
  8.388543548475782e-01
  8.182310489375707e-01
  7.984910499998070e-01
  7.795868081347661e-01
  7.614667184490264e-01
  7.440834115427001e-01
  7.273965918939392e-01
  7.113672632122402e-01
  6.959589984787864e-01
  6.811390817273688e-01
  6.668747948113685e-01
  6.531357378797319e-01
  6.398939358532022e-01
  6.271245237190920e-01
  6.148042715881670e-01
  6.029108332112298e-01
  5.914248208167794e-01
  5.803277489449579e-01
  5.696024723202906e-01
  5.592318620056550e-01
  5.491987581938815e-01
  5.394878517481698e-01
  5.300858979296338e-01
  5.209793632639923e-01
  5.121558553614494e-01
  5.036025395626901e-01
  4.953070926852784e-01
  4.872577433192775e-01
  4.794444411535753e-01
  4.718572704945015e-01
  4.644865610412099e-01
  4.573235062438630e-01
  4.503594761832271e-01
  4.435863684941492e-01
  4.369969210989164e-01
  4.305845166729472e-01
  4.243423968139112e-01
  4.182639770175248e-01
  4.123430605584288e-01
  4.065736573809928e-01
  4.009503463889150e-01
  3.954680321551083e-01
  3.901216586357945e-01
  3.849065466598176e-01
  3.798179987529151e-01
  3.748515565321481e-01
  3.700029373550155e-01
  3.652681837126102e-01
  3.606435267747043e-01
  3.561252256883842e-01
  3.517098395877390e-01
  3.473939627988971e-01
  3.431743817257995e-01
  3.390480335277696e-01
  3.350120611449152e-01
  3.310636420003226e-01
  3.272000479067162e-01
  3.234186851296754e-01
  3.197170444083388e-01
  3.160927226296365e-01
  3.125434108700011e-01
  3.090668727874106e-01
  3.056609246292382e-01
  3.023234924506877e-01
  2.990525838456475e-01
  2.958462924491481e-01
  2.927027744243598e-01
  2.896202639286142e-01
  2.865970404206460e-01
  2.836314598248027e-01
  2.807219322100699e-01
  2.778669355013769e-01
  2.750649993034295e-01
  2.723147019400394e-01
  2.696146735960733e-01
  2.669635904639381e-01
  2.643601747506301e-01
  2.618031887678354e-01
  2.592914397427472e-01
  2.568237745623846e-01
  2.543990768931487e-01
  2.520162631848248e-01
  2.496742894185758e-01
  2.473721456532805e-01
  2.451088541590204e-01
  2.428834718779896e-01
  2.406950845003639e-01
  2.385428040503876e-01
  2.364257702731860e-01
  2.343431511426265e-01
  2.322941397894671e-01
  2.302779543262014e-01
  2.282938356277195e-01
  2.263410466828961e-01
  2.244188724773193e-01
  2.225266194289243e-01
  2.206636147073874e-01
  2.188292053292392e-01
  2.170227573809832e-01
  2.152436554074735e-01
  2.134913016338750e-01
  2.117651153990965e-01
  2.100645325530602e-01
  2.083890046761027e-01
  2.067379984507370e-01
  2.051109955156901e-01
  2.035074918126492e-01
  2.019269969867897e-01
  2.003690339529604e-01
  1.988331384978475e-01
  1.973188588095672e-01
  1.958257551644371e-01
  1.943533995270895e-01
  1.929013751969761e-01
  1.914692763063595e-01
  1.900567075812964e-01
  1.886632839868787e-01
  1.872886303871753e-01
  1.859323812357484e-01
  1.845941802811467e-01
  1.832736802612264e-01
  1.819705426297631e-01
  1.806844372903540e-01
  1.794150795627241e-01
  1.781621882962434e-01
  1.769254212806949e-01
  1.757061023769074e-01
  1.745053712228680e-01
  1.733213670826206e-01
  1.721554034069119e-01
  1.710084917614870e-01
  1.699307071800614e-01
  1.689663192421801e-01
  1.680538973658743e-01
  1.672091728864619e-01
  1.664135373067411e-01
  1.656480367753574e-01
  1.648176476225999e-01
  1.634494976730878e-01
  1.623704159392845e-01
  1.613331940667654e-01
  1.603141134713939e-01
  1.593222578007757e-01
  1.583550427255588e-01
  1.571888050513374e-01
  1.561607210712053e-01
  1.553341703383770e-01
  1.547204016586400e-01
  1.544162148101049e-01
  1.540061413120880e-01
  1.538726300668958e-01
  1.538556363841690e-01
  1.540380736029305e-01
  1.539009941638373e-01
  1.519250337982474e-01
  1.510257720661631e-01
  1.512238575931370e-01
  1.534560332190914e-01
  1.566261675738176e-01
  1.602444154194752e-01
  1.644512291245843e-01
  1.697226379602444e-01
  1.736697151485460e-01
  1.665073652520695e-01
  1.655545223813820e-01
  1.629310061040099e-01
  1.610803476678581e-01
  1.591520911944568e-01
  1.582555663444433e-01
  1.569371205211009e-01
  1.582660789102416e-01
  1.636459591401476e-01
  1.702814438257301e-01
  1.787272704377029e-01
  1.848703831729218e-01
  1.754726179962264e-01
  1.768814705731442e-01
  1.799298178611727e-01
  1.853544591924887e-01
  1.912214864368769e-01
  1.942663471468766e-01
  1.941079316992099e-01
  1.905121197190615e-01
  1.939840179394950e-01
  1.881868255135957e-01
  1.915632453250564e-01
  1.954015376925992e-01
  2.027617287020634e-01
  2.137011452771064e-01
  2.251813327486629e-01
  2.360481236674311e-01
  2.330906794608693e-01
  2.447093952579304e-01
  2.526818910663317e-01
  2.378634147358744e-01
  2.351541714098601e-01
  2.319134564325540e-01
  2.231948100458372e-01
  2.170875343003317e-01
  2.143199613527542e-01
  2.014903669756899e-01
  1.932579154803308e-01
  1.928417299395080e-01
  1.943905786281680e-01
  1.972553968769575e-01
  2.019236462557106e-01
  2.075102282603606e-01
  2.149730974714097e-01
  2.214782039336241e-01
  2.144225740738246e-01
  2.155990410121564e-01
  2.158389237136205e-01
  2.107400488927932e-01
  2.104147763080906e-01
  2.140711524241370e-01
  2.167785049952406e-01
  2.232048213989735e-01
  2.370327304987704e-01
  2.531366811390141e-01
  2.680299733323771e-01
  2.618920237481129e-01
  2.637723192438543e-01
  2.690454328636358e-01
  2.692492708624667e-01
  2.666871302644045e-01
  2.630816785509159e-01
  2.499658581468189e-01
  2.370603920719094e-01
  2.323392450600676e-01
  2.291706961660992e-01
  2.288919492146820e-01
  2.347175126795315e-01
  2.468249110886903e-01
  2.660490875510872e-01
  2.936420534545732e-01
  3.242763334446087e-01
  3.443681763459723e-01
  3.668259082604574e-01
  3.934428515415452e-01
  4.219652186844418e-01
  4.474898843231632e-01
  4.907880193761427e-01
  5.371093320013733e-01
  5.476049594605286e-01
  5.565407623882026e-01
  5.768136688718333e-01
  6.177286792270844e-01
  6.752942154644695e-01
  7.102990890232869e-01
  7.154024280460682e-01
  7.439087145864978e-01
  7.979378545851361e-01
  8.597193154921796e-01
  8.797387078033118e-01
  8.597327783887633e-01
  8.219137545164932e-01
  8.096533130420454e-01
  8.192868028040627e-01
  8.390275277658309e-01
  8.638667932833390e-01
  9.096840937629366e-01
  9.842544184564063e-01
  1.017761253732591e+00
  1.126166532176025e+00
  1.280467171233943e+00
  1.440531900968241e+00
  1.636018709629305e+00
  1.720886819298891e+00
  1.910654117117525e+00
  2.152933921329204e+00
  2.268552755955636e+00
  2.519714228947165e+00
  2.843767599132832e+00
  3.011811899223204e+00
  3.047656868696476e+00
  3.207647004788195e+00
  3.473973731229059e+00
  3.756545481081309e+00
  4.121111553874162e+00
  4.669100634985614e+00
  5.317082219921817e+00
  5.889031122360959e+00
  6.435839347301773e+00
  7.236156353089475e+00
  8.192825387407606e+00
  8.086442332100072e+00
  8.247115109971826e+00
  8.758986632316050e+00
  9.322704471755920e+00
  9.614762357802041e+00
  9.346961765809770e+00
  8.983674507301821e+00
  8.849192693442218e+00
  8.383548927617896e+00
  7.675920202202623e+00
  7.110714895651519e+00
  6.718024897636305e+00
  6.406754076329524e+00
  6.124327791782982e+00
  6.019283595436717e+00
  6.017021821114525e+00
  6.185523493556889e+00
  6.286425081812951e+00
  5.918488057259689e+00
  5.805983646728307e+00
  5.833766591894641e+00
  5.801751556324506e+00
  5.760301555887652e+00
  5.819938636800638e+00
  5.688379656299028e+00
  5.174638446635001e+00
  4.829127245310676e+00
  4.507794308491811e+00
  4.160917538464770e+00
  3.892613482439339e+00
  3.673755419609926e+00
  3.471019305239493e+00
  3.333868891017891e+00
  3.269125834032216e+00
  3.211534428827737e+00
  3.070327851104405e+00
  2.903932314922662e+00
  2.761659553361576e+00
  2.622290325273215e+00
  2.494353803262878e+00
  2.373383291363123e+00
  2.250429190763157e+00
  2.133115715886301e+00
  2.043180529270734e+00
  1.981245298414794e+00
  1.938869148982304e+00
  1.915790741823467e+00
  1.910669989007012e+00
  1.919888693308949e+00
  1.909612742763592e+00
  1.818901890608278e+00
  1.758420516320622e+00
  1.705047880662720e+00
  1.658110574100724e+00
  1.616742934002101e+00
  1.571395737473106e+00
  1.491137135402975e+00
  1.427560257243013e+00
  1.378818888329489e+00
  1.332545796502027e+00
  1.288296849807059e+00
  1.245671323126312e+00
  1.201319453432169e+00
  1.160412762032879e+00
  1.125166333254241e+00
  1.091669514571686e+00
  1.059797573254204e+00
  1.029452645759897e+00
  1.000578716488505e+00
  9.731490896862562e-01
  9.472113995036392e-01
  9.226050230272589e-01
  8.992881236443884e-01
  8.771858454513959e-01
  8.562420110688033e-01
  8.360787207373210e-01
  8.155838078452738e-01
  7.962866008000730e-01
  7.777456296963884e-01
  7.599274077935571e-01
  7.427833281247596e-01
  7.262616381400379e-01
  7.101284353863698e-01
  6.946623717283611e-01
  6.799872849444892e-01
  6.658637876177385e-01
  6.522621569342638e-01
  6.391566701142887e-01
  6.266741021136091e-01
  6.149456401133773e-01
  6.038376546506787e-01
  5.933196646301939e-01
  5.833672370834544e-01
  5.742870745994396e-01
  5.659426428853633e-01
  5.565285195577100e-01
  5.485729242202798e-01
  5.412859222786365e-01
  5.346438972559767e-01
  5.276416079348112e-01
  5.169094744225926e-01
  5.077193864047038e-01
  4.989123485973062e-01
  4.907048536019050e-01
  4.826682847458975e-01
  4.747251259782392e-01
  4.661355285294139e-01
  4.581009503071530e-01
  4.511386730368043e-01
  4.443642367337468e-01
  4.377705809574995e-01
  4.313523554633298e-01
  4.251031425148427e-01
  4.190169896432627e-01
  4.130882301976981e-01
  4.073109422249699e-01
  4.016796978745686e-01
  3.961898855340878e-01
  3.908363232534405e-01
  3.856139179583873e-01
  3.805174537145710e-01
  3.755427107419984e-01
  3.706855129305314e-01
  3.659421186802377e-01
  3.613083671676244e-01
  3.567804978847923e-01
  3.523550330579528e-01
  3.480285846995784e-01
  3.437983817578006e-01
  3.396614988380941e-01
  3.356148274820984e-01
  3.316556488163093e-01
  3.277812037657690e-01
  3.239888563083608e-01
  3.202760649109265e-01
  3.166405255152052e-01
  3.130799306743791e-01
  3.095922222281708e-01
  3.061752208864432e-01
  3.028267873656672e-01
  2.995450474991023e-01
  2.963281559113374e-01
  2.931743167739354e-01
  2.900817896605703e-01
  2.870488461098394e-01
  2.840738133353861e-01
  2.811551613940041e-01
  2.782913937428985e-01
  2.754810224851085e-01
  2.727225915019013e-01
  2.700147109220100e-01
  2.673560594695028e-01
  2.647453438304889e-01
  2.621813138827693e-01
  2.596627544159604e-01
  2.571884822502814e-01
  2.547573521160988e-01
  2.523682798438026e-01
  2.500202101686833e-01
  2.477121158003271e-01
  2.454430113961949e-01
  2.432119555678210e-01
  2.410180287093928e-01
  2.388603429775080e-01
  2.367380399089356e-01
  2.346502798331713e-01
  2.325962502216303e-01
  2.305751689756869e-01
  2.285862768227218e-01
  2.266288332828259e-01
  2.247021199329007e-01
  2.228054376984961e-01
  2.209381090019370e-01
  2.190994773171789e-01
  2.172889061229040e-01
  2.155057764458879e-01
  2.137494862930012e-01
  2.120194513586789e-01
  2.103151038692814e-01
  2.086358920070230e-01
  2.069812799418217e-01
  2.053507474304666e-01
  2.037437880769357e-01
  2.021599093556923e-01
  2.005986324247197e-01
  1.990594911431119e-01
  1.975420319062332e-01
  1.960458134927858e-01
  1.945704062710961e-01
  1.931153918340905e-01
  1.916803627532706e-01
  1.902649219307664e-01
  1.888686826398863e-01
  1.874912684352163e-01
  1.861323124745770e-01
  1.847914569859911e-01
  1.834683534149849e-01
  1.821626619285375e-01
  1.808740511400495e-01
  1.796021980284207e-01
  1.783467875548096e-01
  1.771075122014826e-01
  1.758840719120419e-01
  1.746761740634601e-01
  1.734835470361068e-01
  1.723059242971698e-01
  1.711430202691205e-01
  1.699945672058510e-01
  1.688603049803558e-01
  1.677399799293079e-01
  1.666333082360206e-01
  1.655399251241166e-01
  1.644598299646979e-01
  1.633927054073081e-01
  1.623383254285167e-01
  1.612964685244561e-01
  1.602669159493834e-01
  1.592494207691582e-01
  1.582438377435316e-01
  1.572499916428943e-01
  1.562676417022092e-01
  1.552965954291770e-01
  1.543366645446899e-01
  1.533876648604225e-01
  1.524494161653787e-01
  1.515217421255096e-01
  1.506044701832455e-01
  1.496991861076566e-01
  1.489148770014845e-01
  1.483430035432853e-01
  1.479927466062845e-01
  1.479481675022732e-01
  1.480886844472095e-01
  1.483893690640827e-01
  1.485498807911038e-01
  1.476539834375531e-01
  1.472740071790314e-01
  1.461191857155300e-01
  1.463984953401856e-01
  1.470065450649476e-01
  1.478504188211936e-01
  1.486231720388762e-01
  1.496098603787599e-01
  1.492506600893949e-01
  1.456411881319433e-01
  1.446239747355569e-01
  1.436762978580317e-01
  1.428763581426103e-01
  1.420896348394584e-01
  1.410389021539734e-01
  1.395947772443673e-01
  1.399176101571175e-01
  1.420380948723583e-01
  1.441428334992945e-01
  1.474349716972321e-01
  1.514182478344660e-01
  1.545714964253034e-01
  1.521921915515013e-01
  1.529211030680824e-01
  1.497469656846391e-01
  1.490286433020447e-01
  1.493611780896851e-01
  1.508903545150234e-01
  1.519438885154498e-01
  1.540486441348324e-01
  1.586301587499946e-01
  1.659503611129300e-01
  1.745783947738865e-01
  1.780983184366123e-01
  1.856592576761220e-01
  1.833782084469452e-01
  1.875598251687758e-01
  1.895353249197868e-01
  1.939616497686189e-01
  1.916066342565176e-01
  1.888977153345981e-01
  1.890669775518855e-01
  1.900014294201831e-01
  1.960122371875986e-01
  2.005454998968910e-01
  1.922693693010004e-01
  1.915263073113713e-01
  1.949969675514006e-01
  1.977797174622683e-01
  1.986220118786649e-01
  2.035820573482472e-01
  2.060856555950895e-01
  2.092393452984566e-01
  2.069220822424135e-01
  2.067805413846796e-01
  2.245578506405091e-01
  2.519687804864937e-01
  2.924577284092338e-01
  3.465926903343001e-01
  4.227467829378347e-01
  5.145378589309249e-01
  5.624102156701414e-01
  6.794991189702718e-01
  8.037177458192132e-01
  9.258076280271729e-01
  1.055018752846661e+00
  9.875946430274269e-01
  9.544904859375518e-01
  9.733665164030325e-01
  1.030974524360229e+00
  1.105126922297524e+00
  1.211108863668071e+00
  1.281846328947371e+00
  1.213285618359317e+00
  1.199436816734605e+00
  1.222317115615705e+00
  1.234320979325843e+00
  1.264945342428113e+00
  1.307911239458008e+00
  1.370893361335179e+00
  1.450427111142240e+00
  1.488950739424360e+00
  1.648119340685464e+00
  1.894634233857404e+00
  2.193490413366050e+00
  2.357724719744040e+00
  2.642359693923923e+00
  2.989474462763397e+00
  3.065512041133372e+00
  3.271258605590770e+00
  3.612004343999815e+00
  4.033898455879708e+00
  4.387491984793571e+00
  4.375187376844815e+00
  4.188312299754260e+00
  4.134565202809766e+00
  4.135117201904584e+00
  4.194635171486530e+00
  4.290057258741277e+00
  4.433056402321661e+00
  4.589953480005477e+00
  4.724172215071584e+00
  5.116977865407629e+00
  5.727189952904123e+00
  6.195056449884105e+00
  6.159071944077318e+00
  6.435338511577146e+00
  6.902178541095493e+00
  7.183980187631061e+00
  7.080318714618089e+00
  6.791284152747949e+00
  6.615336007588946e+00
  6.572252158417658e+00
  6.253100553074217e+00
  6.093462073304998e+00
  6.059823708496669e+00
  6.117162894050635e+00
  6.048174298545373e+00
  5.970125624215667e+00
  5.802996916149134e+00
  5.822282674411278e+00
  5.934573423841465e+00
  5.744467216692690e+00
  5.458707632185114e+00
  5.300950281686651e+00
  5.173001404362912e+00
  5.186155680121665e+00
  5.416601054264895e+00
  5.666260847588439e+00
  6.088939383234653e+00
  6.575569915554210e+00
  6.965531755843108e+00
  6.664484176332455e+00
  6.133258823823988e+00
  5.755778151554829e+00
  5.535419736808797e+00
  5.463049080242351e+00
  5.543080921098221e+00
  5.687953980582394e+00
  5.713755736747105e+00
  5.483587861336155e+00
  5.428989203572232e+00
  5.421095230868332e+00
  5.159072408380191e+00
  4.868834459601202e+00
  4.697595572322371e+00
  4.573805743386648e+00
  4.438773906101418e+00
  4.470554241124112e+00
  4.620741470716068e+00
  4.836862181785132e+00
  4.900535354727781e+00
  5.159045805727298e+00
  5.477712816428465e+00
  5.679408777950035e+00
  5.900754522028190e+00
  5.557986518354820e+00
  5.311143606287390e+00
  4.929716851695950e+00
  4.696779025434781e+00
  4.529990351601220e+00
  4.422587265646972e+00
  4.248757328269469e+00
  4.079393360502051e+00
  3.963156581657282e+00
  3.715347845376992e+00
  3.569464709850109e+00
  3.468052101220596e+00
  3.400130325285373e+00
  3.395967099744618e+00
  3.410382669407904e+00
  3.252629624289715e+00
  3.173052061421981e+00
  3.144541202992762e+00
  3.103621629074085e+00
  2.903755731552505e+00
  2.747096305082810e+00
  2.583140001389714e+00
  2.435971151190997e+00
  2.315848553431642e+00
  2.201519708399095e+00
  2.077668503691545e+00
  1.967531080101682e+00
  1.881207658565155e+00
  1.800768803702434e+00
  1.725697378637207e+00
  1.655622774268512e+00
  1.590209239834765e+00
  1.529076046946717e+00
  1.471848106884628e+00
  1.418185502390048e+00
  1.367742629821361e+00
  1.320269425457473e+00
  1.275531128282364e+00
  1.233302584069972e+00
  1.193402636875433e+00
  1.155649290051519e+00
  1.119884440496643e+00
  1.085976021428873e+00
  1.053796532172180e+00
  1.023199857717284e+00
  9.941020779738969e-01
  9.664136579523406e-01
  9.403006237196812e-01
  9.159517101962532e-01
  8.931334184857423e-01
  8.717392304345288e-01
  8.517022381207154e-01
  8.329474454197701e-01
  8.146371458895957e-01
  7.941090939191621e-01
  7.754687453815328e-01
  7.575617745951962e-01
  7.403419793697382e-01
  7.237544533892387e-01
  7.077159567230562e-01
  6.917064759538565e-01
  6.778777465387785e-01
  6.679797026631163e-01
  6.604388522974400e-01
  6.551056415297416e-01
  6.519191758907729e-01
  6.508396896212513e-01
  6.477062605934196e-01
  6.283156287333194e-01
  6.159993921355194e-01
  6.039808300347190e-01
  5.921972236630395e-01
  5.805374614543256e-01
  5.687140757764438e-01
  5.537988247263010e-01
  5.406072703608303e-01
  5.312166558153232e-01
  5.221165970878202e-01
  5.132939629735231e-01
  5.047373986461469e-01
  4.964328696404960e-01
  4.883685165645838e-01
  4.805357230807743e-01
  4.729253562730730e-01
  4.655286892578243e-01
  4.583385433507091e-01
  4.513473720074038e-01
  4.445479375139407e-01
  4.379337525971407e-01
  4.314979852742027e-01
  4.252343164450419e-01
  4.191368162165057e-01
  4.131997791993487e-01
  4.074182608567909e-01
  4.017867746087705e-01
  3.962986163595842e-01
  3.909482993324744e-01
  3.857308164003894e-01
  3.806413116273776e-01
  3.756752477670561e-01
  3.708282145013024e-01
  3.660955999163864e-01
  3.614731919683081e-01
  3.569573015792398e-01
  3.525443998896656e-01
  3.482311097389534e-01
  3.440141976800735e-01
  3.398905664901933e-01
  3.358572481417455e-01
  3.319113972013236e-01
  3.280502846265584e-01
  3.242712919334703e-01
  3.205719057086505e-01
  3.169497124429920e-01
  3.134023936653106e-01
  3.099277213557013e-01
  3.065235536203465e-01
  3.031878306104143e-01
